561 0.190625 0.73125 0.26875 0.4421875
561 0.19921875 0.40859375 0.25546875 0.09140625
561 0.1640625 0.4828125 0.2359375 0.06015625
561 0.44765625 0.38046875 0.22421875 0.08671875
561 0.45234375 0.44140625 0.221875 0.06640625
561 0.44375 0.496875 0.23203125 0.0828125
561 0.4875 0.7546875 0.234375 0.44765625
557 0.6492768515625 0.48546023906249997 0.6502247015625 0.9102379468749999 0.7525924390625 0.8917246343749999 0.734109375 0.45666175000000003 0.6492768515625 0.48546023906249997
557 0.74098515625 0.49995275 0.7603806015625 0.894245384375 0.81460868125 0.9200161437500001 0.7920466328125 0.685502225 0.74098515625 0.49995275
557 0.7619639031250001 0.5016708015625 0.7611722515625 0.5008117765625 0.8189627609375 0.926888346875 0.8886280328125 0.88651415625 0.8027339187500001 0.505106903125 0.7619639031250001 0.5016708015625
557 0.9673972875000001 0.8427038640625 0.9036693984375 0.499093725 0.809090821875 0.486318478125 0.9012944453125 0.9148619921875 0.9673972875000001 0.8427038640625