497 0.2952440703125 0.9167738 0.26704337031250003 0.7344182484374999 0.1789881203125 0.7344182484374999 0.1766860234375 0.743161321875 0.21351959062499998 0.9592401609375001 0.2952440703125 0.9167738
497 0.4368230984375 0.9654852140625 0.40344267812499995 0.693200896875 0.28833777656250004 0.75440241875 0.287186728125 0.75440241875 0.32286924687499996 1 0.4368230984375 0.9654852140625
497 0.4586930296875 0.72942220625 0.4586930296875 0.7344182484374999 0.4270391828125 0.81310591875 0.4368230984375 0.93800698125 0.474807715625 0.75440241875 0.4586930296875 0.72942220625
497 0.6301993328125 0.766892525 0.6290482828124999 0.766892525 0.6440119203125 0.9692322453125 0.707895140625 0.9679832359375 0.74760633125 0.74565934375 0.6301993328125 0.766892525
497 0.7665986390625 0.8330900874999999 0.7631454921875 0.8318410765625 0.7389734640625 0.9330109375 0.8086119281249999 0.9492480765625 0.8782503937499999 0.823098003125 0.7665986390625 0.8330900874999999
497 0.5369643625 0.714434078125 0.5352377890625 0.9879674062499999 0.608904925 0.9754772984375 0.6445874453125 0.6907028765625001 0.5369643625 0.714434078125
560 0.2676188953125 0.256047178125 0.2762517625 0.6182602593750001 0.4235860359375 0.5732958781249999 0.4299168046875 0.24105905156250002 0.2676188953125 0.256047178125
560 0.4379741484375 0.227319934375 0.432218903125 0.5595567609375001 0.5640140140625001 0.53707456875 0.5784021265625 0.214829828125 0.4379741484375 0.227319934375
560 0.5933657640625001 0.23731201875000002 0.5899126171875 0.62950135625 0.714801434375 0.564552803125 0.7199811546875 0.23606300937500002 0.5933657640625001 0.23731201875000002
560 0.583581846875 0.22107488125 0.5824307984375 0.2235729015625 0.570344784375 0.548315665625 0.5847328968750001 0.5095963359375 0.6037252046875 0.2198258703125 0.583581846875 0.22107488125
560 0.7359807359375 0.2348139984375 0.736095840625 0.231066965625 0.7165280078125 0.6070191640625 0.8471720703125 0.6020231218750001 0.8510856375 0.2835254125 0.7359807359375 0.2348139984375