778 0.46796875 0.6234375 0.12890625 0.13046875
778 0.5671875 0.6203125 0.10703125 0.13359375
778 0.6625 0.6125 0.10390625 0.1328125
778 0.7484375 0.60703125 0.096875 0.12109375
778 0.3703125 0.64609375 0.11484375 0.1296875
778 0.09921875 0.8546875 0.1484375 0.16484375
778 0.2515625 0.8078125 0.12890625 0.134375
778 0.3609375 0.79375 0.11640625 0.13984375
778 0.465625 0.78125 0.12734375 0.1578125
677 0.7953125 0.46640625 0.0875 0.09765625
677 0.8734375 0.4640625 0.0703125 0.0984375
677 0.9484375 0.46171875 0.07265625 0.09375
236 0.80390625 0.2125 0.3921875 0.196875
26 0.3546875 0.2046875 0.49921875 0.240625
778 0.5765625 0.90234375 0.3390625 0.10859375
673 0.40546875 0.94765625 0.1203125 0.1046875