677 0.13203125 0.521875 0.14296875 0.1265625
677 0.25625 0.52109375 0.12734375 0.11796875
677 0.36484375 0.52109375 0.11171875 0.1171875
677 0.47265625 0.51875 0.12109375 0.1203125
677 0.58359375 0.51640625 0.12109375 0.1140625
677 0.69609375 0.51875 0.1046875 0.1109375
677 0.128125 0.64375 0.13046875 0.1203125
677 0.25703125 0.6453125 0.12421875 0.115625
677 0.37265625 0.6390625 0.11328125 0.1109375
677 0.48046875 0.63671875 0.11484375 0.1140625
677 0.5921875 0.63203125 0.1171875 0.1078125
677 0.70078125 0.63203125 0.1140625 0.109375
116 0.1515625 0.271875 0.1515625 0.2125
116 0.296875 0.271875 0.146875 0.2078125
116 0.43203125 0.2703125 0.1453125 0.2109375
116 0.5609375 0.2703125 0.14609375 0.203125
116 0.6921875 0.27265625 0.13359375 0.2046875
116 0.19453125 0.90234375 0.1703125 0.1796875
116 0.33359375 0.9046875 0.12890625 0.18984375
116 0.478125 0.90390625 0.1625 0.1921875
116 0.590625 0.89765625 0.13515625 0.19765625
116 0.71484375 0.896875 0.15859375 0.20234375
135 0.43515625 0.06796875 0.69375 0.1265625