929 0.528125 0.08203125 0.25 0.10859375
929 0.52421875 0.17265625 0.26328125 0.1046875
929 0.5203125 0.2625 0.2734375 0.1046875
929 0.52421875 0.35703125 0.284375 0.115625
929 0.2671875 0.08515625 0.25 0.07890625
929 0.26015625 0.16484375 0.25703125 0.09140625
929 0.26484375 0.2578125 0.2578125 0.08984375
929 0.2484375 0.35390625 0.25234375 0.11796875
929 0.7984375 0.0421875 0.2890625 0.078125
929 0.81328125 0.14765625 0.3109375 0.08828125
929 0.81015625 0.24453125 0.3109375 0.096875
929 0.81171875 0.3421875 0.315625 0.10859375