51 0.2140625 0.240625 0.08125 0.1265625
51 0.2828125 0.23671875 0.05703125 0.12265625
51 0.35703125 0.23828125 0.07109375 0.12265625
51 0.43046875 0.240625 0.06328125 0.12421875
51 0.496875 0.2375 0.05390625 0.11953125
51 0.56484375 0.24140625 0.0609375 0.1171875
51 0.6359375 0.23828125 0.0609375 0.12265625
51 0.70546875 0.23984375 0.0515625 0.11796875
51 0.77109375 0.23671875 0.06875 0.12578125
51 0.84140625 0.23359375 0.06484375 0.11875
51 0.415625 0.4109375 0.0640625 0.11640625
51 0.48984375 0.409375 0.078125 0.1171875
51 0.54609375 0.578125 0.05390625 0.09296875
51 0.60859375 0.5953125 0.06171875 0.08671875
51 0.678125 0.59765625 0.05625 0.08046875
51 0.746875 0.59609375 0.0609375 0.08359375
51 0.82109375 0.59296875 0.0609375 0.08046875
51 0.50625 0.78046875 0.0546875 0.084375
51 0.5671875 0.78046875 0.05625 0.075
51 0.6296875 0.7828125 0.0546875 0.06796875
51 0.69375 0.78359375 0.059375 0.07734375
51 0.76484375 0.78046875 0.07109375 0.084375
51 0.17578125 0.415625 0.059375 0.09765625
51 0.16953125 0.60078125 0.06640625 0.09609375
51 0.24375 0.60546875 0.06640625 0.103125
51 0.30390625 0.60703125 0.059375 0.09921875
51 0.2515625 0.4171875 0.09453125 0.1046875
51 0.3390625 0.415625 0.08359375 0.1015625
51 0.42890625 0.05859375 0.07109375 0.11640625
51 0.503125 0.06015625 0.06640625 0.11875
51 0.56953125 0.05546875 0.05625 0.10859375
51 0.63671875 0.0578125 0.06953125 0.10859375
51 0.71171875 0.05703125 0.0640625 0.10234375
51 0.8 0.06171875 0.07421875 0.109375
818 0.14453125 0.06953125 0.09609375 0.10703125
818 0.24609375 0.0703125 0.09609375 0.10546875
818 0.34375 0.0703125 0.08828125 0.10546875
818 0.5796875 0.41796875 0.090625 0.0921875
818 0.671875 0.41484375 0.08359375 0.08203125
818 0.38046875 0.61484375 0.07890625 0.08828125
818 0.20859375 0.7921875 0.06875 0.09296875
818 0.27890625 0.79765625 0.08046875 0.08828125
818 0.35859375 0.80390625 0.07421875 0.08671875
818 0.43671875 0.8 0.0703125 0.0890625
116 0.96171875 0.64765625 0.0765625 0.05546875
116 0.89453125 0.39453125 0.08359375 0.1046875
116 0.9703125 0.39609375 0.059375 0.1046875
116 0.93984375 0.21953125 0.08125 0.1125
116 0.91015625 0.56484375 0.090625 0.11484375
116 0.915625 0.08125 0.0515625 0.07578125
116 0.9734375 0.07734375 0.05 0.0671875
116 0.025 0.6421875 0.04921875 0.1625
116 0.01796875 0.4375 0.02890625 0.1203125