828 0.15225284375 0.280696059375 0.153130196875 0.2602997296875 0.159271803125 0.1023927953125 0.146549946875 0.0783777703125 0.025879184374999996 0.07574598906249999 0.028982846875000003 0.07771983437499999 0.0232799515625 0.278393234375 0.15225284375 0.280696059375
828 0.15692002031250002 0.07327869375 0.152691553125 0.2803670921875 0.2878059515625 0.2793801625 0.27683886874999997 0.0767329046875 0.15692002031250002 0.07327869375
828 0.279548884375 0.050250596875 0.278639959375 0.0555964046875 0.2808649140625 0.168351840625 0.4019415265625 0.1719705359375 0.3927291515625 0.053211357812500006 0.279548884375 0.050250596875
828 0.5098575750000001 0.059790814062499996 0.3943287296875 0.0547739734375 0.40238017031249995 0.1709836328125 0.5146831171875 0.1736154 0.5098575750000001 0.059790814062499996
828 0.4019415265625 0.1719705359375 0.28437439375 0.1686808078125 0.28744516249999996 0.28020259531249997 0.40588965000000005 0.284150259375 0.4019415265625 0.1719705359375
828 0.5177538875 0.1752602640625 0.4036496265625 0.170325671875 0.40676700312499997 0.2831633546875 0.524772846875 0.286124115625 0.5177538875 0.1752602640625
828 0.6515522890625001 0.2874399875 0.6414625593750001 0.1621013515625 0.52920758125 0.1588116234375 0.5173152437499999 0.1785499921875 0.524772846875 0.2874399875 0.5383719874999999 0.286453084375 0.6515522890625001 0.2874399875
828 0.6182124 0.1627593125 0.612509503125 0.076239453125 0.5225794296874999 0.07097588125 0.5138555171875 0.09425070937499999 0.5173152437499999 0.175918225 0.5269662625 0.1604564875 0.6182124 0.1627593125
828 0.7313778281250001 0.19286030468749998 0.71909475 0.0964712859375 0.6335515093749999 0.0918656625 0.6160041781250001 0.11653862343750002 0.6207716796875 0.1612789203125 0.6423251750000001 0.162923784375 0.6436411718749999 0.1895705765625 0.7313778281250001 0.19286030468749998
828 0.728307059375 0.1971369609375 0.644348065625 0.1908864734375 0.6510988421875 0.2859596203125 0.737080725 0.28924934687500004 0.728307059375 0.1971369609375
828 0.6318750390625001 0.41270915781250006 0.8241035703125 0.41354969375 0.814015759375 0.3416828328125 0.631251653125 0.33947638750000003 0.6060950875 0.36227626874999996 0.6128202671875 0.42447681406250004 0.6318750390625001 0.41270915781250006
828 0.8308847328125 0.4156010671875 0.7338856453125 0.41427249218749995 0.7387577734375 0.5122563625 0.84018604375 0.5109277624999999 0.8308847328125 0.4156010671875
828 0.6231560640625 0.4896702390625 0.6324573421874999 0.4923274390625 0.6333431984375 0.5135849359375 0.7405294203125 0.51391710625 0.733605771875 0.4152689234375 0.6315715187500001 0.41261175000000005 0.6182839687499999 0.4229083546875 0.6231560640625 0.4896702390625
828 0.5141981609374999 0.457451825 0.515083984375 0.49265958281250005 0.6266993890625 0.49000238281249997 0.6178410234375 0.4235726421875 0.5133123046875 0.424901240625 0.5022393468749999 0.44283727656250005 0.503568115625 0.45911256875 0.5141981609374999 0.457451825
828 0.51242648125 0.45977685625 0.41751091718750005 0.460939371875 0.41985654375000003 0.5175707359375 0.515083984375 0.5172385921875 0.51242648125 0.45977685625
828 0.45554841718750005 0.45379816875 0.4520051234375 0.3398711640625 0.3957544421875 0.31197067968750003 0.30402677499999997 0.3280798875 0.30894245625 0.434865703125 0.41568576718749994 0.43386924687499995 0.41745748125000004 0.4528017375 0.45554841718750005 0.45379816875
828 0.4152428890625 0.432872815625 0.2935087328125 0.43519784687499996 0.2938832609375 0.5195636234375 0.4183433046875 0.5182350234374999 0.4152428890625 0.432872815625
828 0.28901113125 0.433204959375 0.30052703593749996 0.43420141562500003 0.296097853125 0.334224646875 0.2852050140625 0.3093965234375 0.15702149062499998 0.30599200625 0.16100776249999998 0.43586215937499995 0.28901113125 0.433204959375
828 0.29422274375 0.5212243671875 0.29289397500000003 0.437190746875 0.2893506140625 0.434201403125 0.1612028296875 0.4389345203125 0.15957553124999999 0.5673930421875 0.1710914 0.5218886546875 0.29422274375 0.5212243671875
828 0.15736093906249998 0.43619429062500004 0.026682603125 0.4372737765625 0.0240425296875 0.580678990625 0.1600184421875 0.578021790625 0.15736093906249998 0.43619429062500004
828 1 0.48004098125 0.8413278562500001 0.47984747812500006 0.83665711875 0.48139552031250005 0.8384894234375 0.51061498125 0.84700471875 0.51061498125 1 0.5080994078125001 1 0.48004098125
828 0.9249326765625 0.47965395937500005 0.91951386875 0.4334059375 0.83246448125 0.43398645468749997 0.835650971875 0.48139552031250005 0.842618053125 0.4788799453125 0.9249326765625 0.47965395937500005
828 0.7795325640625 0.2615238859375 0.7836612140625 0.26036285000000003 0.9266151671875 0.2659745375 0.9317759593750001 0.239464153125 0.9137131859375 0.17193042812499998 0.7270034984375 0.2027463203125 0.73437563125 0.2638459703125 0.77979061875 0.26481350312499996 0.7795325640625 0.2615238859375
253 0.7235401515625 0.1035742953125 0.71992759375 0.1047353375 0.7311961375 0.1819443828125 0.81901483125 0.1875560703125 0.861849384375 0.180202821875 0.85539839375 0.11847428906249999 0.7235401515625 0.1035742953125
253 0.7199288375 0.10415482031250001 0.7235413953125 0.1035742953125 0.8474004328125 0.11789377031249999 0.844045909375 0.057132760937500006 0.708575090625 0.0395236828125 0.6861256515624999 0.05810029375 0.690237284375 0.093898975 0.712961775 0.09447950000000001 0.7181225671875 0.0952535296875 0.7199288375 0.10415482031250001
828 0.8620305234375 0.17952555312500001 0.9133804124999999 0.17197880000000001 0.929636915625 0.232352803125 0.9975013046875001 0.2335138390625 0.983051109375 0.11837753749999999 0.84762248125 0.1137333796875 0.8470642187499999 0.1174100046875 0.856353640625 0.11857104062499998 0.8620305234375 0.17952555312500001
480 0.4345475296875 0.60915124375 0.3101451375 0.614038903125 0.31635204375 0.6250892671875 0.32289709218749996 0.7604562203125 0.45835120625 0.750255878125 0.4489997625 0.61595146875 0.4345475296875 0.60915124375
480 0.333945034375 0.835471171875 0.467415496875 0.8269708921875001 0.4605026078125 0.7504683828125 0.32374345312499997 0.7568435906250001 0.328560871875 0.8339836296875 0.333945034375 0.835471171875
480 0.5746632968750001 0.600119696875 0.5641783218749999 0.5969320921875 0.4399602671875 0.6056980046875 0.44884397812500004 0.6120200890625 0.4570619296875 0.7454744718749999 0.591382509375 0.73463661875 0.5746632968750001 0.600119696875
480 0.6801300859375 0.595019534375 0.576697559375 0.6033073015625 0.5778310703125 0.6101075265625 0.591433165625 0.7342115953125 0.59084021875 0.734264725 0.59795081875 0.740161796875 0.7215031140625 0.7299614562500001 0.7013833453125 0.600332209375 0.6801300859375 0.595019534375
480 0.7048398078125 0.607823075 0.7218424140625 0.7346897484375 0.8394438031250001 0.7264019734375 0.8255583140624999 0.5991102921875 0.8065720781250001 0.5914600359375 0.70143929375 0.5991102921875 0.7048398078125 0.607823075
480 0.9190726546875 0.7183267015625 0.9064130765625 0.6176515234375 0.8272585921875001 0.622486059375 0.83802691875 0.7238518796875 0.9190726546875 0.7183267015625
480 0.8389451093750001 0.7231612390625 0.845462784375 0.8020013234375 0.9639142906249999 0.7937135484375 0.9554129859374999 0.71806106875 0.92164274375 0.70929515625 0.9171571203125 0.7104108203124999 0.9205576328125 0.7165735171875001 0.8389451093750001 0.7231612390625
480 0.7244608828125 0.809651571875 0.8463129234375 0.802426346875 0.8380566671875 0.7262957140624999 0.7207769765625 0.7337865875 0.715109440625 0.737186696875 0.7244608828125 0.809651571875
480 0.72038225 0.730707853125 0.5971917 0.7407692390625 0.5919063 0.737110553125 0.5992245484375001 0.8176016125000001 0.7244194859374999 0.8095220125000001 0.7148935671875 0.7375678875 0.7213986734375 0.7336043140624999 0.72038225 0.730707853125
480 0.472804109375 0.8257193125000001 0.6000603531250001 0.8177921687499999 0.5912840296875 0.7352049875 0.462436575 0.7458380421874999 0.467925271875 0.82587175625 0.472804109375 0.8257193125000001
480 0.0363121140625 0.7968009609375 0.039336635937499996 0.8905496546875 0.12939999062500002 0.88651745625 0.137801425 0.8431712906250001 0.1630057515625 0.84291928125 0.1588519578125 0.7844523375 0.0504265125 0.79453284375 0.04773806875 0.7854603921875001 0.0363121140625 0.7968009609375
480 0.0526949609375 0.7946588578125 0.15620061093749998 0.7845783515625 0.162249653125 0.774497846875 0.1622121265625 0.674511825 0.047318048437499996 0.6807491437500001 0.048998334375 0.785838415625 0.0526949609375 0.7946588578125