154 0.13359375 0.81484375 0.1734375 0.178125
154 0.3265625 0.86015625 0.18203125 0.18515625
154 0.54921875 0.91328125 0.21484375 0.1734375
154 0.84375 0.93984375 0.2875 0.1203125
154 0.12421875 0.64453125 0.11171875 0.10078125
698 0.29296875 0.6625 0.18984375 0.16484375
61 0.79296875 0.753125 0.084375 0.15234375
231 0.94609375 0.53671875 0.10703125 0.14921875
231 0.77109375 0.51484375 0.096875 0.13359375
231 0.85703125 0.5140625 0.059375 0.13203125
231 0.6640625 0.5234375 0.11015625 0.0671875
231 0.5234375 0.525 0.1 0.07734375
64 0.43359375 0.4953125 0.08125 0.13203125
64 0.37109375 0.4890625 0.03828125 0.13359375
64 0.31953125 0.48359375 0.06328125 0.1328125
221 0.23203125 0.475 0.05 0.1078125
698 0.06796875 0.46015625 0.128125 0.12421875
649 0.05625 0.25234375 0.1 0.13671875
576 0.69375 0.2 0.109375 0.20546875
576 0.81484375 0.196875 0.12890625 0.20859375
576 0.94453125 0.19453125 0.09140625 0.221875
655 0.571875 0.24140625 0.1 0.121875
655 0.4609375 0.2390625 0.07578125 0.13046875
655 0.215625 0.25859375 0.05390625 0.11328125
655 0.265625 0.25234375 0.0484375 0.11953125
655 0.32109375 0.25078125 0.06015625 0.11953125
154 0.0671875 0.0421875 0.13359375 0.0796875
61 0.68828125 0.7625 0.06640625 0.128125
61 0.621875 0.75703125 0.05078125 0.103125
61 0.56171875 0.74296875 0.03671875 0.09609375