167 0.16171875 0.2375 0.23515625 0.321875
167 0.4078125 0.26171875 0.196875 0.2828125
167 0.68203125 0.315625 0.22109375 0.1859375
167 0.85390625 0.29609375 0.11484375 0.16796875
58 0.10078125 0.50703125 0.1390625 0.1078125
58 0.2578125 0.51875 0.15625 0.134375
58 0.428125 0.521875 0.15703125 0.12890625
58 0.59453125 0.525 0.14453125 0.11640625
58 0.7546875 0.52109375 0.15 0.1109375
58 0.90703125 0.5171875 0.128125 0.09296875
58 0.04453125 0.7328125 0.0890625 0.13828125
58 0.19296875 0.72890625 0.19296875 0.14140625
58 0.38828125 0.734375 0.18203125 0.12421875
58 0.578125 0.74140625 0.19296875 0.1453125
58 0.78203125 0.7140625 0.1796875 0.125
58 0.94296875 0.7421875 0.1140625 0.140625
58 0.140625 0.94921875 0.275 0.1015625