645 0.16796875 0.7125 0.23515625 0.128125
645 0.18828125 0.83125 0.221875 0.090625
645 0.42421875 0.796875 0.19296875 0.13828125
645 0.659375 0.81328125 0.21796875 0.13515625
645 0.6078125 0.6703125 0.1875 0.0953125
645 0.4140625 0.66796875 0.159375 0.0953125
645 0.2625 0.56171875 0.1578125 0.08203125
645 0.4390625 0.58515625 0.1359375 0.07890625
645 0.6046875 0.5625 0.16171875 0.0796875
645 0.22265625 0.628125 0.1640625 0.040625
645 0.7234375 0.4171875 0.265625 0.0984375
645 0.4328125 0.41640625 0.27109375 0.09609375
645 0.13984375 0.40859375 0.26484375 0.11171875
645 0.73125 0.30625 0.2609375 0.09609375
645 0.45078125 0.30234375 0.2671875 0.10859375
645 0.19140625 0.3 0.24140625 0.09296875
645 0.1953125 0.2125 0.22265625 0.08359375
645 0.45703125 0.19140625 0.265625 0.10625
645 0.73046875 0.19453125 0.25234375 0.1078125
708 0.59453125 0.97421875 0.23515625 0.05078125