49 0.80390625 0.67109375 0.025 0.071875
49 0.78203125 0.6703125 0.02109375 0.071875
49 0.76171875 0.6703125 0.021875 0.0734375
49 0.74140625 0.6703125 0.02109375 0.0734375
49 0.721875 0.67109375 0.01953125 0.071875
49 0.7015625 0.67109375 0.02109375 0.0703125
49 0.6796875 0.67265625 0.02109375 0.0671875
49 0.659375 0.67109375 0.0203125 0.06640625
49 0.640625 0.67578125 0.01640625 0.06328125
49 0.625 0.67578125 0.01328125 0.06171875
49 0.609375 0.6765625 0.01953125 0.06015625
49 0.58515625 0.675 0.0203125 0.0625
49 0.56484375 0.675 0.0171875 0.0671875
116 0.8 0.51796875 0.025 0.07734375
116 0.77421875 0.5203125 0.02734375 0.07578125
116 0.7484375 0.51875 0.028125 0.0796875
116 0.7234375 0.52109375 0.021875 0.0765625
116 0.70078125 0.521875 0.02421875 0.07265625
116 0.68203125 0.52109375 0.0171875 0.0734375
116 0.6671875 0.52109375 0.015625 0.075
116 0.64921875 0.52109375 0.0234375 0.07421875
116 0.62734375 0.52421875 0.0234375 0.07734375
116 0.61171875 0.525 0.0078125 0.07578125
116 0.59765625 0.521875 0.02421875 0.07421875
55 0.57421875 0.5203125 0.02421875 0.07578125
55 0.546875 0.52265625 0.02734375 0.0734375
55 0.52109375 0.521875 0.02578125 0.07421875
55 0.49921875 0.521875 0.021875 0.07578125
55 0.48203125 0.521875 0.01171875 0.07421875
55 0.465625 0.52421875 0.02421875 0.07578125
55 0.43046875 0.51953125 0.02265625 0.07421875
55 0.4046875 0.52578125 0.02734375 0.0734375
55 0.44765625 0.5234375 0.0125 0.078125
55 0.38125 0.52265625 0.02109375 0.078125
116 0.796875 0.28671875 0.0265625 0.075
116 0.77421875 0.2890625 0.01796875 0.0703125
116 0.75390625 0.28828125 0.021875 0.07265625
116 0.7296875 0.28671875 0.021875 0.07578125
116 0.70703125 0.28671875 0.02265625 0.0796875
116 0.6828125 0.2890625 0.0234375 0.07734375
116 0.65859375 0.28671875 0.025 0.07890625
116 0.6390625 0.28828125 0.01640625 0.08203125
116 0.61953125 0.28984375 0.021875 0.07734375
116 0.590625 0.29453125 0.01953125 0.065625
116 0.56875 0.2953125 0.021875 0.0671875
116 0.5484375 0.2953125 0.02109375 0.06796875
116 0.52734375 0.29609375 0.02109375 0.065625
116 0.49921875 0.2953125 0.0203125 0.06796875
116 0.4671875 0.29609375 0.021875 0.0671875
116 0.48359375 0.29609375 0.009375 0.06484375
116 0.5125 0.2953125 0.00703125 0.06796875
116 0.44375 0.296875 0.02265625 0.06796875
116 0.421875 0.296875 0.02109375 0.06953125
116 0.3984375 0.29609375 0.025 0.0671875
116 0.37421875 0.2953125 0.0234375 0.0765625
116 0.3515625 0.2953125 0.0234375 0.0765625
116 0.32890625 0.2953125 0.021875 0.075
116 0.30625 0.2953125 0.021875 0.078125
116 0.28203125 0.29609375 0.02421875 0.07578125
116 0.1484375 0.29453125 0.021875 0.0765625
116 0.1234375 0.296875 0.02734375 0.07578125
116 0.0984375 0.29609375 0.0234375 0.0765625
116 0.1921875 0.29609375 0.02421875 0.075
116 0.16953125 0.29453125 0.01953125 0.0796875
257 0.3359375 0.8109375 0.03125 0.13671875
257 0.30078125 0.809375 0.03671875 0.13984375
257 0.26953125 0.81171875 0.03046875 0.14375
257 0.40390625 0.8125 0.034375 0.13671875
257 0.44765625 0.8109375 0.03125 0.14453125
257 0.3625 0.80859375 0.02265625 0.1421875
257 0.38125 0.80859375 0.0125 0.146875
257 0.246875 0.8078125 0.01328125 0.14140625
257 0.73515625 0.8359375 0.0265625 0.10625
257 0.71328125 0.82890625 0.01953125 0.11171875
257 0.67109375 0.83203125 0.025 0.1140625
257 0.69296875 0.83046875 0.0171875 0.1125
257 0.60859375 0.8296875 0.02578125 0.1046875
257 0.58203125 0.825 0.02421875 0.121875
257 0.559375 0.825 0.025 0.11796875
257 0.53359375 0.82421875 0.02421875 0.115625
257 0.48203125 0.83046875 0.02109375 0.10546875
257 0.46875 0.82421875 0.009375 0.11640625
257 0.65390625 0.82578125 0.009375 0.11484375
497 0.90390625 0.5984375 0.06015625 0.01640625
497 0.8546875 0.60859375 0.04296875 0.01484375
497 0.921875 0.6796875 0.0640625 0.0171875
497 0.92421875 0.703125 0.065625 0.02109375
497 0.92109375 0.6609375 0.06640625 0.0140625
497 0.92109375 0.64453125 0.06875 0.01640625
497 0.91953125 0.625 0.06953125 0.01875
497 0.85859375 0.625 0.04765625 0.01015625
497 0.86171875 0.70234375 0.05546875 0.02109375
497 0.86171875 0.68203125 0.0546875 0.01953125
497 0.8609375 0.6640625 0.05234375 0.01640625
497 0.8609375 0.64765625 0.05234375 0.01328125
497 0.86015625 0.634375 0.05 0.01171875
27 0.80390625 0.0671875 0.0359375 0.134375
27 0.76328125 0.06796875 0.03515625 0.1359375
27 0.73046875 0.06953125 0.03359375 0.13828125
27 0.69375 0.06953125 0.0375 0.13828125
27 0.65390625 0.07109375 0.03671875 0.13984375
27 0.61796875 0.0703125 0.03515625 0.13984375
27 0.584375 0.0703125 0.034375 0.140625
27 0.5515625 0.07109375 0.03203125 0.1390625
27 0.51953125 0.071875 0.03359375 0.14375
27 0.48046875 0.07265625 0.04375 0.1421875
27 0.4453125 0.07890625 0.02734375 0.1328125
27 0.41484375 0.07265625 0.0328125 0.14296875
27 0.3828125 0.07421875 0.0359375 0.13671875
27 0.33828125 0.07421875 0.03359375 0.1375
27 0.30859375 0.07734375 0.02421875 0.1375
27 0.1828125 0.08046875 0.03515625 0.134375
27 0.28125 0.075 0.03359375 0.140625
27 0.246875 0.07578125 0.03515625 0.13828125
27 0.2140625 0.07734375 0.0296875 0.13828125
27 0.1421875 0.0765625 0.03984375 0.140625
27 0.10546875 0.07890625 0.03515625 0.13671875
27 0.0703125 0.08046875 0.03828125 0.13828125