193 0.29140625 0.08125 0.12890625 0.1625
193 0.484375 0.08046875 0.13515625 0.16015625
193 0.2078125 0.3140625 0.15546875 0.17734375
193 0.62421875 0.3109375 0.1265625 0.16015625
193 0.81640625 0.3078125 0.1046875 0.16796875
193 0.6640625 0.084375 0.05390625 0.16875
193 0.81015625 0.07890625 0.046875 0.15625
193 0.94140625 0.0828125 0.10390625 0.165625
647 0.17109375 0.48125 0.08125 0.05625
647 0.259375 0.47421875 0.07421875 0.0703125
647 0.33125 0.471875 0.06015625 0.06640625
647 0.4015625 0.4703125 0.06640625 0.06328125
647 0.47109375 0.4703125 0.05703125 0.06796875
647 0.54296875 0.4640625 0.0703125 0.0625
240 0.6140625 0.4703125 0.05625 0.05390625
240 0.68125 0.46953125 0.06015625 0.05078125
240 0.68125 0.4203125 0.06484375 0.04765625