116 0.04609375 0.87890625 0.090625 0.22265625
116 0.14296875 0.83046875 0.0859375 0.19140625
116 0.1359375 0.4703125 0.0984375 0.2390625
116 0.22109375 0.49296875 0.07578125 0.13671875
116 0.41328125 0.628125 0.05390625 0.13046875
116 0.03515625 0.16015625 0.06875 0.19375
51 0.228125 0.240625 0.078125 0.1296875
51 0.63984375 0.26953125 0.06875 0.115625
51 0.70625 0.26953125 0.06484375 0.1078125
51 0.7765625 0.2671875 0.05703125 0.11015625
51 0.840625 0.265625 0.05859375 0.1078125
51 0.90859375 0.26484375 0.05546875 0.10546875
51 0.9703125 0.26953125 0.059375 0.1109375
51 0.58515625 0.4234375 0.06484375 0.0859375
51 0.66328125 0.43125 0.06640625 0.0953125
51 0.7359375 0.4375 0.075 0.103125
51 0.8140625 0.42265625 0.065625 0.1046875
51 0.88359375 0.425 0.06015625 0.11640625
51 0.86953125 0.77578125 0.05390625 0.08828125
51 0.92890625 0.775 0.05390625 0.08671875
51 0.84453125 0.10234375 0.0703125 0.125
51 0.91484375 0.09921875 0.06328125 0.11796875
51 0.97421875 0.09765625 0.0515625 0.11171875
51 0.56015625 0.59453125 0.05078125 0.08828125
51 0.62421875 0.6 0.05546875 0.08828125
51 0.684375 0.60703125 0.05390625 0.08828125
818 0.5984375 0.11953125 0.08359375 0.09140625
818 0.68359375 0.11875 0.0703125 0.084375
818 0.76484375 0.11953125 0.08125 0.08515625
818 0.96328125 0.4421875 0.0734375 0.09140625
818 0.75703125 0.6109375 0.07578125 0.07578125
818 0.84375 0.6140625 0.07578125 0.08125
818 0.9234375 0.62109375 0.0796875 0.08125
818 0.58125 0.77109375 0.06875 0.07734375
818 0.65078125 0.778125 0.06640625 0.07265625
818 0.725 0.78203125 0.071875 0.07265625
818 0.80234375 0.7890625 0.0703125 0.075