825 0.8640625 0.23203125 0.15390625 0.165625
825 0.7421875 0.22578125 0.08125 0.15625
825 0.67421875 0.23046875 0.0640625 0.14765625
825 0.21796875 0.81328125 0.13203125 0.12578125
825 0.36015625 0.81328125 0.1203125 0.1078125
825 0.0625 0.796875 0.11796875 0.13125
613 0.2046875 0.640625 0.17421875 0.14921875
613 0.0546875 0.63828125 0.10859375 0.134375
613 0.153125 0.46484375 0.1140625 0.13046875
613 0.28671875 0.46640625 0.128125 0.13984375
613 0.51796875 0.4703125 0.09609375 0.11015625
613 0.6671875 0.4578125 0.1234375 0.1171875
613 0.175 0.24375 0.1203125 0.14296875
613 0.3703125 0.2265625 0.10390625 0.10234375
613 0.49453125 0.24453125 0.11171875 0.12421875
738 0.54296875 0.8265625 0.134375 0.13125
738 0.74296875 0.8234375 0.2 0.11796875
613 0.05078125 0.2484375 0.10078125 0.128125
107 0.93984375 0.628125 0.1203125 0.09375
107 0.94765625 0.7109375 0.1046875 0.059375