904 0.76484375 0.30703125 0.1203125 0.15859375
904 0.9046875 0.32421875 0.121875 0.1578125
927 0.51796875 0.50390625 0.09609375 0.1453125
927 0.425 0.4953125 0.08359375 0.13984375
927 0.34375 0.484375 0.06875 0.1390625
927 0.6671875 0.53984375 0.07421875 0.10078125
927 0.74296875 0.54765625 0.0703125 0.115625
927 0.81484375 0.55390625 0.06015625 0.10390625
927 0.88984375 0.5625 0.06328125 0.10625
927 0.95390625 0.5671875 0.0734375 0.09921875
632 0.55859375 0.69453125 0.084375 0.1140625
632 0.46171875 0.68359375 0.08359375 0.12734375
632 0.38828125 0.6703125 0.06484375 0.12421875
632 0.3171875 0.6640625 0.053125 0.11171875
632 0.25078125 0.6515625 0.06171875 0.11484375
632 0.2171875 0.47734375 0.075 0.128125
632 0.11796875 0.46796875 0.08046875 0.12265625