962 0.13984375 0.17109375 0.1796875 0.15078125
962 0.309375 0.17578125 0.1484375 0.15
962 0.46640625 0.175 0.15390625 0.14765625
962 0.62890625 0.18046875 0.16484375 0.14453125
962 0.77421875 0.17890625 0.115625 0.13828125
962 0.025 0.16953125 0.05 0.146875
828 0.13203125 0.5734375 0.2390625 0.07734375
828 0.4171875 0.57421875 0.3015625 0.07890625
163 0.76484375 0.51484375 0.1890625 0.18515625
166 0.07890625 0.91796875 0.1578125 0.1640625
933 0.334375 0.8828125 0.32890625 0.2296875
933 0.678125 0.896875 0.34296875 0.20625
789 0.925 0.92890625 0.1203125 0.1421875
931 0.94296875 0.6171875 0.1140625 0.140625
483 0.9296875 0.33046875 0.11640625 0.06640625