445 0.10859375 0.1109375 0.2171875 0.115625
445 0.32890625 0.2296875 0.20234375 0.0984375
445 0.11171875 0.2328125 0.21015625 0.10234375
194 0.6765625 0.02890625 0.4890625 0.05703125
194 0.66171875 0.12421875 0.4765625 0.09453125
194 0.66640625 0.2265625 0.4578125 0.09453125
194 0.95546875 0.14140625 0.0890625 0.078125
194 0.95234375 0.23125 0.0953125 0.0875
194 0.584375 0.58359375 0.3578125 0.07109375
194 0.58671875 0.6546875 0.33984375 0.05703125
194 0.88203125 0.6734375 0.23515625 0.06484375
194 0.60390625 0.52734375 0.29296875 0.02265625
194 0.6109375 0.47890625 0.26875 0.021875
194 0.8859375 0.58046875 0.228125 0.0296875
194 0.8859375 0.546875 0.228125 0.025
194 0.88125 0.5125 0.2328125 0.02421875
194 0.92734375 0.9328125 0.1453125 0.09375
194 0.9265625 0.8578125 0.146875 0.04296875
194 0.92421875 0.81640625 0.1515625 0.02890625
194 0.6703125 0.975 0.30546875 0.04140625
194 0.8427088203125 0.9441653765625 0.8388632921875001 0.8748942484375 0.522871315625 0.8501291875 0.5260968453125 0.9210749765624999 0.8427088203125 0.9441653765625
194 0.8452724406250001 0.872007921875 0.8555271171875001 0.8392965265625 0.5341385796875 0.798939765625 0.51584216875 0.8373723578125001 0.8452724406250001 0.872007921875
194 0.54276066875 0.7681012671875 0.5435897140625 0.77548581875 0.536351521875 0.7931158 0.8388632921875001 0.8287134484375 0.8439905328125 0.8008125515625 0.54276066875 0.7681012671875
107 0.44453125 0.84765625 0.1421875 0.06640625
107 0.45 0.90546875 0.1296875 0.04296875
107 0.44765625 0.95 0.11328125 0.05
107 0.29921875 0.83828125 0.1359375 0.07109375
107 0.30703125 0.89375 0.1296875 0.03359375
107 0.3203125 0.940625 0.1203125 0.05390625
107 0.16015625 0.81328125 0.13125 0.06875
107 0.165625 0.875 0.12265625 0.04296875
107 0.19140625 0.92421875 0.11875 0.04296875
107 0.05234375 0.7828125 0.09140625 0.053125
107 0.0453125 0.8453125 0.08671875 0.0625
107 0.0546875 0.90703125 0.1046875 0.05390625
107 0.059375 0.60234375 0.1109375 0.09609375
107 0.1133477453125 0.54296991875 0.09924754218750001 0.437139003125 0.0031103203125 0.43810108750000004 0.0018285093749999999 0.429442196875 0.0005467 0.542007834375 0.1133477453125 0.54296991875
107 0.133857 0.528538428125 0.1735936984375 0.5102585609375 0.1312932828125 0.42366959687500005 0.1351388109375 0.4178970140625 0.0941203015625 0.42559383906250003 0.133857 0.528538428125
107 0.17487550937500002 0.5035238578125 0.2005121015625 0.4929407796875 0.1621794578125 0.410101203125 0.15821178281249998 0.41116234843750005 0.1364206203125 0.4178970140625 0.17487550937500002 0.5035238578125
107 0.2017939109375 0.48620607656250003 0.22614869375 0.47754716718749995 0.194230740625 0.3968800484375 0.194102953125 0.3967308578125 0.16718455000000002 0.4063518515625 0.2017939109375 0.48620607656250003
107 0.22614869375 0.46696407031250003 0.249221665625 0.46215357343749996 0.227430503125 0.38710982656250004 0.2325578421875 0.3832614328125 0.2017939109375 0.3899961171875 0.22614869375 0.46696407031250003