58 0.4375 0.1109375 0.23125 0.2
58 0.2078125 0.11640625 0.21640625 0.18984375
58 0.04921875 0.12109375 0.0984375 0.1953125
58 0.4375 0.4921875 0.15703125 0.1234375
58 0.26796875 0.5109375 0.15703125 0.11953125
58 0.1109375 0.50546875 0.134375 0.121875
163 0.090625 0.85234375 0.17421875 0.17890625
163 0.27578125 0.84609375 0.15546875 0.17109375
163 0.44921875 0.8640625 0.16875 0.16796875
167 0.9359375 0.36953125 0.07421875 0.15859375
167 0.85078125 0.36875 0.07109375 0.16015625
167 0.784375 0.3796875 0.0609375 0.1546875
167 0.71015625 0.38828125 0.0859375 0.1296875
169 0.87109375 0.08359375 0.13515625 0.16015625
169 0.7375 0.0859375 0.115625 0.1671875
169 0.64921875 0.0921875 0.05 0.1703125
58 0.90078125 0.8421875 0.1203125 0.16328125
58 0.76796875 0.8109375 0.0953125 0.125