819 0.67265625 0.228125 0.115625 0.15078125
819 0.79765625 0.246875 0.13125 0.1390625
819 0.9109375 0.2609375 0.09453125 0.121875
819 0.690625 0.47890625 0.10390625 0.14921875
819 0.92734375 0.471875 0.11015625 0.128125
819 0.80703125 0.475 0.12890625 0.1390625
819 0.709375 0.73359375 0.115625 0.1703125
819 0.8933702078125 0.7732069015625 0.8814942390624999 0.630794434375 0.7664044125 0.6379853421874999 0.769445521875 0.801603434375 0.8933702078125 0.7732069015625
819 0.880860571875 0.6164313140625 0.8940198828125 0.7728688531250001 0.9996980140625 0.75089535 0.9926021125 0.6112790859375 0.880860571875 0.6164313140625
819 0.7846446953124999 1 0.7755214078125 0.9055778125 0.667948440625 0.9227037265625 0.6728843765625 1 0.7846446953124999 1
819 0.92764576875 1 0.9175087796874999 0.8690679937500001 0.8947005515625 0.858250271875 0.8038700249999999 0.8859510374999999 0.809549821875 1 0.92764576875 1
819 0.9609375 0.9171875 0.07578125 0.16484375
819 0.0640625 0.16640625 0.128125 0.18515625
819 0.246875 0.18125 0.15703125 0.125
819 0.253125 0.2609375 0.171875 0.02734375
819 0.44453125 0.196875 0.1484375 0.13203125
819 0.4546875 0.275 0.14375 0.02265625
819 0.4640625 0.46484375 0.1546875 0.13359375
819 0.46328125 0.55078125 0.15625 0.03671875
819 0.271875 0.56484375 0.1796875 0.0375
819 0.26640625 0.46875 0.1734375 0.15078125
819 0.0640625 0.578125 0.12734375 0.03671875
819 0.06484375 0.47421875 0.12890625 0.16875
819 0.1302243265625 0.9061967843750001 0.0000768015625 0.9320458109375 0.0002858953125 0.9684809765625 0.1299171484375 0.9434853546875 0.1302243265625 0.9061967843750001
819 0.1342925171875 0.707051290625 0.0000768015625 0.7169819484375 0.0003589921875 0.9327569531250001 0.1401290234375 0.9037382359375 0.1342925171875 0.707051290625
819 0.36325752499999997 0.8586718515625 0.1882576796875 0.8946656624999999 0.18859650781249998 0.9279220265625 0.3635646796875 0.890633471875 0.36325752499999997 0.8586718515625
819 0.3634863078125 0.856940021875 0.35954068437500003 0.6872826546875 0.1853201203125 0.69590260625 0.1893134859375 0.894228575 0.3634863078125 0.856940021875
819 0.5534339265625 0.8205756609374999 0.4136906921875 0.842947925 0.41366562343749996 0.8779426765625 0.556812959375 0.84925916875 0.5534339265625 0.8205756609374999
819 0.414280003125 0.843112703125 0.5546626875 0.8172975484375 0.5458013484375 0.669360665625 0.3823329578125 0.675928821875 0.3866335265625 0.82098541875 0.414280003125 0.843112703125