193 0.2390625 0.0703125 0.1 0.12265625
193 0.3390625 0.07265625 0.08359375 0.13046875
193 0.19140625 0.23203125 0.071875 0.11328125
193 0.39921875 0.24375 0.08125 0.11796875
193 0.546875 0.23984375 0.09296875 0.128125
193 0.74375 0.071875 0.121875 0.13671875
193 0.87421875 0.06953125 0.12421875 0.13203125
193 0.83515625 0.2375 0.13828125 0.15546875
447 0.70078125 0.48828125 0.05546875 0.09296875
447 0.82890625 0.490625 0.0515625 0.08515625
447 0.75625 0.48046875 0.04296875 0.0890625
240 0.7890625 0.3609375 0.04609375 0.03984375
240 0.44609375 0.31484375 0.04609375 0.0390625
240 0.384375 0.303125 0.04609375 0.03984375