748 0.484375 0.31953125 0.0890625 0.15859375
748 0.4 0.31796875 0.07734375 0.15859375
748 0.3203125 0.315625 0.08203125 0.15703125
748 0.31953125 0.13359375 0.08359375 0.20859375
748 0.40078125 0.1375 0.0796875 0.203125
748 0.4890625 0.13828125 0.0765625 0.20546875
635 0.6186242390625 0.20452627343750002 0.6111912203125 0.1933176484375 0.5623917265625 0.1902999390625 0.5494647140625 0.195473153125 0.54914154375 0.2243569140625 0.53265960625 0.24030765 0.5297510234375 0.3980905765625 0.6267409953125 0.3976793953125 0.6309049109375 0.24073874375 0.6186242390625 0.2260813078125 0.6186242390625 0.20452627343750002
635 0.5475498937500001 0 0.5475213734375 0.0112274765625 0.5333016546875 0.0241605015625 0.528454025 0.21039607968750001 0.534271190625 0.2116893953125 0.548490909375 0.20824057499999998 0.5513994921875 0.19315204531250002 0.585656071875 0.189703225 0.6173272390625 0.1961697375 0.618296775 0.2056539765625 0.6212053578125001 0.200480746875 0.6212053578125001 0.1832367125 0.6266993281250001 0.022867195312499998 0.615065021875 0.0103652703125 0.615065021875 0 0.5475498937500001 0
635 0.619274896875 0.2136283703125 0.645128921875 0.21233505468749997 0.6457752640625001 0.1976776515625 0.6958674390625 0.19681542968750002 0.6997455328125 0.056276553124999996 0.69037346875 0.0411880140625 0.6926356859375 0.018770775 0.6822940843749999 0.0058377484375 0.65837910625 0.0058377484375 0.6470679703125 0.0058377484375 0.6299396671874999 0.0123042609375 0.6305860328125 0.039894731249999996 0.6259329218749999 0.04374365625 0.6215371140625 0.178278128125 0.6208907734375 0.20155753281250002 0.619274896875 0.2136283703125
635 0.6294630828125001 0.24278533906250002 0.6314021546874999 0.24709634687499998 0.625908159375 0.39884385624999996 0.71768995625 0.39970607812500003 0.723507121875 0.24192315 0.71768995625 0.2354566375 0.7115496203125 0.22942121875 0.7125191562500001 0.2195059015625 0.7131654968750001 0.2009685765625 0.6999153140625001 0.19622644843749998 0.6860187640625 0.19622644843749998 0.664366028125 0.19751975625 0.645298678125 0.20053745781250001 0.64335963125 0.2229547046875 0.6462682140625 0.2259724140625 0.646591384375 0.23243892812500003 0.6294630828125001 0.24278533906250002
635 0.6999204109375 0.055936951562500004 0.6941032453125 0.1960447671875 0.7037985046874999 0.1960447671875 0.7131705937499999 0.1999246484375 0.7128474234375 0.216306478125 0.739347790625 0.2132888015625 0.741933203125 0.143450425 0.745811296875 0.07921641406249999 0.7435490796875001 0.0731809875 0.73482335625 0.062403465625 0.735469696875 0.0391240203125 0.725128096875 0.0326575109375 0.716079178125 0.0322264 0.7008899468750001 0.0322264 0.69057871875 0.034585501562499996 0.6902251515625 0.0399862171875 0.6973349984375 0.05119485781250001 0.6999204109375 0.055936951562500004
635 0.7711833968749999 0.40023899218750003 0.7737687859375 0.26918430625 0.7724760796875 0.26875321093750004 0.77441515 0.250646971875 0.7776469046875001 0.250215878125 0.7702138625 0.243318253125 0.7702138625 0.2390072453125 0.77441515 0.2390072453125 0.7747383218749999 0.2277986296875 0.77441515 0.21615890312500002 0.7656894015625 0.21486560312499997 0.7559941421875 0.21357229531250002 0.7398353765625 0.21357229531250002 0.71268864375 0.216590021875 0.7123966765625 0.22906160781249998 0.7239997796875 0.2415938609375 0.717213103125 0.3989456765625 0.7711833968749999 0.40023899218750003
748 0.0756575484375 0.0964481109375 0.086264065625 0.11875938281250001 0.086264065625 0.13073127812500002 0.0756575484375 0.154675078125 0.07157811562500001 0.16773533125 0.07157811562500001 0.217255478125 0.0781052015625 0.2885426984375 0.07402576875 0.377787784375 0.0695384 0.3946572734375 0.203751728125 0.393024765625 0.214358246875 0.21888800625 0.22578066875 0.147600796875 0.2229250484375 0.06815088750000001 0.22496476406250002 0.0496488609375 0.22578066875 0.041486201562500005 0.2196615203125 0.0376769609375 0.201304075 0.047472153125 0.18498634687499999 0.055090634375 0.1756036390625 0.055090634375 0.1658129953125 0.0627091140625 0.1515349828125 0.057811520312499996 0.1315457578125 0.0567231671875 0.1005746921875 0.0926184890625 0.0923832140625 0.07849025468750001 0.0838164125 0.0801227921875 0.076881390625 0.0861087453125 0.0756575484375 0.0964481109375
800 0.8637565921875 0.11434616875 0.8548969968750001 0.12134957187499999 0.85456886875 0.1410466875 0.8526000781249999 0.26010480468749997 0.8673660453125001 0.26010480468749997 0.8673660453125001 0.2535391 0.869006709375 0.24916196406250002 0.8929604 0.2469733953125 0.9136327390625001 0.24784882656249999 0.9182266015625 0.13448098125000002 0.9211798 0.1309792765625 0.9198672640625001 0.1139084359375 0.9031325062500001 0.1095313 0.8785225593750001 0.11171986874999999 0.8637565921875 0.11434616875
800 0.7976175140625 0.113585953125 0.7838627625 0.115384796875 0.7717262140625001 0.11934224687499999 0.769568596875 0.213241884375 0.7749626187499999 0.2164798078125 0.7736141125 0.23734641875 0.7706474046875 0.2402245375 0.7711867984375 0.243822225 0.7776596296875 0.2484992296875 0.7911446843750001 0.24526130625000003 0.8081358609375 0.24562106875 0.8264755218750001 0.24562106875 0.8324089593749999 0.1402088375 0.8345665546875001 0.133733003125 0.8339193500000001 0.11742936875000001 0.8251270171874999 0.11286642656250001 0.8124510734375001 0.11286642656250001 0.7976175140625 0.113585953125
800 0.8054424328125 0.24647504687500002 0.7849451328125 0.24755435625 0.7749662015625 0.2497129703125 0.7736176953125 0.2554692640625 0.7725388875 0.26662210937499997 0.7744268062499999 0.2691404796875 0.7711903812500001 0.40009630625000003 0.844549090625 0.40045607031249997 0.8521271953125 0.25140315 0.84535818125 0.2489934296875 0.8318731265625001 0.24683482968749998 0.8256700140625 0.2461152828125 0.8054424328125 0.24647504687500002
800 0.8642372578125 0.4008158328125 0.9381353812500001 0.40261467656249994 0.9456869781250001 0.27057955312500004 0.9481143124999999 0.2533106578125 0.9394838859375 0.248273890625 0.91763808125 0.24647504687500002 0.8955225796875 0.24647504687500002 0.869660678125 0.25050399843750004 0.867203965625 0.256548575 0.8680130765625 0.2651830234375 0.8690918859375 0.2709393234375 0.8642372578125 0.4008158328125
105 0.8842136999999999 0.821157165625 0.906441490625 0.8228515046875 0.9108870250000001 0.8122619296875 0.9166027453125001 0.6877285375 0.9118396531249999 0.6817983859375001 0.9121571625 0.6775625562500001 0.9153325578124999 0.675444640625 0.9162851859375 0.6470645796875 0.91152209375 0.64198158125 0.9019959078124999 0.638592921875 0.889929421875 0.6368985828125 0.8778629109375 0.6356278375 0.867106184375 0.6411128515625 0.8661139578125001 0.680104046875 0.869289353125 0.6898464515625 0.8626210046875 0.81565060625 0.8842136999999999 0.821157165625
105 0.832938840625 0.6314169656249999 0.8216471828125 0.6340529140625 0.8165659484375001 0.63781855 0.81825969375 0.64723264375 0.816001353125 0.6754749140625 0.8191065546875 0.6894077796875 0.8171305234374999 0.7790299375 0.8151544921875 0.80463628125 0.8191065546875 0.8155566046875 0.8560867546875001 0.8170628656250001 0.8628617328124999 0.8076487734375 0.8690721578125 0.6897843375 0.8645554984375 0.680746803125 0.86579050625 0.6419432671874999 0.8538284140625001 0.6332997828125 0.8419721812500001 0.6317935296875 0.832938840625 0.6314169656249999
105 0.7776719171875001 0.818095184375 0.8121114671875 0.8169654828124999 0.815781265625 0.8037857671875 0.8197333499999999 0.688180709375 0.8163458390624999 0.683285390625 0.8163458390624999 0.6719884796875 0.8177572968750001 0.644122753125 0.8118291796875001 0.6396039859375 0.8027958625 0.6365914796875 0.7929156609375 0.6343320953125 0.7841646078125 0.6339555296875 0.7728729484375 0.6358383484375 0.7660979703125 0.6433696234374999 0.765533375 0.6821556875 0.7689208859375001 0.691193215625 0.765533375 0.816212365625 0.7776719171875001 0.818095184375
105 0.7296795546875 0.8184711796874999 0.7621430734375 0.8165883609375 0.7655305625 0.8056680234375 0.7694826484374999 0.690439521875 0.7646837015625 0.681778559375 0.7655305625 0.6448753203125 0.761578478125 0.6380971703125 0.7533920421875 0.6347080984375 0.7449232984374999 0.6347080984375 0.737583703125 0.6328252796875 0.729114959375 0.63320184375 0.720363928125 0.6354612203125 0.7169764390625 0.6392268578125 0.7158472687499999 0.68403794375 0.7175410140625 0.6938286015624999 0.71556498125 0.812446165625 0.7296795546875 0.8184711796874999
105 0.6715275171874999 0.6343315328125 0.66785771875 0.64186280625 0.66672855 0.6787660468750001 0.66785771875 0.6881801390625 0.6664462624999999 0.81093990625 0.66814000625 0.8154586875 0.681125409375 0.819977440625 0.6904410375000001 0.8203539984375 0.7039910359375 0.8192243250000001 0.7107660140625 0.8154586875 0.7152826953125 0.8090570874999999 0.7172587265625 0.6934520281250001 0.7152826953125 0.682155125 0.71556498125 0.6448753203125 0.7133066421875001 0.6392268578125 0.7054024937500001 0.6358377859375001 0.695328734375 0.6334731171875 0.687335834375 0.6335784015625 0.679149378125 0.6328252796875 0.6715275171874999 0.6343315328125
105 0.6191388890625 0.6870549609375 0.61829200625 0.8105678515625 0.6197034640625 0.8184756828124999 0.6614826093749999 0.8203585015625 0.66628155625 0.815463190625 0.6671284390625 0.6885612078125 0.66515240625 0.682159621875 0.6668461515625 0.6452563812500001 0.66515240625 0.6411141875 0.6600711515625 0.6365954203124999 0.652449290625 0.635089165625 0.64200449375 0.6335829125 0.6315597187499999 0.6335829125 0.6219207671875 0.6362965 0.6171628578125 0.6433735625 0.6168805484375001 0.6761346078125 0.6191388890625 0.6870549609375
105 0.5672643749999999 0.687720840625 0.5661352046875 0.807844665625 0.5683935453125 0.8138696796874999 0.6161008078125 0.8123634187500001 0.6177945515625 0.8010665078124999 0.6186414140625 0.685084890625 0.6155362125 0.679059878125 0.6144070421875 0.6429097546875 0.611019553125 0.6361316109375 0.604526840625 0.6323659734375 0.5932351812500001 0.6316128437499999 0.5847664375 0.6323659734375 0.577452478125 0.633002553125 0.572063321875 0.6346253578125001 0.5681112578125 0.6406503703124999 0.5681112578125 0.648558209375 0.5672643749999999 0.687720840625
105 0.5070541875 0.63085859375 0.511288559375 0.634247665625 0.512700015625 0.6368836078125 0.5121354203124999 0.6685149578125 0.5121354203124999 0.6741634125 0.5143937609375 0.6801884406250001 0.512700015625 0.786002834375 0.5505270546875 0.7856262765625 0.552220821875 0.6575946187499999 0.5493979062500001 0.6244570234375 0.5375416515625 0.61541948125 0.5231023484375 0.6165328171875 0.5149583343749999 0.6180554296875 0.50931250625 0.6184319875 0.5056427296875 0.6267163921875001 0.5070541875 0.63085859375
105 0.46717413125 0.6383887421875001 0.46576267343750005 0.6485559578125 0.46576267343750005 0.670773221875 0.4640689078125 0.6798107421874999 0.4637866203125 0.70880615 0.4632220453125 0.78562515 0.5131876265625 0.784872034375 0.5123407656250001 0.6357528078125 0.50263281875 0.6292380421875 0.49088659687499997 0.627468396875 0.48044182187500006 0.627468396875 0.47253765156250005 0.631234034375 0.46717413125 0.6383887421875001
105 0.4124548859375 0.669652540625 0.40878513125 0.7875169750000001 0.456492371875 0.78563415625 0.4581861375 0.7299027328125 0.4576215203125 0.66739315 0.4533871484375 0.6643806421875 0.4531048828125 0.65684936875 0.45621006406250003 0.6527071734375001 0.457056946875 0.623711759375 0.450564234375 0.6191929984375 0.44181322500000003 0.6169336296875 0.4313423890625 0.618415071875 0.42092362968749997 0.6188164484375 0.4124548859375 0.6233352015625 0.41330176874999996 0.6365149234375 0.4124548859375 0.669652540625
105 0.341882040625 0.6304899093749999 0.3328487015625 0.633125859375 0.3257914140625 0.6395274453125 0.32607370156250004 0.6677697218749999 0.327202871875 0.671535359375 0.326638296875 0.680572878125 0.3240976703125 0.6828322703125 0.3218393296875 0.7860107140625 0.3240976703125 0.8033326390625 0.3297434984375 0.821784265625 0.36644139062500003 0.8187717734375 0.37236950625 0.80295608125 0.3757570171875 0.6775603718750001 0.37180493124999997 0.675677553125 0.3712403359375 0.6711587859375 0.3734986765625 0.6681462796875001 0.3737809640625 0.6417868203125 0.3672882734375 0.6316195984374999 0.35458515625000003 0.6293602218750001 0.341882040625 0.6304899093749999
105 0.2734117125 0.642916509375 0.2731294046875 0.6685228375000001 0.27482317031250003 0.6730416046875 0.2753877453125 0.680196321875 0.271717946875 0.6854682046875 0.2728471171875 0.8134998765624999 0.27849294687500004 0.8244202296875001 0.286961690625 0.8293155406249999 0.3134970921875 0.8263030484374999 0.31660229375000004 0.81651236875 0.31914292187500004 0.810110796875 0.321118975 0.792035728125 0.32365958125 0.6847150875 0.3250710390625 0.675677553125 0.325353346875 0.665886903125 0.32365958125 0.6395274453125 0.317166890625 0.631243040625 0.310109603125 0.6293602218750001 0.2997021390625 0.6301791703124999 0.29288980625 0.6316195984374999 0.2844210625 0.633125859375 0.2767992015625 0.6368914953125 0.2734117125 0.642916509375
800 0.21834517031249998 0.8022997859375 0.22935456250000003 0.817362334375 0.24488059375 0.8233873468749999 0.25899516718750004 0.8158560734375 0.27282743125 0.8060654234375001 0.27169828281249997 0.6859415828125 0.27339200625000004 0.6769040625 0.2739566234375 0.6693727890625001 0.27254516562500003 0.6426367578125001 0.2742388890625 0.6358586140625 0.27339200625000004 0.6298336 0.2615357734375 0.627574209375 0.24713893437499998 0.624938275 0.2333526296875 0.626414659375 0.2262493390625 0.6287039125 0.219192053125 0.6362351859375 0.21834517031249998 0.8022997859375
800 0.1781903984375 0.6289555765625 0.1678759140625 0.630765978125 0.1602757515625 0.6361971859375 0.159461440625 0.6705948312500001 0.1624472328125 0.682543484375 0.1575614109375 0.687250528125 0.15919001093750001 0.8013058921875 0.1678759140625 0.8226686187500001 0.1773761078125 0.8233927968750001 0.1936621546875 0.8230307218749999 0.20316232812499999 0.8183236640624999 0.2121196609375 0.8107199796875 0.21673403281249998 0.800581715625 0.2140196921875 0.68000891875 0.211033940625 0.673853546875 0.21537686250000002 0.6691465046875 0.2145364078125 0.632184496875 0.20614811875 0.6285934875 0.19121924375 0.6271451734375 0.1781903984375 0.6289555765625
800 0.0947753171875 0.6166540359375 0.0958610578125 0.629326853125 0.1004754296875 0.6394651031249999 0.10536125156250001 0.6535862484375 0.10210405 0.6608278578125 0.102375459375 0.6731385859375 0.104546940625 0.809264615625 0.1099756234375 0.8219374328125 0.1240901875 0.827368640625 0.1444477453125 0.818316628125 0.158562353125 0.804195484375 0.156390871875 0.6854330890625 0.1610052421875 0.6810881203125 0.1591052125 0.6734844359375 0.1604623828125 0.63619015625 0.161548103125 0.6325693515624999 0.16127669375 0.6253277421875 0.1623624125 0.6191723640625 0.161548103125 0.5985337734375 0.1607337921875 0.59418880625 0.1441763359375 0.5847747156249999 0.133318971875 0.584412640625 0.12494828281249999 0.5864855015625 0.11567575625 0.5884117546875001 0.1061755625 0.5905842390625 0.09803253906250001 0.5967396093749999 0.0947753171875 0.6166540359375
800 0.027584898437499998 0.8100910640625001 0.0427852046875 0.8075565109375 0.0517425375 0.79922865 0.0482138859375 0.6735867203125 0.04631385625 0.6591035015625 0.046042404687499996 0.6482410875 0.04658530625 0.639189075 0.04658530625 0.6272404218750001 0.04631385625 0.6160159328125 0.046042404687499996 0.603705190625 0.0479424765625 0.59646358125 0.04658530625 0.5888598890625001 0.0433280640625 0.5834286890625 0.0324707203125 0.5816182875 0.019441875 0.5823424578124999 0.007227340625 0.584514928125 0.0004072125 0.5860330375 0.0004414890625 0.8152277515625 0.009398821875000001 0.815522271875 0.027584898437499998 0.8100910640625001
800 0.046856715625 0.6040672859375 0.046856715625 0.6214471390625 0.05065681875 0.6304991515625 0.0501139171875 0.64317196875 0.056085499999999996 0.6493273390625001 0.04658530625 0.6569310234375 0.046856715625 0.6681555125 0.0520139890625 0.798142425 0.053099709375000005 0.80502193125 0.067485725 0.8133497937499999 0.090286171875 0.81262564375 0.1014149875 0.8075565109375 0.1052150484375 0.8010390515625 0.10250070625 0.6985703062499999 0.10548649843749999 0.6757592109375 0.1008721265625 0.664896796875 0.10222929843749999 0.6598276656250001 0.10440073750000001 0.6500514890625 0.101686396875 0.6478790125 0.1008721265625 0.63411995625 0.096800615625 0.6232575421875 0.097614884375 0.6091363984375 0.09870064687499999 0.5953773421874999 0.10765797968749999 0.5899461359375 0.103857878125 0.5816182875 0.0908290328125 0.5790837203125 0.08024311875 0.57727331875 0.0718286453125 0.5779974828125 0.060471979687499997 0.58196085 0.056356909375 0.585239084375 0.050928228124999995 0.595015275 0.046856715625 0.6040672859375