136 0.5609375 0.8875 0.04140625 0.13125
136 0.609375 0.8859375 0.0546875 0.13203125
136 0.6609375 0.89140625 0.04296875 0.1265625
136 0.7125 0.89609375 0.05625 0.13359375
136 0.76796875 0.8984375 0.0515625 0.13359375
136 0.82421875 0.90234375 0.053125 0.1375
136 0.88125 0.9125 0.0515625 0.1390625
136 0.940625 0.91875 0.0515625 0.13828125
136 0.9859375 0.91953125 0.028125 0.1296875
116 0.59453125 0.66328125 0.0609375 0.16328125
116 0.66171875 0.66796875 0.0578125 0.16640625
116 0.7328125 0.66640625 0.059375 0.16953125
116 0.80625 0.6734375 0.0671875 0.16953125
116 0.8859375 0.67578125 0.0640625 0.175
116 0.96875 0.67890625 0.0625 0.16953125
116 0.21015625 0.07578125 0.0453125 0.11796875
116 0.265625 0.07421875 0.0546875 0.11796875
116 0.3171875 0.0703125 0.0484375 0.12109375
116 0.36796875 0.0703125 0.04609375 0.1140625
116 0.4140625 0.0640625 0.05 0.1265625
116 0.4703125 0.0625 0.053125 0.115625
116 0.51953125 0.06171875 0.0546875 0.11875
116 0.03359375 0.25390625 0.0484375 0.134375
116 0.06328125 0.08515625 0.05 0.1
116 0.16171875 0.07421875 0.0578125 0.11328125
116 0.0875 0.25078125 0.059375 0.140625
116 0.1359375 0.253125 0.04140625 0.13828125
116 0.18671875 0.2484375 0.053125 0.14296875
116 0.24375 0.25 0.0578125 0.1390625
116 0.30703125 0.2484375 0.06875 0.14296875
116 0.38359375 0.24921875 0.06875 0.13828125
116 0.4359375 0.25390625 0.03828125 0.13359375
116 0.4890625 0.253125 0.0453125 0.1359375
116 0.54140625 0.246875 0.0484375 0.14296875
116 0.61171875 0.278125 0.075 0.1765625
116 0.70078125 0.2734375 0.06875 0.1859375
116 0.78125 0.26875 0.071875 0.17890625
116 0.859375 0.2734375 0.0640625 0.18359375
116 0.93671875 0.27265625 0.065625 0.19140625
116 0.57109375 0.471875 0.05625 0.1625
116 0.64296875 0.4671875 0.0671875 0.16015625
116 0.72265625 0.475 0.0609375 0.1671875
116 0.8046875 0.475 0.0640625 0.1609375
116 0.8796875 0.47421875 0.0671875 0.1671875
116 0.95859375 0.478125 0.0640625 0.16796875
68 0.590625 0.07734375 0.059375 0.1546875
68 0.653125 0.075 0.059375 0.15
68 0.71171875 0.0765625 0.0609375 0.15234375
68 0.76953125 0.07734375 0.0546875 0.15
214 0.84296875 0.08984375 0.0796875 0.1234375
214 0.9265625 0.08984375 0.0734375 0.1234375
116 0.50078125 0.4546875 0.065625 0.1828125
116 0.425 0.45234375 0.0671875 0.18125
116 0.353125 0.4515625 0.075 0.18359375
116 0.27578125 0.44921875 0.0671875 0.17890625
116 0.2125 0.44453125 0.065625 0.1703125
116 0.1421875 0.4421875 0.059375 0.178125
116 0.075 0.44453125 0.0640625 0.1703125
116 0.028125 0.43671875 0.03984375 0.16015625
116 0.4953125 0.69140625 0.0671875 0.17890625
116 0.4328125 0.67734375 0.0671875 0.16484375
116 0.28671875 0.6734375 0.0640625 0.1609375
116 0.33203125 0.65546875 0.04140625 0.146875
116 0.39921875 0.6484375 0.03828125 0.14296875
116 0.5421875 0.6703125 0.03359375 0.1671875
116 0.19296875 0.67109375 0.065625 0.15703125
116 0.1234375 0.671875 0.0671875 0.16640625
116 0.059375 0.665625 0.0640625 0.1734375
116 0.40859375 0.865625 0.0734375 0.125
116 0.3359375 0.8578125 0.06875 0.11640625
116 0.209375 0.85 0.065625 0.12265625
116 0.08125 0.8359375 0.065625 0.11171875