643 0.03359375 0.096875 0.053125 0.12734375
643 0.09609375 0.09765625 0.0609375 0.12890625
643 0.171875 0.08828125 0.07109375 0.14140625
643 0.26171875 0.09375 0.07890625 0.1375
643 0.35703125 0.09296875 0.07109375 0.13671875
643 0.453125 0.09453125 0.08359375 0.14375
632 0.54765625 0.10390625 0.05078125 0.11328125
632 0.60390625 0.10234375 0.04609375 0.128125
632 0.2046875 0.4484375 0.05546875 0.12578125
632 0.1296875 0.44453125 0.06640625 0.12109375
632 0.04375 0.440625 0.06640625 0.12421875
632 0.1140625 0.60859375 0.05390625 0.09921875
632 0.17578125 0.60625 0.05390625 0.09375
632 0.24140625 0.60390625 0.03671875 0.103125
632 0.296875 0.60078125 0.04921875 0.11328125
632 0.359375 0.6078125 0.05703125 0.11484375
632 0.4484375 0.6125 0.05625 0.1
727 0.78828125 0.09375 0.06328125 0.11015625
727 0.72890625 0.0875 0.04375 0.09765625
904 0.596875 0.2890625 0.10546875 0.11171875
904 0.70078125 0.29921875 0.08515625 0.11171875
904 0.490625 0.309375 0.06640625 0.07265625
927 0.259375 0.4515625 0.04921875 0.11796875
927 0.32421875 0.45546875 0.0734375 0.11484375
927 0.4015625 0.4578125 0.0859375 0.1203125
927 0.5390625 0.47890625 0.053125 0.08203125
927 0.60078125 0.484375 0.053125 0.08671875
927 0.65078125 0.4859375 0.04140625 0.0828125
927 0.709375 0.48828125 0.05390625 0.0796875
927 0.77578125 0.4828125 0.04453125 0.09296875
37 0.84453125 0.47109375 0.059375 0.121875
37 0.90390625 0.4734375 0.05390625 0.11953125
37 0.978125 0.47578125 0.04375 0.1203125
37 0.82890625 0.628125 0.05703125 0.12421875
37 0.778125 0.7703125 0.04921875 0.10234375
37 0.83203125 0.775 0.03984375 0.10546875
37 0.88671875 0.778125 0.05 0.1
37 0.94375 0.78359375 0.05390625 0.10078125