20 1 0.02833971875 0.92885175 0.032181825 0.9220286921874999 0.09313400937500001 0.9957707515625 0.089637171875 1 0.0526118640625 1 0.02833971875
20 0.874015840625 0.0589143296875 0.8680242968749999 0.10053906718750001 0.9203838921875 0.09951059375 0.9253182921875001 0.0583713625 0.874015840625 0.0589143296875
20 0.7614987453125 0.1070703109375 0.7667430937499999 0.0576291140625 0.7022857984375 0.057497532812499995 0.6978996578125 0.10789309843749999 0.7614987453125 0.1070703109375
20 0.767602221875 0.058054487499999995 0.77317313125 0.0059812 0.70934874375 0.006037090625 0.705658475 0.057461134375 0.767602221875 0.058054487499999995
20 0.8200567171875001 0.1132364328125 0.8258999671874999 0.0685119328125 0.7734012031249999 0.0671525828125 0.76812939375 0.11284086874999999 0.8200567171875001 0.1132364328125
20 0.8261920249999999 0.0726905625 0.85808648125 0.072097203125 0.8646762421874999 0.0347158859375 0.8156841437500001 0.033909946875 0.8119581390624999 0.067943725 0.8267192187499999 0.068339296875 0.8261920249999999 0.0726905625
20 0.6955012765624999 0.10802354218750002 0.69909410625 0.057638196875000006 0.6342444234375 0.058852739062500006 0.6321075625 0.1088252390625 0.6955012765624999 0.10802354218750002
20 0.63103913125 0.10922608125 0.6320833015625 0.05864001875 0.56924805625 0.06072336406249999 0.5690699875 0.1100277875 0.63103913125 0.10922608125
20 0.425 0.0484375 0.07265625 0.046875
20 0.42421875 0.0921875 0.07109375 0.04453125
20 0.35546875 0.08671875 0.06796875 0.0265625
20 0.3578125 0.11015625 0.071875 0.025
693 0.29453125 0.10234375 0.04921875 0.09453125
693 0.24217090156249999 0.15109048125 0.2357558171875 0.070338046875 0.1956449734375 0.0680328484375 0.21240312656250002 0.1512559328125 0.24217090156249999 0.15109048125
693 0.18945994375 0.06910841250000001 0.14754035468749999 0.069511028125 0.16388169218749998 0.1521660546875 0.194090465625 0.151669690625 0.18945994375 0.06910841250000001
693 0.14999005781250002 0.0821792375 0.1475645375 0.070762946875 0.1117028234375 0.0715785765625 0.1288218640625 0.1526624078125 0.1585896578125 0.15233150625 0.14999005781250002 0.0821792375
693 0.107653671875 0.1529933234375 0.100675890625 0.0542111578125 0.0450310875 0.0520667078125 0.0686248 0.153820590625 0.107653671875 0.1529933234375
693 0.060813909374999996 0.12002338593749999 0.050089846874999996 0.06973096250000001 0.00004189375 0.0702626328125 0 0.088213425 0.008701684375000001 0.121657878125 0.060813909374999996 0.12002338593749999
693 0.060350615625000006 0.120182571875 0.007744134375 0.1216660875 0.015109653125 0.1558324921875 0.06748538125 0.1543724171875 0.060350615625000006 0.120182571875
20 0.9813474171875001 0.3156527953125 0.9996252812499999 0.25983683750000003 1 0.23942414531249998 0.9356207953125001 0.23898027656249998 0.9339524765625 0.284076909375 0.93629035625 0.3156527953125 0.9813474171875001 0.3156527953125
20 0.8890070250000001 0.3158719546875 0.9300072937499999 0.315446634375 0.9335971828125 0.28425680781249996 0.9349197671875 0.2401657359375 0.8851482765625001 0.24044418125 0.8850392593749999 0.2455530734375 0.8846613671875 0.3058061390625 0.8890070250000001 0.3158719546875
705 0.7842517421874999 0.21263768437500002 0.7451253796875 0.21425970312499998 0.740428103125 0.3161273625 0.7709044281249999 0.3161273625 0.7842517421874999 0.21263768437500002
705 0.731568975 0.21128423437500002 0.6844183875 0.2127279765625 0.6843039515625 0.3166413015625 0.7133749093749999 0.3167896890625 0.731568975 0.21128423437500002
705 0.6735354625000001 0.3165330078125 0.683340221875 0.2452226890625 0.6423180515625 0.2480972515625 0.6402331125 0.2640193484375 0.6442902546875 0.3169135453125 0.6735354625000001 0.3165330078125
705 0.6397259640625 0.2650341046875 0.6410783484375 0.24752955000000001 0.5968789953125 0.246004940625 0.6013521875000001 0.31754776875 0.6312735890625001 0.3169135453125 0.6397259640625 0.2650341046875
705 0.5782975515625 0.2434705234375 0.527583290625 0.24385106093750003 0.53731229375 0.31792830625 0.5677408421875 0.3176746109375 0.5782975515625 0.2434705234375
704 0.8050468937499999 0.244595821875 0.8047762125 0.24580699374999998 0.800680525 0.316035784375 0.8334986515624999 0.31593009843750003 0.8527951406250001 0.24512425468750002 0.8050468937499999 0.244595821875
704 0.8376433171875 0.30104860625 0.8353361015624999 0.31570624999999997 0.8668680578125001 0.3159370765625 0.8851951265625001 0.24564395625 0.853024759375 0.2446109328125 0.8465645578125001 0.2607689578125 0.8376433171875 0.30104860625
937 0.5248789984375 0.2450742125 0.46331282968750004 0.2440791859375 0.47444339375 0.3177973953125 0.5149047875 0.31751496874999996 0.5248789984375 0.2450742125
937 0.44051117968750003 0.3174073234375 0.44943132500000005 0.2437262671875 0.3840534203125 0.24524898281250002 0.4004261640625 0.31726611562499996 0.44051117968750003 0.3174073234375
937 0.2984062875 0.24680229531250003 0.23132702031250002 0.2479613015625 0.25643934687500003 0.3312459015625 0.293701475 0.32969259375000004 0.2984062875 0.24680229531250003
937 0.2196379515625 0.25259190781249996 0.176271565625 0.253960934375 0.1925382234375 0.311194078125 0.2205789140625 0.3116177140625 0.2196379515625 0.25259190781249996
937 0.1800655859375 0.318678215625 0.1729142640625 0.2559809484375 0.1379209703125 0.25837242968749996 0.13602853125 0.2604996671875 0.1550359734375 0.3188194234375 0.1800655859375 0.318678215625
937 0.131356121875 0.309781978125 0.12834504375 0.2597936171875 0.12627492812500002 0.254851265625 0.0859241515625 0.2541373953125 0.08393160937500001 0.255557315625 0.0999279734375 0.30935834375 0.131356121875 0.309781978125
937 0.3429290390625 0.33130893281249996 0.35962113125 0.3318033296875 0.35786409531249996 0.3174656265625 0.380925540625 0.317300828125 0.3714813234375 0.2467658921875 0.3334030578125 0.2438740984375 0.3319473984375 0.24824910625 0.336998959375 0.312356790625 0.3429290390625 0.33130893281249996
781 0.05138469375 0.3786880734375 0.0000488171875 0.3837720296875 0.0330309296875 0.46673919843749995 0.064076125 0.467032221875 0.05138469375 0.3786880734375
781 0.1370152734375 0.41560648125000005 0.0996442671875 0.4128817296875 0.1139754390625 0.468495765625 0.1422870921875 0.4682027421875 0.1370152734375 0.41560648125000005
781 0.1913028453125 0.4165939296875 0.1479773546875 0.4169094875 0.1649437203125 0.4680181296875 0.189155053125 0.46845765781250004 0.1913028453125 0.4165939296875
781 0.23445370625 0.39549681875 0.1850815421875 0.3953060625 0.2057515546875 0.4680181296875 0.2356252359375 0.46845765781250004 0.23445370625 0.39549681875
781 0.23417095625 0.3952038046875 0.23495197031249998 0.4130777421875 0.2488149140625 0.46889717343750004 0.2788838453125 0.46904369062500006 0.27790758125 0.398426971875 0.2765408171875 0.3947642796875 0.2341469484375 0.3925598640625 0.2290943859375 0.39285968125 0.23065639999999998 0.395057296875 0.23417095625 0.3952038046875
781 0.319408928125 0.405898871875 0.2749127328125 0.40684009374999996 0.29168302343749997 0.4686041625 0.318627928125 0.4697762296875 0.319408928125 0.405898871875
816 0.6125 0.434375 0.05390625 0.0671875
566 0.7171418296875001 0.404976778125 0.7043031453124999 0.40606054843750006 0.6990071828125 0.45952643125000003 0.727894221875 0.46121229374999995 0.7313647125 0.42242271249999996 0.7238821343749999 0.41750032031249995 0.7243635890625 0.40654222031250004 0.7171418296875001 0.404976778125
566 0.8175735796874999 0.427704403125 0.8174130859375 0.409762028125 0.8150058328125 0.40711281406250005 0.808105034375 0.40386151249999996 0.8090679453125 0.392542159375 0.8048953640625 0.391097134375 0.798315540625 0.39049504062499996 0.7930195906249999 0.391097134375 0.7893284640625 0.3920604828125 0.7886865281250001 0.401693975 0.7829286140625 0.4031614890625 0.7747244640625001 0.4617828859375 0.7997598953125 0.467562975 0.8114752 0.46238497812499996 0.8175735796874999 0.427704403125
566 0.755380928125 0.40307528125000003 0.75217125625 0.4011485828125 0.7433446609375001 0.40066690781250003 0.7377277375 0.4015098375 0.7353204843750001 0.40427946718749996 0.734518065625 0.41258835312500003 0.73291323125 0.41367212656249996 0.7313083953125 0.422462684375 0.7287406609375 0.4526877640625 0.73178985 0.45449404375 0.7412583828125 0.45569822968749996 0.750405940625 0.45617990624999993 0.7592533593749999 0.451765984375 0.7613188265625 0.4200543109375 0.760195434375 0.4157192390625 0.754578509375 0.4127087734375 0.755380928125 0.40307528125000003
64 0.3771469140625 0.5932236171875 0.449091575 0.5947107515625001 0.447258890625 0.5681218828125 0.3771469140625 0.5654163046875 0.3771469140625 0.5932236171875
64 0.3811533125 0.6222334078125 0.45326848750000004 0.6217824796875 0.4495924578125 0.5954620765625 0.3811533125 0.5941254796875 0.3801517125 0.619678146875 0.3811533125 0.6222334078125
64 0.4562732859375 0.6464332890625 0.45710570156249997 0.6213827640625 0.386561959375 0.6217824796875 0.387363240625 0.644779884375 0.4562732859375 0.6464332890625
64 0.3759449984375 0.59517764375 0.37145473125 0.5687900625 0.299022165625 0.5708274640625 0.3034291984375 0.5969813625 0.3759449984375 0.59517764375
64 0.30472089375 0.5971316765625 0.3076359203125 0.622383721875 0.379951396875 0.6204296953124999 0.37574468125 0.595628578125 0.30472089375 0.5971316765625
64 0.2511249296875 0.5894353203125 0.2621425234375 0.574404340625 0.21066030468750002 0.5729012421874999 0.20104495937500003 0.5871806734375 0.2511249296875 0.5894353203125
64 0.2609405921875 0.5898862484375 0.26276314843750004 0.58982714375 0.25372907968749997 0.6053681625 0.30200616875 0.6065706343749999 0.30180585312499997 0.5882328375 0.2609405921875 0.5898862484375
64 0.26852330156250004 0.5415545578125001 0.259137725 0.5546832015625001 0.30681385 0.5561863 0.3142256953125 0.5416062484374999 0.26852330156250004 0.5415545578125001
64 0.30759216562499997 0.5143190515625 0.31156625 0.5407043859375 0.3806766109375 0.538750359375 0.375868946875 0.5144001734375 0.30759216562499997 0.5143190515625
64 0.2564230171875 0.5554347500000001 0.2657684453125 0.542869375 0.2183622234375 0.5420571765625 0.20754496093750002 0.5552844375 0.2564230171875 0.5554347500000001
64 0.21736062343749998 0.5345416859375 0.26276314843750004 0.5338534828125 0.27304957343749997 0.5225169015625 0.2279775828125 0.5219156640625 0.21736062343749998 0.5345416859375
64 0.19060752812499998 0.579183696875 0.20140499687500002 0.5635307921875 0.1463368359375 0.5640024046875001 0.1359202078125 0.57948431875 0.19060752812499998 0.579183696875
64 0.20102415625 0.5632508546875 0.21083984843749998 0.5501739078125001 0.16817170625 0.5492720453125 0.15755474687499998 0.5637017890625 0.20102415625 0.5632508546875
64 0.1566981984375 0.5638521078125 0.1649113109375 0.5518273125000001 0.1195106484375 0.552260928125 0.1098233421875 0.5652048875 0.146481871875 0.5638521078125 0.1566981984375 0.5638521078125
64 0.060544653125 0.55979373125 0.1032127796875 0.5599440437500001 0.116254909375 0.5454990093750001 0.0723635140625 0.5456646140625 0.061145603125 0.5551341296875 0.060544653125 0.55979373125
64 0.094599034375 0.588834090625 0.1069885765625 0.5742371640624999 0.06334911875 0.57470495625 0.051329926562499996 0.588683771875 0.094599034375 0.588834090625
64 0.1671148421875 0.5354435421875 0.1753590875 0.5214566328125 0.1296550140625 0.523118146875 0.11863742031249999 0.5363454046875 0.1671148421875 0.5354435421875
64 0 0.5424339640625 0.0540915546875 0.5433556890625 0.069569334375 0.5298985125 0.0037273750000000002 0.5276863734374999 0 0.5337697593749999 0 0.5424339640625
154 0.0549287875 0.7871671421875 0.1302788 0.7994695546874999 0.16376767812499998 0.7683209 0.1906740984375 0.739952478125 0.11423202031249999 0.7295813484375 0.09190611875 0.743977796875 0.0549287875 0.7871671421875
154 0.2527445390625 0.8169992328125 0.28727995625 0.76543376875 0.2806519421875 0.7588899296875 0.23251165937499998 0.7502520515625 0.20506624375000002 0.749765303125 0.1707665390625 0.7913473703125 0.1665804125 0.8172609828124999 0.2527445390625 0.8169992328125
154 0.3905373453125 0.779306709375 0.389839671875 0.7680513046875 0.37832785625 0.7465875078125 0.29883324375 0.7510736812500001 0.28762879375 0.7759039140625 0.2806519421875 0.7994617390625 0.38007206875 0.794226665625 0.3905373453125 0.779306709375
154 0.1072664640625 0.7173505328124999 0.164825484375 0.7327939890625 0.199012065625 0.7241561421875 0.19416310312500001 0.679767146875 0.157150959375 0.677302221875 0.1261039671875 0.6807050265625 0.1072664640625 0.7173505328124999
154 0.38902109375 0.7844495031250001 0.411451915625 0.791908678125 0.4568233828125 0.790187328125 0.46548984375 0.7727825984375001 0.46905837031250003 0.7475361703125001 0.47823463593750004 0.7308964875 0.4509607703125 0.7192295734374999 0.4389806734375 0.7182732703125 0.4226673359375 0.7169344421875 0.398197340625 0.7222897515625 0.39157005312500004 0.7626457906249999 0.39360920781250003 0.775651509375 0.38902109375 0.7844495031250001
154 0.5771462703125 0.6687450234375001 0.5455391828125 0.663963503125 0.491775696875 0.6680654374999999 0.48436418281250004 0.7085272640625 0.5689896109375 0.7115874328125 0.577910965625 0.6985817 0.5771462703125 0.6687450234375001
154 0.666631209375 0.70603973125 0.671474234375 0.6869136515625 0.6620430953125 0.6624322671875 0.5921575953125 0.6630463421874999 0.579711734375 0.6725690953125001 0.5779274703125 0.6987718140625 0.5927114171875 0.7085261203125001 0.666631209375 0.70603973125
154 0.6771586234375 0.713735615625 0.7513333265625 0.7133530921875 0.7551567640625 0.698626015625 0.74674519375 0.6626689859375 0.670551078125 0.661612315625 0.66823726875 0.6651553734375 0.6776684265624999 0.695183315625 0.6771586234375 0.713735615625
154 0.3932634484375 0.7160859265624999 0.40167501874999995 0.68682301875 0.40192993125000004 0.659472725 0.324153859375 0.6613733109375 0.323931790625 0.6925608421875 0.31093210625 0.7097743140625 0.315265328125 0.71838105 0.3932634484375 0.7160859265624999
698 0.757468375 0.749831015625 0.8382703656249999 0.7479184078125 0.815865828125 0.704872134375 0.815839525 0.7031633890625 0.7559390031250001 0.7071798593749999 0.757468375 0.749831015625
154 0.7656695984375 0.7966729124999999 0.7520334625 0.7575094859375 0.6843904578125 0.7575500578125001 0.6819717453125 0.7733865421874999 0.68761428125 0.7977313546875 0.7656695984375 0.7966729124999999
154 0.49690874375 0.725239565625 0.48984878906249996 0.7280920156249999 0.48306038906250004 0.7380756093749999 0.48061658124999995 0.758042790625 0.4860473015625 0.76884136875 0.528949984375 0.7698601015625 0.5376391500000001 0.7543753515625 0.5536597609375 0.7360381421875 0.580813365625 0.7447992515624999 0.5659750734375 0.7195711828125 0.530579196875 0.7172934390625 0.4958225953125 0.7197384015625 0.49690874375 0.725239565625
154 0.678263478125 0.865354075 0.669087246875 0.9808361390625 0.852780684375 0.981918603125 0.8777860562500001 0.866816275 0.678263478125 0.865354075
154 0.6650852656249999 0.97867175 0.6764599062500001 0.8621978234375 0.4746596 0.866455990625 0.480430059375 0.9837232546875001 0.6650852656249999 0.97867175
154 0.27005490781249997 0.8640013953125001 0.2940668921875 0.9909397015625 0.48112642499999997 0.9851665765625001 0.47150896875 0.8599611843750001 0.27005490781249997 0.8640013953125001
154 0.2725104515625 0.8866620390625 0.0915012328125 0.8901531968749999 0.122478109375 0.9945479265625 0.289821828125 0.9887748015625 0.2725104515625 0.8866620390625
77 0.7414462296875 0.530413175 0.7289666765625 0.5306124046875 0.724718325 0.5349955609375 0.723921771875 0.5441603328125 0.7202044562500001 0.545554975 0.7188768453125001 0.5549189859375 0.7016178953125001 0.5634860578125 0.6976350625000001 0.573846240625 0.6941832765625 0.6312257031249999 0.7202044562500001 0.6385973796875 0.732683990625 0.6405897234375 0.7539257640625 0.6395935515625 0.7698765578125 0.637657765625 0.777557240625 0.574045471875 0.7587051703125 0.556512859375 0.7555188921875 0.533202453125 0.7414462296875 0.530413175
653 0.8252944890625 0.54939551875 0.8279497109375 0.555173315625 0.829277321875 0.5643380875 0.83272911875 0.5737021 0.8359153765625 0.579081440625 0.8364464328125001 0.58864466875 0.8308704515625 0.614345890625 0.8518467062499999 0.6209206265625 0.8645917781250001 0.6215183203125 0.876540275 0.6213190890625 0.8943302531249999 0.6115566078125 0.8977820484375 0.6035872375 0.9076063609375 0.5412269171874999 0.901233825 0.5314644359375 0.8908784765625001 0.52668281875 0.889550865625 0.5157249312500001 0.8876921984375 0.51233795 0.8876921984375 0.5029739390625 0.8799920515625 0.500981596875 0.8720263859375 0.49978619062499996 0.8627331109374999 0.500981596875 0.8590158171875 0.5043685796874999 0.8574226671874999 0.5113417796874999 0.855032984375 0.5137325875000001 0.8518701375 0.522385415625 0.8388361156249999 0.5234950703125001 0.8311359890625001 0.5284759218749999 0.8258255453125001 0.5402307468750001 0.8252944890625 0.54939551875
653 0.941910040625 0.5651905328125 0.925646190625 0.575868646875 0.92274193125 0.5856750828124999 0.9175142546874999 0.6074671625 0.911705734375 0.6275158765625 0.9128674421874999 0.6360147921875 0.9221610874999999 0.6436420203125001 0.941910040625 0.648872121875 0.9567217609374999 0.6514871656250001 0.9628207234374999 0.6453853921875 0.9636919875000001 0.640155290625 0.9636919875000001 0.6292592499999999 0.964272853125 0.617055696875 0.9660154046875 0.608556765625 0.97037179375 0.5987503296875001 0.9785037078125001 0.5872005296875 0.98024628125 0.5675876578125 0.9819888328124999 0.5588708265625 0.9785037078125001 0.554512409375 0.9805367031250001 0.5460135078125 0.9747281843750001 0.542962609375 0.9660154046875 0.5410013234375 0.9539172484374999 0.54142574375 0.9500419765625001 0.551679440625 0.9448143 0.5538586484375 0.941910040625 0.5651905328125
653 0.79744764375 0.56798683125 0.79391645 0.56980845625 0.7914887546875 0.5754389171875001 0.7912680578125 0.5830566078125 0.794799253125 0.59564235 0.7912680578125 0.6042536562499999 0.7839849562500001 0.615183378125 0.78332285 0.6208138453125 0.7908266484375 0.6267755109375 0.798992553125 0.6292595390625 0.81024824375 0.6292595390625 0.8212832375 0.6267755109375 0.8287870359375 0.6193234265625 0.8338631234375 0.598126378125 0.8356287281249999 0.5815661890625 0.83231823125 0.5712988703125 0.8287870359375 0.56136275625 0.8279042328124999 0.551757846875 0.8250351281249999 0.5497706234375 0.8159864375 0.5472865984374999 0.80657121875 0.5486406078125 0.8040686406249999 0.558713128125 0.8014202484374999 0.5595411375 0.79744764375 0.56798683125