818 0.13671875 0.12109375 0.090625 0.1015625
818 0.23203125 0.1203125 0.08671875 0.10390625
818 0.325 0.11953125 0.08515625 0.0984375
818 0.57421875 0.47109375 0.0859375 0.09921875
818 0.66328125 0.4703125 0.08125 0.0953125
818 0.37109375 0.665625 0.0765625 0.08828125
818 0.45703125 0.6640625 0.0765625 0.09375
818 0.54375 0.6640625 0.0796875 0.08984375
818 0.190625 0.8578125 0.0703125 0.08515625
818 0.26953125 0.86015625 0.075 0.08515625
818 0.3484375 0.8609375 0.07421875 0.08203125
818 0.42890625 0.86171875 0.078125 0.08359375
51 0.50390625 0.85234375 0.06015625 0.09765625
51 0.56875 0.8546875 0.059375 0.09765625
51 0.63359375 0.85625 0.0609375 0.09375
51 0.70390625 0.85546875 0.06171875 0.09375
51 0.77109375 0.85625 0.06015625 0.09453125
51 0.83671875 0.86015625 0.059375 0.09375
51 0.15703125 0.66328125 0.06640625 0.09609375
51 0.22890625 0.66484375 0.06328125 0.0953125
51 0.2953125 0.66328125 0.05703125 0.09609375
51 0.615625 0.6625 0.059375 0.09609375
51 0.68046875 0.6625 0.06171875 0.09453125
51 0.74921875 0.66171875 0.06484375 0.1
51 0.8265625 0.66328125 0.071875 0.0953125
51 0.40703125 0.46171875 0.06484375 0.115625
51 0.47890625 0.4625 0.06640625 0.1125
51 0.328125 0.471875 0.084375 0.09921875
51 0.24140625 0.471875 0.08125 0.1
51 0.159375 0.46953125 0.0703125 0.0984375
51 0.2015625 0.2921875 0.0703125 0.12109375
51 0.2765625 0.2921875 0.07109375 0.12109375
51 0.3484375 0.2921875 0.06484375 0.11796875
51 0.41875 0.2921875 0.06328125 0.1234375
51 0.48828125 0.29140625 0.065625 0.11875
51 0.55390625 0.2921875 0.0609375 0.11796875
51 0.621875 0.29296875 0.065625 0.11328125
51 0.6921875 0.29140625 0.0640625 0.11640625
51 0.76171875 0.2890625 0.0640625 0.11796875
51 0.83359375 0.2890625 0.06640625 0.121875
51 0.784375 0.11015625 0.075 0.1109375
51 0.70078125 0.1125 0.0703125 0.1109375
51 0.62421875 0.1140625 0.065625 0.109375
51 0.5515625 0.10625 0.07578125 0.12578125
51 0.4828125 0.1078125 0.06953125 0.1234375
51 0.409375 0.10703125 0.075 0.12421875
116 0.90546875 0.13046875 0.05546875 0.06796875
116 0.95625 0.1296875 0.03984375 0.06953125
116 0.98984375 0.1296875 0.0203125 0.0703125
116 0.92421875 0.6078125 0.08671875 0.10625
116 0.93203125 0.28515625 0.0640625 0.1296875
116 0.98671875 0.284375 0.0265625 0.12890625
116 0.9109375 0.82421875 0.06796875 0.14765625
116 0.9703125 0.71484375 0.059375 0.0984375
116 0.8984375 0.45546875 0.078125 0.13203125
116 0.971875 0.45703125 0.05546875 0.11953125