550 0.42265625 0.40234375 0.31171875 0.1984375
550 0.1609375 0.30703125 0.19921875 0.16171875
550 0.74765625 0.10625 0.37890625 0.20625
550 0.43359375 0.06640625 0.23828125 0.12734375
550 0.09765625 0.0875 0.19296875 0.16953125
821 0.2453125 0.62578125 0.16171875 0.0953125
821 0.5875 0.6859375 0.1109375 0.12578125
821 0.13203125 0.55546875 0.06875 0.0703125
821 0.228125 0.5546875 0.09296875 0.03359375
821 0.484375 0.6015625 0.165625 0.03671875
821 0.890625 0.703125 0.0921875 0.0859375
821 0.75625 0.71640625 0.1640625 0.07734375
821 0.46953125 0.67109375 0.11328125 0.07578125
821 0.70546875 0.64453125 0.09453125 0.05546875
821 0.85234375 0.90390625 0.1109375 0.09609375
821 0.74375 0.88515625 0.103125 0.08828125
821 0.609375 0.84375 0.103125 0.07421875
811 0.340625 0.790625 0.140625 0.0703125