107 0.1703125 0.2234375 0.15390625 0.08984375
107 0.33046875 0.22734375 0.15625 0.0890625
107 0.1796875 0.3078125 0.13984375 0.0625
107 0.33359375 0.31640625 0.14453125 0.07109375
107 0.50234375 0.32109375 0.15390625 0.08125
107 0.1921875 0.378125 0.14296875 0.075
107 0.3453125 0.38515625 0.13515625 0.06484375
107 0.4984375 0.39765625 0.14609375 0.06171875
107 0.671875 0.31015625 0.1546875 0.0859375
107 0.659375 0.39765625 0.14921875 0.06796875
107 0.8546875 0.31484375 0.1828125 0.08125
107 0.83046875 0.4015625 0.1734375 0.0765625
107 0.975 0.3140625 0.04921875 0.08203125
107 0.96171875 0.40703125 0.0765625 0.084375
107 0.1015625 0.60546875 0.165625 0.11796875
107 0.159375 0.53203125 0.1390625 0.03828125
107 0.21171875 0.50234375 0.13125 0.03203125
107 0.271875 0.60625 0.10078125 0.03359375
107 0.3265625 0.55078125 0.08984375 0.02578125
107 0.43203125 0.55078125 0.078125 0.034375
107 0.36171875 0.6578125 0.09609375 0.0484375
107 0.4640625 0.5125 0.0703125 0.0390625
107 0.43203125 0.84453125 0.1109375 0.07421875
107 0.303125 0.828125 0.13203125 0.07890625
483 0.15703125 0.8109375 0.146875 0.0890625
483 0.16875 0.7421875 0.1265625 0.0375
483 0.315625 0.7625 0.11796875 0.053125