193 0.45625 0.075 0.1890625 0.14921875
193 0.64375 0.071875 0.15546875 0.1375
194 0.84453125 0.20234375 0.3109375 0.08046875
194 0.83984375 0.27421875 0.3203125 0.06484375
194 0.8953125 0.50546875 0.209375 0.0625
194 0.50625 0.1953125 0.33125 0.08046875
194 0.51171875 0.26796875 0.325 0.059375
194 0.20859375 0.24453125 0.28515625 0.03984375
194 0.203125 0.28203125 0.28125 0.04296875
194 0.7046875 0.6296875 0.309375 0.053125
194 0.43203125 0.63984375 0.221875 0.04375
194 0.70078125 0.68359375 0.3015625 0.05078125
194 0.69140625 0.73515625 0.29609375 0.053125
194 0.471875 0.59609375 0.171875 0.0359375
194 0.43671875 0.6890625 0.21328125 0.04453125
194 0.42578125 0.72734375 0.21484375 0.034375
194 0.83515625 0.9015625 0.2609375 0.05546875
194 0.85078125 0.94609375 0.2796875 0.04140625
194 0.54296875 0.8875 0.2140625 0.0453125