194 0.48359375 0.1265625 0.31171875 0.08515625
194 0.50390625 0.196875 0.3265625 0.053125
194 0.15859375 0.0953125 0.290625 0.08203125
194 0.16171875 0.175 0.3234375 0.075
198 0.303125 0.33671875 0.278125 0.06796875
194 0.3890625 0.515625 0.28359375 0.0609375
194 0.38359375 0.57421875 0.27109375 0.05703125
194 0.12265625 0.54921875 0.21953125 0.05234375
194 0.51796875 0.7546875 0.24453125 0.05703125
194 0.565625 0.87578125 0.221875 0.03515625
194 0.56875 0.92109375 0.221875 0.0390625
194 0.33515625 0.88203125 0.21875 0.04453125
194 0.34140625 0.92421875 0.22578125 0.04921875
194 0.2484375 0.778125 0.22421875 0.05546875
193 0.7796875 0.23828125 0.12578125 0.1625
193 0.88046875 0.046875 0.1359375 0.08671875