300 0.56875 0.41171875 0.3703125 0.08671875
300 0.8890625 0.36875 0.22109375 0.084375
300 0.55390625 0.4796875 0.36484375 0.03828125
300 0.8890625 0.43046875 0.22109375 0.03359375
300 0.58828125 0.53515625 0.33515625 0.05546875
300 0.8875 0.48984375 0.225 0.0515625
300 0.859375 0.10078125 0.28046875 0.06796875
300 0.8640625 0.16875 0.27109375 0.05625
300 0.86875 0.2421875 0.25390625 0.05390625
252 0.653125 0.70546875 0.2796875 0.08671875
252 0.659375 0.78203125 0.26796875 0.053125
252 0.9015625 0.59609375 0.19140625 0.06015625
252 0.90859375 0.6640625 0.17421875 0.06015625
252 0.91796875 0.73046875 0.1609375 0.05390625
251 0.93046875 0.940625 0.1390625 0.06875
251 0.7390625 0.9796875 0.24375 0.040625
477 0.0953125 0.32265625 0.190625 0.07109375
477 0.34453125 0.29921875 0.24453125 0.059375
477 0.54453125 0.22109375 0.175 0.05234375
477 0.6015625 0.27109375 0.21484375 0.04609375