61 0.09453125 0.1234375 0.0640625 0.1453125
61 0.16015625 0.1234375 0.0609375 0.1453125
61 0.22421875 0.12265625 0.0671875 0.14453125
649 0.30234375 0.12265625 0.07890625 0.15390625
649 0.390625 0.12109375 0.08828125 0.15234375
649 0.4890625 0.11953125 0.08671875 0.15234375
576 0.5796875 0.10234375 0.08515625 0.1859375
576 0.671875 0.10390625 0.08203125 0.19140625
154 0.13828125 0.3421875 0.1234375 0.140625
154 0.18589743593750002 0.2920673078125 0.17628205156250001 0.296875 0.2371794875 0.421875 0.3830128203125 0.41826923125000004 0.286858975 0.24879807656250003 0.18589743593750002 0.2920673078125
182 0.7359375 0.35234375 0.15703125 0.140625
194 0.1984375 0.69375 0.15703125 0.046875
194 0.19765625 0.73671875 0.14609375 0.03125
194 0.2 0.76796875 0.15078125 0.0265625
194 0.35546875 0.69609375 0.16015625 0.04296875
194 0.35 0.73828125 0.15546875 0.03984375
194 0.353125 0.76953125 0.14609375 0.0203125
194 0.5865384609375 0.674278846875 0.4375 0.6875 0.4375 0.7199519234375 0.5865384609375 0.705528846875 0.5865384609375 0.674278846875
194 0.43589743593749997 0.721153846875 0.434294871875 0.74639423125 0.5833333328125 0.747596153125 0.5865384609375 0.712740384375 0.43589743593749997 0.721153846875
194 0.43108974375000003 0.74639423125 0.43108974375000003 0.7800480765625 0.5833333328125 0.7800480765625 0.5865384609375 0.747596153125 0.43108974375000003 0.74639423125
194 0.588141025 0.7512019234375 0.588141025 0.77764423125 0.7580128203125 0.783653846875 0.7435897437500001 0.74639423125 0.588141025 0.7512019234375
194 0.591346153125 0.7271634609375 0.591346153125 0.75360576875 0.7532051281250001 0.747596153125 0.7451923078125 0.7175480765625 0.591346153125 0.7271634609375
194 0.5897435890625 0.700721153125 0.59294871875 0.724759615625 0.7483974359375 0.7103365390625 0.7467948718749999 0.685096153125 0.5897435890625 0.700721153125
629 0.7078125 0.896875 0.0546875 0.14609375
629 0.64609375 0.89140625 0.06015625 0.1484375
629 0.58359375 0.89296875 0.05859375 0.15078125
629 0.51796875 0.8921875 0.05703125 0.14609375
835 0.4625 0.90390625 0.046875 0.1140625
835 0.3453125 0.89296875 0.06953125 0.11953125
835 0.409375 0.909375 0.05234375 0.1171875
745 0.1734375 0.5578125 0.06953125 0.12265625
634 0.2625 0.57421875 0.0796875 0.1234375
634 0.340625 0.5765625 0.0765625 0.12109375
634 0.42109375 0.57421875 0.0703125 0.12578125
634 0.5 0.57734375 0.07265625 0.12265625
634 0.58046875 0.5765625 0.0640625 0.125
634 0.6515625 0.57734375 0.05 0.12734375
634 0.696875 0.596875 0.03203125 0.08359375
634 0.7375 0.59765625 0.03125 0.08203125