543 0.0017858875 0.1892607 0.008201034375000001 0.18839285781249998 0.015540156250000001 0.3220762484375 0.39854267656250003 0.235120775 0.381614403125 0.1279154140625 0.0017858875 0.1892607
543 0 0.1839004453125 0.3763243125 0.1249374875 0.3742082265625 0.08562887500000001 0 0.14340062343749999 0 0.14375 0 0.1839004453125
543 0.381614403125 0.12374631093749999 0.383862409375 0.12440476250000002 0.4133549453125 0.23095167343749998 0.7170061078125001 0.16722403749999998 0.6863236484375 0.07907741093750001 0.381614403125 0.12374631093749999
543 0.381614403125 0.08265094843750001 0.3812169078125 0.0849702390625 0.3847884078125 0.120172796875 0.682091478125 0.077290659375 0.678917553125 0.0367908484375 0.381614403125 0.08265094843750001
543 0.6916137375 0.0689524671875 0.6907407171875 0.0730654765625 0.72335428125 0.15769468125 0.9106234531249999 0.12374631093749999 0.8915790937500001 0.039173200000000005 0.6916137375 0.0689524671875
543 0.0819423890625 0.52557716875 0.083597859375 0.5261904765625001 0.203614471875 0.6655397234375 0.33798281874999997 0.6113414671874999 0.23429701249999998 0.48031269062500004 0.0819423890625 0.52557716875
543 0.24170318750000003 0.4773347640625 0.23968251562499998 0.47708333437499995 0.34644691562499996 0.6167017218749999 0.44695863593749996 0.5702460687500001 0.3295186421875 0.448746684375 0.24170318750000003 0.4773347640625
543 0.005230131250000001 0.8614707828125001 0.0068782828125 0.8632440484374999 0.0359126734375 0.9692717203125 0.1787451171875 0.9079264578125 0.1385404765625 0.8019122484375 0.005230131250000001 0.8614707828125001
543 0.14488856875 0.8019122484375 0.14312166875000001 0.8016122031249999 0.1903832984375 0.9061396828125 0.3078233734375 0.851345871875 0.27608283125 0.74890514375 0.14488856875 0.8019122484375
543 0.2771408328125 0.7393757875 0.283333309375 0.74208839375 0.31205538125 0.8477723234375001 0.40833509218749997 0.802507825 0.36601436875000004 0.70602299375 0.2771408328125 0.7393757875
543 0.3681303734375 0.7048318421875 0.370634896875 0.7048860125 0.41468318593750003 0.8031034234375 0.5056727265625 0.7578389234375 0.452771821875 0.6649276078125 0.3681303734375 0.7048318421875
543 0.457003909375 0.6631408796875 0.45925923593749995 0.6654514890625001 0.506730728125 0.7542654203125 0.5913721765625 0.714956775 0.5342391828124999 0.6268101484375 0.457003909375 0.6631408796875
543 0.5469354484375 0.6268101484375 0.5437613609375 0.6262145609374999 0.5998363531249999 0.7107876953125001 0.6813037140625 0.667905534375 0.62628680625 0.593457371875 0.5469354484375 0.6268101484375
543 0.43908890625 0.416015521875 0.4401469890625 0.416015521875 0.47188753281249995 0.5017797984375 0.7099416046875 0.41482434687499997 0.6739689734375001 0.338589415625 0.43908890625 0.416015521875
543 0.68560715625 0.3362070765625 0.6828042078125 0.3379464296875 0.7215797875 0.416015521875 0.937415496875 0.3457364453125 0.8887465999999999 0.272479440625 0.68560715625 0.3362070765625
543 0.486699721875 0.5005886234375 0.4857142609375 0.5016369046875 0.5311365296874999 0.555978078125 0.748030240625 0.4725961296875 0.7173476984375 0.4237581265625 0.486699721875 0.5005886234375