58 0.2 0.18828125 0.12265625 0.14609375
58 0.32578125 0.1890625 0.121875 0.146875
58 0.44921875 0.1890625 0.121875 0.146875
58 0.57265625 0.19140625 0.12265625 0.14609375
58 0.7 0.19453125 0.1203125 0.1484375
58 0.81953125 0.1953125 0.109375 0.14453125
58 0.06875 0.484375 0.0921875 0.0859375
58 0.16328125 0.4828125 0.10078125 0.0859375
58 0.25390625 0.484375 0.09375 0.090625
58 0.34609375 0.48671875 0.0921875 0.0859375
58 0.4375 0.48515625 0.08984375 0.0890625
58 0.52734375 0.48515625 0.0890625 0.08515625
58 0.61953125 0.4859375 0.08828125 0.0875
58 0.7125 0.48828125 0.084375 0.0890625
58 0.80390625 0.48671875 0.084375 0.0890625
163 0.1640625 0.74921875 0.1125 0.11875
163 0.271875 0.7515625 0.1109375 0.1140625
163 0.38359375 0.75390625 0.109375 0.115625
163 0.48828125 0.75390625 0.1015625 0.10859375
163 0.596875 0.75234375 0.10625 0.1078125
163 0.7046875 0.753125 0.1078125 0.11640625
163 0.8203125 0.7578125 0.1046875 0.1140625
163 0.43046875 0.96875 0.06875 0.0625
163 0.5078125 0.96953125 0.071875 0.0609375
163 0.584375 0.96875 0.071875 0.0625
163 0.6609375 0.96953125 0.071875 0.0609375
163 0.73828125 0.96640625 0.0703125 0.0671875
163 0.8171875 0.96875 0.0671875 0.0625
116 0.328125 0.9234375 0.0890625 0.15234375
116 0.2421875 0.9203125 0.0796875 0.1453125
116 0.15546875 0.9203125 0.0921875 0.153125
116 0.0640625 0.9140625 0.09609375 0.171875