931 0.03984375 0.05859375 0.0796875 0.11640625
931 0.16875 0.0609375 0.16328125 0.121875
931 0.06328125 0.47265625 0.12578125 0.18828125
931 0.234375 0.45703125 0.203125 0.17421875
789 0.4515625 0.453125 0.1984375 0.16328125
789 0.6390625 0.446875 0.159375 0.14609375
789 0.8640625 0.43671875 0.13984375 0.11875
789 0.4546875 0.071875 0.14296875 0.13984375
789 0.59765625 0.07109375 0.1140625 0.1421875
789 0.709375 0.07421875 0.10859375 0.1375
789 0.82109375 0.08046875 0.1109375 0.1296875
789 0.0875 0.89375 0.15 0.2125
789 0.27109375 0.88125 0.18359375 0.20546875
789 0.48125 0.8453125 0.20859375 0.22109375
789 0.68359375 0.825 0.1796875 0.19453125
789 0.8546875 0.82890625 0.153125 0.13203125
789 0.96953125 0.7953125 0.0609375 0.12890625
789 0.9359375 0.0859375 0.09375 0.12265625