937 0.41171875 0.37890625 0.11171875 0.1828125
937 0.51484375 0.378125 0.08515625 0.1875
937 0.62109375 0.3765625 0.09609375 0.1921875
937 0.7140625 0.371875 0.0828125 0.1921875
937 0.29296875 0.3796875 0.1125 0.1859375
937 0.18671875 0.38203125 0.09375 0.18046875
937 0.096875 0.3828125 0.07734375 0.178125
937 0.02734375 0.39296875 0.0546875 0.15390625
613 0.35 0.69375 0.06484375 0.159375
613 0.403125 0.69375 0.0359375 0.11875
613 0.5046875 0.66015625 0.07421875 0.16953125
613 0.45546875 0.64375 0.01875 0.12890625
613 0.73125 0.6328125 0.0828125 0.08359375
613 0.8578125 0.71796875 0.1140625 0.17734375
613 0.7606396375 0.7703281921875 0.796530809375 0.7049054406249999 0.577353609375 0.628943159375 0.5305511625 0.701057046875 0.7606396375 0.7703281921875
825 0.96171875 0.71484375 0.0765625 0.1828125
613 0.3109375 0.94375 0.10859375 0.1125
613 0.73046875 0.95859375 0.0890625 0.0828125
613 0.8359375 0.94609375 0.0734375 0.10703125
613 0.91015625 0.95390625 0.065625 0.0921875
613 0.5712395453125 0.984985771875 0.5052253484375 0.9003210312500001 0.3727619546875 0.9526487609375 0.43087924062500005 1 0.5712395453125 0.984985771875
613 0.62578125 0.93671875 0.10703125 0.12109375