931 0.09921875 0.465625 0.196875 0.2046875
931 0.0890625 0.05078125 0.153125 0.10078125
789 0.3375 0.48359375 0.2296875 0.17734375
789 0.56640625 0.4859375 0.2 0.18046875
789 0.9140625 0.4921875 0.171875 0.14296875
789 0.2671875 0.0546875 0.16328125 0.109375
789 0.44140625 0.0609375 0.15390625 0.1140625
789 0.6 0.0609375 0.14921875 0.1171875
789 0.3078125 0.8984375 0.24453125 0.20234375
789 0.09453125 0.9078125 0.18671875 0.18359375
789 0.56640625 0.9046875 0.23046875 0.190625
789 0.78671875 0.93125 0.18984375 0.13671875
789 0.94765625 0.93515625 0.1046875 0.12265625