167 0.29296875 0.42109375 0.1953125 0.24453125
167 0.46328125 0.396875 0.13515625 0.1953125
167 0.615625 0.3828125 0.14296875 0.1953125
167 0.121875 0.45546875 0.12578125 0.1390625
58 0.43046875 0.80234375 0.16171875 0.13828125
58 0.084375 0.8984375 0.16171875 0.11796875
58 0.23359375 0.83984375 0.1453125 0.115625
58 0.76171875 0.7015625 0.20078125 0.13828125
58 0.93203125 0.6328125 0.13515625 0.14609375
161 0.93515625 0.90234375 0.1296875 0.1234375
166 0.77421875 0.3296875 0.16484375 0.1484375
166 0.93046875 0.30859375 0.1390625 0.1203125