483 0.2640625 0.18828125 0.16875 0.09453125
483 0.43984375 0.17109375 0.16328125 0.15078125
931 0.609375 0.1921875 0.15 0.1296875
931 0.7671875 0.19609375 0.12578125 0.13515625
931 0.2140625 0.5671875 0.21015625 0.19296875
931 0.478125 0.57890625 0.24453125 0.1875
931 0.70078125 0.57734375 0.18984375 0.19609375
789 0.90859375 0.59609375 0.17421875 0.18359375
789 0.9171875 0.18671875 0.14140625 0.17109375
789 0.36484375 0.9390625 0.234375 0.12109375
789 0.13984375 0.9328125 0.1796875 0.134375
789 0.59296875 0.953125 0.203125 0.09296875
789 0.84453125 0.94296875 0.24296875 0.1140625
163 0.0703125 0.39375 0.1265625 0.21015625
163 0.17890625 0.4203125 0.071875 0.09296875
163 0.24453125 0.41953125 0.04453125 0.08515625