797 0.69140625 0.15078125 0.56796875 0.29296875
797 0.6203125 0.47421875 0.44921875 0.190625
797 0.94453125 0.47890625 0.11015625 0.18359375
807 0.20390625 0.23515625 0.209375 0.3859375
807 0.040625 0.21875 0.08125 0.37734375
933 0.4859375 0.73671875 0.328125 0.14296875
933 0.85 0.7390625 0.3 0.159375
543 0.125 0.56953125 0.12578125 0.103125
543 0.246875 0.5734375 0.0984375 0.08359375
543 0.04375 0.77421875 0.08046875 0.10703125
543 0.1328125 0.7796875 0.08515625 0.0828125
543 0.22421875 0.76953125 0.07578125 0.09140625