105 0.37421875 0.25703125 0.06953125 0.1375
105 0.6546875 0.25390625 0.0640625 0.13828125
105 0.725 0.25234375 0.06328125 0.13828125
105 0.7984375 0.25234375 0.06171875 0.1421875
105 0.58671875 0.2484375 0.06484375 0.1296875
105 0.5171875 0.25 0.065625 0.13515625
635 0.56796875 0.7421875 0.090625 0.10546875
635 0.4640625 0.73984375 0.09765625 0.103125
635 0.87734375 0.74375 0.09296875 0.103125
635 0.32734375 0.740625 0.09609375 0.09453125
635 0.234375 0.73828125 0.09765625 0.1
635 0.1578125 0.74140625 0.0859375 0.09140625
635 0.703125 0.7453125 0.0828125 0.10078125
635 0.78125 0.74453125 0.0640625 0.08125
635 0.37890625 0.49609375 0.0875 0.10703125
635 0.43515625 0.415625 0.08515625 0.0625
51 0.1227563953125 0.8192307703124999 0.15292177499999998 0.930734665625 0.22857591406250002 0.9326583093749999 0.20421273593749997 0.8196447140625001 0.1227563953125 0.8192307703124999
51 0.2124999859375 0.8186298078125 0.239475271875 0.928330121875 0.318335096875 0.9297728265625 0.2933307421875 0.8196447140625001 0.2124999859375 0.8186298078125
51 0.512179471875 0.8420673078125 0.5138818875 0.9552610093749999 0.589536075 0.9518946625 0.5888948984375 0.838400165625 0.512179471875 0.8420673078125
51 0.30144229375 0.8228365390624999 0.32154078125 0.9360246562500001 0.39911835 0.9384292000000001 0.38052541562500003 0.8249347046875 0.30144229375 0.8228365390624999
51 0.39198716562499997 0.8204326921874999 0.401682909375 0.937467396875 0.47669596875 0.941795546875 0.47092572656250004 0.826858346875 0.39198716562499997 0.8204326921874999
105 0.3015625 0.24453125 0.05625 0.12109375
105 0.2375 0.2546875 0.075 0.13984375
105 0.421875 0.11484375 0.07421875 0.1171875
105 0.496875 0.11171875 0.07265625 0.12734375
105 0.63046875 0.10625 0.06015625 0.13203125
105 0.3359375 0.10625 0.06953125 0.11328125
105 0.23671875 0.1140625 0.06484375 0.11171875
105 0.13125 0.11640625 0.0703125 0.11328125
105 0.115625 0.25625 0.06015625 0.12734375
105 0.87421875 0.24765625 0.06171875 0.140625
105 0.840625 0.11015625 0.071875 0.121875
635 0.6546875 0.51328125 0.08828125 0.08828125
635 0.19609375 0.509375 0.08125 0.08984375
635 0.10703125 0.503125 0.0796875 0.0796875
635 0.03125 0.509375 0.0625 0.0796875
635 0.28125 0.5046875 0.0765625 0.1015625
635 0.55703125 0.50234375 0.08359375 0.09140625
635 0.47109375 0.50078125 0.08203125 0.08984375
635 0.77109375 0.50390625 0.0953125 0.0890625
635 0.865625 0.50859375 0.0828125 0.08828125
635 0.5703125 0.41796875 0.0890625 0.06484375
635 0.30078125 0.4140625 0.084375 0.06640625