194 0.2306290953125 0.756830096875 0.0742768640625 0.761836984375 0.0647765625 0.7721801515625 0.0647889859375 0.8219195953125 0.22390850156250003 0.8190208765625 0.2310244171875 0.8037367046874999 0.2306290953125 0.756830096875
194 0.0682352640625 0.823566596875 0.06928099062500001 0.8733719234375 0.2459926046875 0.8638851984375 0.24362064375 0.815924515625 0.0682352640625 0.823566596875
194 0.244806609375 0.8652027999999999 0.06888566874999999 0.8725813546875001 0.07021166718750001 0.8762706421875001 0.0702693109375 0.922123165625 0.2380860453125 0.9131634734375 0.23946968750000003 0.8791693609375001 0.244806609375 0.8652027999999999
194 0.2617043265625 0.6960228109375 0.2395659640625 0.696286328125 0.23027576249999998 0.7105164234375 0.118595590625 0.708408253125 0.1176072703125 0.7007661734374999 0.1077240703125 0.7123610578124999 0.10850445 0.752416134375 0.255379084375 0.7521526171875 0.2630879671875 0.7381860375 0.2617043265625 0.6960228109375
194 0.2366010046875 0.6533325265625 0.1274904703125 0.6535960484375 0.11665710625 0.6667720593750001 0.118595590625 0.7102528968749999 0.23086876093750003 0.70998938125 0.23877532031249998 0.694441684375 0.2366010046875 0.6533325265625
194 0.0877273125 0.7472116140625 0.08495999843749999 0.7016226156250001 0.00054350625 0.6997120890625 0 0.7551172203125 0.07033287499999999 0.7577524234374999 0.0877273125 0.7472116140625
194 0 0.8186255921875001 0.0640076328125 0.8165174421874999 0.0636123109375 0.77198251875 0.0738908328125 0.7617052265625001 0.07705343906249999 0.7619687421875 0.0766581171875 0.757225390625 0 0.7553807375 0 0.8186255921875001
194 0 0.8686944359375 0.0688007234375 0.8686944359375 0.068207725 0.8233689640625 0.0656380875 0.8241595125 0.064452090625 0.8183620749999999 0 0.8186255921875001 0 0.8686944359375
194 0.070184365625 0.8737013234375001 0.0688007234375 0.8689579515625001 0.00054350625 0.8700120359374999 0 0.9184997625 0.0695913671875 0.9171821609374999 0.070184365625 0.8737013234375001
194 0.374014825 0.8808163625000001 0.3975368578125 0.8784446953125 0.396153215625 0.8686944359375 0.3977345046875 0.8592077109374999 0.24561731875 0.867047434375 0.2403939671875 0.878181159375 0.2396033234375 0.902952065625 0.3744101765625 0.8934653406249999 0.374014825 0.8808163625000001
194 0.39812985625 0.8167809484375 0.3979321796875 0.8041319796874999 0.3680849046875 0.8043955046875 0.2514631625 0.8091388671875 0.24494024531249997 0.8281123265625 0.24513790625 0.8671133171875001 0.398525178125 0.8592077109374999 0.39812985625 0.8167809484375
194 0.36773839218750004 0.8049225484375 0.3681337140625 0.760651140625 0.3689243578125 0.7472116140625 0.26001149843750004 0.7506373749999999 0.25269793749999997 0.76697563125 0.25348858124999996 0.8088753515624999 0.36773839218750004 0.8049225484375
194 0.3696612203125 0.7468822140625 0.3712425375 0.7373954890625 0.4056360609375 0.7360778875 0.406426734375 0.70287434375 0.4089963734375 0.6923335234375 0.271224559375 0.6947052 0.264899303125 0.70630009375 0.2645039796875 0.749517415625 0.3696612203125 0.7468822140625
194 0.41062646875000003 0.659986421875 0.410824115625 0.6504996984375 0.41359142968749996 0.6420670375 0.278474996875 0.644043440625 0.27245933437500003 0.654979534375 0.2730523171875 0.6952981359375 0.41161478906250004 0.691872365625 0.41062646875000003 0.659986421875
194 0.41534081718750004 0.6028684046875 0.28036589375 0.6054377328125 0.281551875 0.644702240625 0.415765715625 0.6407494375 0.41534081718750004 0.6028684046875
194 0.34519967500000004 0.550625521875 0.286888796875 0.5482538359375 0.2768079359375 0.5622204109375 0.27838925312499996 0.6038566046875 0.41537039375000007 0.602539003125 0.41556806875 0.5630109703125 0.4128007546875 0.5537877609375 0.3483623109375 0.5527336859374999 0.34519967500000004 0.550625521875
194 0.5560484859375 0.7410188828125001 0.546758284375 0.7349579187499999 0.370871778125 0.737593121875 0.3704419921875 0.7441811265625 0.3684653515625 0.8047907796875 0.5580251265625 0.800574459375 0.5560484859375 0.7410188828125001
194 0.5538741703125 0.8134869546875001 0.548339603125 0.801365028125 0.4017530546875 0.80676718125 0.4010799109375 0.849325703125 0.40206823125 0.864609884375 0.5530835265625 0.8606570796874999 0.5538741703125 0.8134869546875001
194 0.5414562046875 0.6960886859375 0.406451690625 0.7010955734375 0.40595290781250004 0.7366049203125 0.546990803125 0.7348261703125 0.54659548125 0.7105822984375 0.5414562046875 0.6960886859375
194 0.54659548125 0.6589323375 0.54165388125 0.64522929375 0.4220671484375 0.649709128125 0.4115909578125 0.6499726453125 0.412381609375 0.6597229062500001 0.4121839484375 0.7003050046875 0.5475838000000001 0.6963522015625 0.54659548125 0.6589323375
194 0.5485721203125 0.6478644953125 0.5436305203125 0.63890479375 0.413858515625 0.6414082375 0.4145559109375 0.6504996984375 0.541258528125 0.64522929375 0.5430375234375 0.6478644953125 0.5485721203125 0.6478644953125
194 0.41830541875 0.602539003125 0.41811386875 0.6410129640625 0.5444211640625001 0.6375871921875 0.5450141625 0.6006943609375 0.41830541875 0.602539003125
194 0.4160819671875 0.56235216875 0.4159395671875 0.603066046875 0.54323516875 0.6001673281250001 0.5426422015625 0.558531128125 0.4160819671875 0.56235216875
194 0.6288597328125001 0.543510478125 0.629848053125 0.5477267984374999 0.547018609375 0.549022878125 0.5470268359375 0.5996402859375001 0.5505847937499999 0.605437721875 0.718796865625 0.6028025203125 0.7189945109375 0.5514160859375 0.70832066875 0.5437739953125 0.6288597328125001 0.543510478125
194 0.7176108703125 0.656297134375 0.7182038671875 0.6035930890625 0.5484104921874999 0.60517420625 0.54652448125 0.6002332015625 0.5458408546875 0.6383777515625 0.5493988125 0.64865504375 0.5503871328125001 0.6557701015624999 0.7176108703125 0.656297134375
194 0.5497361328125 0.65623125 0.5499419296875 0.7072224109375 0.716968021875 0.706168346875 0.71736334375 0.65557245 0.5497361328125 0.65623125
194 0.6763469328125 0.753404334375 0.6771375765625 0.7125587 0.7127170953124999 0.711504625 0.71251945 0.707024778125 0.5494890828125001 0.708605896875 0.549051315625 0.7362755203125 0.556364878125 0.7415459249999999 0.5569578765625 0.75893825625 0.6763469328125 0.753404334375
194 0.711728775 0.7829186124999999 0.7016479296875 0.7697426015625 0.5573531984375 0.7736954046875 0.557550875 0.7794928421875 0.5571555375 0.8192843921874999 0.5634807937499999 0.8335144890624999 0.7121241281249999 0.8261359140625 0.711728775 0.7829186124999999
194 0.726553575 0.8740966078125 0.7251699328125001 0.829034653125 0.7148914109375 0.8163856734375001 0.7123217734375 0.816649190625 0.7121241281249999 0.82560888125 0.5622947984375 0.83298745625 0.557394690625 0.8206019937500001 0.55359759375 0.8206019937500001 0.5541905765624999 0.8377308078124999 0.5539929156250001 0.8822657312500001 0.726553575 0.8740966078125
194 0.8891648796875 0.72197955 0.8703868 0.7109116984375 0.7108128734375 0.7188173046874999 0.709290628125 0.7667779984374999 0.7235224453125 0.782062159375 0.88837420625 0.7752106375000001 0.8891648796875 0.72197955
194 0.899641078125 0.7775823234375 0.8889672031250001 0.770467265625 0.8885718812500001 0.7754741546874999 0.7239177671875 0.78179864375 0.7179773296875 0.77745055625 0.71660420625 0.8121034703125 0.7322196640625 0.831603971875 0.8988504031250001 0.8231713109375001 0.899641078125 0.7775823234375
194 0.9156518421875001 0.8874702515624999 0.9178261593749999 0.8363473234375001 0.8988504031250001 0.8223807624999999 0.7328003421875 0.8331192046875 0.7310336687500001 0.87455775625 0.869991478125 0.86876031875 0.8701891234374999 0.8919501078125001 0.9156518421875001 0.8874702515624999
194 0.836737375 0.6314603453125 0.7184714296875 0.63383203125 0.717348334375 0.680738640625 0.8373303734374999 0.6788939859374999 0.836737375 0.6314603453125
194 0.8163780078125 0.576911665625 0.7179413171875 0.5803374265625 0.71945963125 0.587715990625 0.718534315625 0.634886115625 0.8369350515624999 0.63014274375 0.8371327281250001 0.586398390625 0.8163780078125 0.576911665625
194 0.6981749171875 0.5429175515625 0.7084534546875 0.5423905140625 0.7183366546875 0.5526678031250001 0.7183366546875 0.5811279859375 0.8183546484375 0.5774387078125 0.8203312875 0.5329037859375 0.6843785 0.5369883468750001 0.6843384375 0.540545871875 0.6942216375 0.5408093921875 0.6981749171875 0.5429175515625
107 0.9998263156249999 0.7293047406250001 0.9717472015625 0.722216584375 0.9127644125 0.7293047406250001 0.912598265625 0.829867940625 0.9184134687500001 0.834962559375 0.919078065625 0.838728134375 0.9463518015625001 0.8498033765624999 0.94499725625 0.8289819171874999 1 0.8289819171874999 0.9998263156249999 0.7293047406250001
87 0.8966049796875 0.7758207515625 0.8997618062500001 0.77936484375 0.8994295015624999 0.821450765625 0.91172450625 0.8305324609375001 0.911059909375 0.7888895421875 0.911558359375 0.730633775 0.950603296875 0.725096153125 0.9738641093749999 0.722216584375 0.96804890625 0.694085465625 0.9653905296874999 0.6763650765625 0.9502709921875001 0.6575371640625 0.935151465625 0.6342791546875 0.9253486921875 0.6313995890624999 0.9168751125 0.6387092515624999 0.9162409859375 0.637989359375 0.9118906515624999 0.6511135203125 0.9052447062500001 0.7069327453125 0.9030847796874999 0.733513328125 0.8966049796875 0.7758207515625
194 0.22925949218750002 0.652752171875 0.270641228125 0.6548889953125 0.2783638796875 0.6426508125 0.2775811453125 0.603702271875 0.27195261249999997 0.6071017703125 0.230279459375 0.608461578125 0.22925949218750002 0.652752171875
194 0.228530940625 0.6533349484375 0.228956184375 0.6071017703125 0.1855463921875 0.6082673093750001 0.184817840625 0.652752171875 0.228530940625 0.6533349484375
194 0.1840892890625 0.6533349484375 0.183791425 0.60685895 0.1402304765625 0.6078788015625001 0.1405218921875 0.6525579171875 0.1840892890625 0.6533349484375
194 0.17898942812500002 0.5511557484375 0.1399390546875 0.5507672328125001 0.1393562109375 0.6065190078125 0.1845198890625 0.605402021875 0.1855463921875 0.5610628531249999 0.1808836546875 0.5602858296875 0.17898942812500002 0.5511557484375
194 0.1859768171875 0.5609657265625 0.185254965625 0.608461578125 0.229842325 0.607296025 0.22998804375 0.560480084375 0.1859768171875 0.5609657265625
194 0.27821816093749996 0.6032166296875 0.27719819375 0.5624226546875 0.23077734374999997 0.5607229046875 0.23013375156250002 0.6076845468750001 0.272389746875 0.608461578125 0.27821816093749996 0.6032166296875
194 0.28929215468749997 0.520074625 0.2703498125 0.5202688828124999 0.226042328125 0.5201717515625 0.22386820312500003 0.56009156875 0.2680184375 0.5612571156249999 0.28900071562499996 0.5428026984375001 0.28929215468749997 0.520074625
194 0.22372249531250002 0.5614513703124999 0.2258602125 0.5201717515625 0.18102936249999999 0.5204631359375 0.1803008109375 0.5608685999999999 0.22372249531250002 0.5614513703124999
194 0.1803008109375 0.5509614953125 0.18069545468749998 0.520900215625 0.136879134375 0.5202688828124999 0.136004875 0.5507672328125001 0.1803008109375 0.5509614953125
194 0.3465409421875 0.5527098031250001 0.38005431875 0.553486834375 0.38011243281249996 0.5211430359375 0.3305128046875 0.5216286796875 0.3299299625 0.534838159375 0.3465409421875 0.5527098031250001
194 0.380840896875 0.5216286796875 0.38063715 0.55387535 0.41371340312499993 0.5536810890625 0.41429623437499996 0.52065739375 0.380840896875 0.5216286796875
194 0.4469287765625 0.5571777140624999 0.44722019218750003 0.5218229375 0.41471446562500003 0.5216286796875 0.4135611078125 0.553486834375 0.41443536875 0.55659494375 0.4469287765625 0.5571777140624999
194 0.47927646562500004 0.52065739375 0.44676687499999995 0.5211430359375 0.4469287765625 0.5550408890625 0.479422184375 0.5558179203125 0.47927646562500004 0.52065739375
194 0.512207009375 0.522211453125 0.47954774687499996 0.5218715 0.479130746875 0.5554294046875 0.5116241546875 0.5567892046875 0.512207009375 0.522211453125
194 0.5432432921875 0.5486304093750001 0.5432432921875 0.5208516515625 0.513057084375 0.5216286796875 0.51118701875 0.5529040640625 0.5429518765625 0.5532925734374999 0.5432432921875 0.5486304093750001
194 0.5511006875 0.549990209375 0.5885482375 0.549018925 0.5882709765625 0.520900215625 0.5435237546875 0.519297596875 0.543232315625 0.5437739828125 0.5511006875 0.549990209375
194 0.588999440625 0.52065739375 0.58956820625 0.547076353125 0.6283271625 0.5480476390625 0.62818144375 0.5202688828124999 0.588999440625 0.52065739375
194 0.8036064578125 0.3644688734375 0.8082773421875 0.366300375 0.8088268515625 0.3732600734375 0.81212394375 0.3721611890625 0.93576521875 0.37472528125000004 0.9358516421875 0.3224358984375 0.8134977359375 0.3164835171875 0.8036064578125 0.321978021875 0.8036064578125 0.3644688734375
194 0.8064448015625001 0.4251550578125 0.81165691875 0.42901542499999995 0.9352035578125 0.43055956718750005 0.9347395328125 0.3767717875 0.8132012578125 0.371881996875 0.8083752171875 0.3744555734375 0.8064448015625001 0.4251550578125
194 0.8029700468750001 0.430044859375 0.8018118 0.47199416562499996 0.8058656718749999 0.47250889375 0.9072125265625001 0.47199416562499996 0.90624731875 0.4848620546875 0.9288331796874999 0.48383262031249996 0.9291902546875 0.431460315625 0.81300821875 0.430044859375 0.8070239328125 0.42824334375 0.8029700468750001 0.430044859375
194 0.80733511875 0.367482296875 0.710503125 0.3651906875 0.701816253125 0.3669921953125 0.7031675453124999 0.42438297656249996 0.708186625 0.4251550578125 0.8066378406249999 0.42438297656249996 0.80733511875 0.367482296875
194 0.7023953765625001 0.366734840625 0.7072214156250001 0.3651906875 0.8027770078125 0.3651906875 0.8027632468749999 0.309858765625 0.7074144625 0.3072851875 0.70143016875 0.31243234375 0.7023953765625001 0.366734840625
194 0.7106961640625 0.3062557578125 0.7902293046875 0.3096014125 0.7923885109375 0.25163156875000003 0.716101334375 0.24680610937499997 0.7128196250000001 0.24860761406249998 0.7106961640625 0.3062557578125
194 0.8031631000000001 0.42464033125 0.7045188390625 0.42541241249999995 0.701428621875 0.42566976562500003 0.6998858375 0.47096473124999993 0.8029700468750001 0.4722515203125 0.8031631000000001 0.42464033125
194 0.70050630625 0.471394240625 0.7012275546875 0.42524038906249995 0.6319711484375 0.42475961562500003 0.6286226390625 0.4287660265625 0.628382228125 0.47203525625 0.70050630625 0.471394240625
194 0.7026700499999999 0.3672275734375 0.63497595625 0.3646634625 0.6322288421875 0.42459937343750004 0.7017083734375 0.42524038906249995 0.7026700499999999 0.3672275734375
194 0.6370371140625 0.3662660265625 0.7031508703125 0.3662660265625 0.7029104421875 0.309214759375 0.6436898984375 0.3045673078125 0.6423262249999999 0.359214753125 0.6367967046875 0.3617788421875 0.6370371140625 0.3662660265625
194 0.6442495218750001 0.298958334375 0.6442495218750001 0.30440706562500003 0.7033912625000001 0.309214759375 0.7094016015625 0.306650646875 0.712046165625 0.247996803125 0.644891821875 0.24286859062500002 0.6045812796875001 0.27427884375 0.605783346875 0.2963942453125 0.6442495218750001 0.298958334375
194 0.6442495218750001 0.185496796875 0.6351138171875 0.197035259375 0.6403846093750001 0.24607371875 0.6440091125 0.24158654687499997 0.7118057375 0.247355775 0.7134886625 0.18806090312499998 0.6442495218750001 0.185496796875
194 0.607741203125 0.1863901703125 0.6341336109375 0.18368359218750002 0.6349144515625 0.19575912499999998 0.644128359375 0.1849327828125 0.715341003125 0.18951315468750002 0.716590353125 0.14016998593750002 0.6480325609375 0.1355896140625 0.641004996875 0.1349650109375 0.607741203125 0.1863901703125
194 0.5564834000000001 0.23127707343749998 0.5639481281250001 0.23208945781249998 0.5636434375 0.2666160015625 0.5648621734375 0.2881443140625 0.5931976609375 0.2855040578125 0.6046232625 0.2739275015625 0.6399664625 0.24671246562500002 0.634082509375 0.1833461015625 0.5645574843750001 0.1941102578125 0.5564834000000001 0.2034527390625 0.5564834000000001 0.23127707343749998
194 0.5631475296875 0.3644073625 0.5715263046875 0.3611578078125 0.6416033234375 0.3609547140625 0.6435837656250001 0.29901002499999996 0.572582103125 0.296318984375 0.567870109375 0.3006348015625 0.5639092359375 0.3040874578125 0.5631475296875 0.3644073625
194 0.5625364171875 0.42477803593749996 0.6316993921875 0.4251842328125 0.6332228062499999 0.36222406406249996 0.5657355843749999 0.3636457421875 0.5632523203125 0.36587981406250003 0.5617747109375 0.3863926484375 0.55827085625 0.3863926484375 0.55842320625 0.42457494218749997 0.5625364171875 0.42477803593749996
194 0.6274338296875 0.4264028125 0.5573498046875 0.42477803593749996 0.5552240281249999 0.47149041875000003 0.62773851875 0.47189662187500003 0.6274338296875 0.4264028125
194 0.7192161546875 0.24655818749999997 0.7550994515625 0.25142313125000004 0.7563158484375 0.21250356718750002 0.722951296875 0.20986838125 0.712526040625 0.218449603125 0.711309659375 0.2484501125 0.7192161546875 0.24655818749999997
194 0.0875 0.3 0.03671875 0.0390625
194 0.12421875 0.1765625 0.03671875 0.04453125
194 0.125 0.22109375 0.03515625 0.040625
194 0.16796875 0.13671875 0.04765625 0.04765625
194 0.16640625 0.1859375 0.046875 0.053125
194 0.165625 0.23984375 0.04921875 0.05546875
194 0.2140625 0.2421875 0.04765625 0.05546875
194 0.215625 0.18828125 0.04921875 0.05390625
194 0.1234375 0.26015625 0.03671875 0.0421875
194 0.1234375 0.3 0.03515625 0.040625
194 0.165625 0.29453125 0.04921875 0.05390625
194 0.2140625 0.29609375 0.0484375 0.05546875
194 0.084375 0.33828125 0.0359375 0.03984375
194 0.078125 0.37890625 0.0390625 0.04296875
194 0.07890625 0.4203125 0.0390625 0.03984375
194 0.0796875 0.45390625 0.04140625 0.028125
194 0.11953125 0.4546875 0.0390625 0.02734375
194 0.11875 0.4203125 0.03984375 0.03828125
194 0.16484375 0.34921875 0.04765625 0.053125
194 0.21328125 0.35 0.046875 0.053125
194 0.16328125 0.4015625 0.05 0.05546875
194 0.2140625 0.40390625 0.04921875 0.05234375
194 0.1640625 0.4484375 0.05 0.03984375
194 0.21328125 0.44921875 0.0515625 0.0390625
194 0.121875 0.33984375 0.0359375 0.03984375
194 0.11875 0.38046875 0.03984375 0.03984375
194 0.30625 0.18984375 0.05 0.05703125
194 0.3046875 0.24296875 0.0484375 0.0546875
194 0.3546875 0.1984375 0.0484375 0.05625
194 0.35390625 0.24921875 0.046875 0.05625
194 0.3078125 0.296875 0.0484375 0.05390625
194 0.35703125 0.303125 0.046875 0.053125
194 0.30390625 0.35078125 0.0484375 0.0546875
194 0.353125 0.35703125 0.04609375 0.05234375
194 0.30390625 0.4046875 0.05078125 0.053125
194 0.35234375 0.4078125 0.04609375 0.05078125
194 0.303125 0.45078125 0.04765625 0.03984375
194 0.3515625 0.45234375 0.046875 0.0390625
194 0.3203125 0.14375 0.04609375 0.05
194 0.280197125 0.21509203124999998 0.280665996875 0.1781754421875 0.2436876328125 0.1711213171875 0.24262938906249998 0.209448728125 0.280197125 0.21509203124999998
194 0.27984438125 0.25553568437499996 0.2811068796875 0.2146217546875 0.2428057609375 0.21062441562499998 0.2413947609375 0.249422103125 0.27984438125 0.25553568437499996
194 0.27702239375 0.293157684375 0.27912290624999997 0.2548890515625 0.2403365171875 0.24918696875 0.23663265781249998 0.28751437968750004 0.27702239375 0.293157684375
194 0.27772789375 0.329603996875 0.280004671875 0.29574419218750003 0.2389255296875 0.28821979999999997 0.2375145296875 0.328193175 0.27772789375 0.329603996875
194 0.2779923921875 0.36916587343749996 0.27846158125 0.3304269734375 0.237779040625 0.3291925078125 0.23848454062500002 0.36940102656249996 0.2779923921875 0.36916587343749996
194 0.2771105203125 0.4081987140625 0.27713893437500003 0.36893074062500003 0.23760266875 0.3682253375 0.23866091250000002 0.40843384687500006 0.2771105203125 0.4081987140625
194 0.276182996875 0.444292315625 0.27493451874999997 0.40919803750000006 0.2386152484375 0.40831627187499997 0.2391443765625 0.4440571828125 0.276182996875 0.444292315625
194 0.280415971875 0.46968715625 0.27978423124999996 0.443586896875 0.2391443765625 0.444292315625 0.2387916203125 0.46851146874999994 0.280415971875 0.46968715625
194 0.2446119796875 0.1714740265625 0.25731093125000004 0.173590259375 0.2576636875 0.141846696875 0.2410844921875 0.1157464375 0.19381208125 0.11468831718750001 0.192052409375 0.1604225625 0.2389679921875 0.164184759375 0.2446119796875 0.1714740265625
194 0.42287029374999996 0.1987499734375 0.387580078125 0.1990438953125 0.38671354375 0.2382530765625 0.4246340375 0.2384882109375 0.42287029374999996 0.1987499734375
194 0.388241403125 0.2384294265625 0.389359159375 0.27799131250000003 0.42710329375 0.279637278125 0.4249867796875 0.2410747234375 0.388241403125 0.2384294265625
194 0.4249867796875 0.2803426875 0.38140771875 0.2775210359375 0.380893196875 0.32995670625 0.428337909375 0.3330134828125 0.4249867796875 0.2803426875
194 0.37677845 0.329545209375 0.375601965625 0.3833329125 0.4219884203125 0.38403833125000003 0.4205774203125 0.3318377953125 0.37677845 0.329545209375
194 0.3763375671875 0.383626834375 0.375601965625 0.43341720781250004 0.42128293437500003 0.43341720781250004 0.4219884203125 0.3838031984375 0.3763375671875 0.383626834375
194 0.42549600156249995 0.1267391140625 0.424457678125 0.1744132453125 0.4706677609375 0.17629434375 0.4704913765625 0.126915465625 0.42549600156249995 0.1267391140625
194 0.46890401718749997 0.176529478125 0.4230711453125 0.1752362234375 0.423752165625 0.22802459375 0.46925676093749996 0.22943541562499997 0.46890401718749997 0.176529478125
194 0.426157325 0.2299056921875 0.427279653125 0.2795197015625 0.47225512031249994 0.281165675 0.4710205046875 0.22943541562499997 0.426157325 0.2299056921875
194 0.4272595328125 0.2804602546875 0.42904339687500004 0.332660790625 0.47419525 0.331485103125 0.47278424843750005 0.2806953890625 0.4272595328125 0.2804602546875
194 0.4681985046875 0.33348376874999996 0.4237324703125 0.3327783484375 0.423399421875 0.38286264375 0.4673166328125 0.38403833125000003 0.4681985046875 0.33348376874999996
194 0.4669638890625 0.3852728078125 0.42263026249999996 0.3845086 0.42181206250000003 0.43347599531250003 0.4662584015625 0.4339462625 0.4669638890625 0.3852728078125
194 0.4204010625 0.4339462625 0.375235359375 0.433593553125 0.37454370937500003 0.47086284375 0.42075380625000003 0.47086284375 0.4204010625 0.4339462625
194 0.4210871734375 0.434181396875 0.4214592921875 0.4713331296875 0.4674930171875 0.4713331296875 0.4666111453125 0.434181396875 0.4210871734375 0.434181396875
194 0.47112737187500003 0.1276208796875 0.4708441203125 0.17582406718750002 0.5165251015625001 0.1767646203125 0.514937715625 0.128091153125 0.47112737187500003 0.1276208796875
194 0.5161723578124999 0.177705165625 0.47002516562499996 0.17582406718750002 0.4710205046875 0.2275543171875 0.516701459375 0.2266137734375 0.5161723578124999 0.177705165625
194 0.5177597171875 0.22637862968750003 0.4720091375 0.22931784843749997 0.47419525 0.279754853125 0.4771936078125 0.276698059375 0.519876203125 0.277403478125 0.5177597171875 0.22637862968750003
194 0.5209344609375 0.33007426406249996 0.5209344609375 0.2776386125 0.47862237968750004 0.2775210359375 0.473313378125 0.2818710765625 0.4740188640625 0.33054455 0.4801919671875 0.33007426406249996 0.5209344609375 0.33007426406249996
194 0.47119689062500003 0.3826862796875 0.5156432296875 0.3833917 0.5152904859375 0.33142630624999997 0.4733317859375 0.3316026609375 0.46890401718749997 0.33401282499999996 0.4678457609375 0.3829214328125 0.47119689062500003 0.3826862796875
194 0.5129976140625 0.43512195 0.5137031000000001 0.384332253125 0.4687025171875 0.3845086 0.4678457609375 0.3852728078125 0.4669638890625 0.434886815625 0.5129976140625 0.43512195
194 0.4678207515625 0.4350631625 0.4678457609375 0.47180339687500006 0.5117629984375001 0.47180339687500006 0.5112338703125 0.4346516828125 0.4678207515625 0.4350631625
194 0.512129475 0.43623884999999996 0.5121157421875 0.47203853125000006 0.555327465625 0.47203853125000006 0.555327465625 0.435357084375 0.512129475 0.43623884999999996
194 0.5145543296875 0.3845086 0.5137031000000001 0.434886815625 0.557091209375 0.434886815625 0.557091209375 0.385507940625 0.5145543296875 0.3845086
194 0.5163178609375 0.331896584375 0.5161723578124999 0.3838031984375 0.5627351843749999 0.3856842875 0.56220605625 0.332072946875 0.5163178609375 0.331896584375
194 0.5213880125 0.3304269734375 0.5637934421875 0.33230808125 0.564498928125 0.28222378593749997 0.5218163328125 0.280812965625 0.5213880125 0.3304269734375
194 0.5216399484375 0.280812965625 0.5639698 0.2812832421875 0.5639332046875001 0.2328449109375 0.5223454609375 0.2314340859375 0.518465203125 0.2342557375 0.5216399484375 0.280812965625
194 0.5221690765625 0.23043475781249997 0.5572675671875 0.2323158546875 0.556032953125 0.1897559671875 0.516538303125 0.1890505515625 0.5179361015625 0.2254968640625 0.518465203125 0.2349023640625 0.5221690765625 0.23043475781249997
194 0.5572675671875 0.1440805046875 0.515876978125 0.1440805046875 0.516701459375 0.18922690625 0.5562093375 0.18922690625 0.5572675671875 0.1440805046875
194 0.035587010937500003 0.4681770296875 0.059304800000000005 0.4677914125 0.058581696875 0.42325362499999997 0.004193490625 0.422048596875 0.0043489421875000005 0.47878126718749997 0.03544238125 0.4809021109375 0.035587010937500003 0.4681770296875
194 0.0011672921875 0.42132558124999997 0.0588709328125 0.42306082343750007 0.058419696875 0.3663763578125 0.0031919828125 0.3640627046875 0 0.411878175 0.0011672921875 0.42132558124999997
194 0.059050640625 0.365556940625 0.05890601250000001 0.3576519671875 0.065269334375 0.357459159375 0.065413940625 0.3215975640625 0.057315198437500006 0.3187055 0.021738509375 0.317163065625 0.0192799625 0.3638217 0.059050640625 0.365556940625
194 0.7143530171875 0.0710855609375 0.8861856953125 0.0833266296875 0.8860120218749999 0.021072104687500003 0.7180257796875 0.008831048437499999 0.7148776890625 0.009880278125 0.7143530171875 0.0710855609375
194 0.6820672812499999 0.0000874359375 0.6815605203125 0.026318271875 0.71540238125 0.027717254687499998 0.7148776890625 0 0.6820672812499999 0.0000874359375
194 0.6807557390625 0.0271926328125 0.6794617921875 0.0633911921875 0.7138283249999999 0.061642470312499996 0.7127789812499999 0.026318271875 0.6807557390625 0.0271926328125
194 0.6807734921875 0.0238700578125 0.6807557390625 0.0005246171875 0.645357596875 0 0.6458822890625 0.021072104687500003 0.6807734921875 0.0238700578125
194 0.5994401500000001 0.0005246171875 0.5991857671874999 0.0438054953125 0.6432588890625001 0.0459039703125 0.6443082328124999 0 0.5994401500000001 0.0005246171875
194 0.5518967625 0.0013989781249999999 0.5530139265625 0.0427562640625 0.59892343125 0.044504985937500005 0.59997279375 0.0000874359375 0.5518967625 0.0013989781249999999
194 0.5515688765625 0.042056771874999996 0.5511775546875 0.060942978125000005 0.59630003125 0.06269170156250001 0.595513003125 0.045204478125 0.5515688765625 0.042056771874999996
194 0.5994401500000001 0.0438054953125 0.5986610953125 0.0633911921875 0.6411601609375001 0.0654896546875 0.6408978249999999 0.0469532 0.5994401500000001 0.0438054953125
194 0.6453441125 0.023258007812500002 0.6437875140625 0.058494765625 0.6799904375 0.061642470312499996 0.679203409375 0.024219809375 0.6453441125 0.023258007812500002
194 0.55250900625 0.042406525 0.550257334375 0.0000874359375 0.508435903125 0.0000874359375 0.507648875 0.0389090796875 0.55250900625 0.042406525
194 0.5073904921875 0.04030805 0.5076322281250001 0.0005246171875 0.4604316328125 0.0011366671875 0.46069396874999996 0.0368106046875 0.5073904921875 0.04030805
194 0.5037256328125 0.040657803125 0.45877729843750004 0.0376849671875 0.4575538015625 0.0535983375 0.5032009609375 0.058494765625 0.5037256328125 0.040657803125
194 0.4580784734375 0.0368106046875 0.45812152656249994 0.0000874359375 0.4108572796875 0.0000874359375 0.4116443078125 0.033662912499999996 0.4580784734375 0.0368106046875
194 0.4115617953125 0.034187521875 0.41111963593749995 0.054297828125 0.45912783749999997 0.05534705937499999 0.4580784734375 0.036460865625 0.4115617953125 0.034187521875
194 0.3612947828125 0 0.3605077953125 0.0279795515625 0.4119264046875 0.02832931875 0.41123390937500004 0 0.3612947828125 0
194 0.3622591109375 0.0288183125 0.362014340625 0.0495876140625 0.41117669531249995 0.052749740625 0.4116079375 0.0303275046875 0.3622591109375 0.0288183125
194 0.3607206140625 0.0277403203125 0.36118111875 0.000071865625 0.31091138125 0 0.31091138125 0.025728078124999998 0.3607206140625 0.0277403203125
194 0.311324003125 0.026662328125000002 0.31155824375 0.0472879125 0.3617987359375 0.0493001546875 0.3613674609375 0.0271654 0.311324003125 0.026662328125000002
194 0.264161865625 0.026302998437500003 0.2641804859375 0.043838325 0.311402234375 0.0464255109375 0.311186596875 0.026877940625000003 0.264161865625 0.026302998437500003
194 0.26389236718750003 0 0.26374924375000003 0.0240032953125 0.30989283749999996 0.025153135937499998 0.30989283749999996 0 0.26389236718750003 0
107 1 0.3508037296875 0.9451961328125 0.35410255468749996 0.9363403281249999 0.35653326875 0.9355589453125001 0.39959158906250003 0.9519682125 0.3971608625 1 0.396813621875 1 0.3508037296875
107 0.930870571875 0.43084359218749996 0.93008916875 0.4433443875 0.9522286734375 0.439524703125 0.9998937296875001 0.43778848125 0.9998036453125 0.396813621875 0.9517077515624999 0.396813621875 0.9355589453125001 0.40132781093750003 0.93581940625 0.43188530937499997 0.930870571875 0.43084359218749996
107 0.9483217015625 0.47980505781250005 0.9483217015625 0.460359371875 1 0.46070661093750004 0.9988518671875 0.43883019843750004 0.94441473125 0.44021918125 0.9303496499999999 0.44264990937500004 0.9295682484375 0.48084680156250004 0.9483217015625 0.47980505781250005
107 0.8753915718749999 0.3176418859375 0.9076892046875 0.319725346875 0.9360798671874999 0.32180882187500004 0.9777542265625 0.3211143296875 0.9773412671875 0.27961861250000003 0.9087310687500001 0.2818757078125 0.8759125140625 0.2929875328125 0.8753915718749999 0.3176418859375
107 0.9772333046874999 0.3523663328125 0.9777542265625 0.3225033125 0.9363230140625 0.322590115625 0.9366007875 0.35722776093749997 0.94441473125 0.3534080640625 0.9772333046874999 0.3523663328125
107 1 0.281181215625 0.9779923515625001 0.28048672343750003 0.9772333046874999 0.32285055156250003 0.9824426 0.3231977921875 0.9824426 0.31729464687500003 1 0.31382220156249996 1 0.281181215625
107 0.9493446828125001 0.2457622765625 0.948061240625 0.280139478125 0.9998937296875001 0.2808339765625 0.9993728078125 0.2495819671875 0.9493446828125001 0.2457622765625
107 0.9467589171874999 0.27944499375 0.948042515625 0.2457622765625 0.888414809375 0.2419425859375 0.8871124859374999 0.2780560171875 0.9467589171874999 0.27944499375
107 0.8876334281249999 0.24298432343749998 0.8647038421875 0.2418557765625 0.8358009390625 0.27527805625 0.8876334281249999 0.27944499375 0.8876334281249999 0.24298432343749998
107 1 0.46053299062499997 0.9493446828125001 0.46148790625 0.9470233015625 0.5008133453125 1 0.5018550765625001 1 0.46053299062499997