659 0.41875 0.21953125 0.1765625 0.12734375
659 0.42578125 0.30703125 0.1703125 0.04140625
659 0.428125 0.35234375 0.16953125 0.0421875
659 0.42578125 0.38828125 0.1609375 0.0390625
659 0.42890625 0.42578125 0.1609375 0.0390625
659 0.4296875 0.4578125 0.15234375 0.0375
659 0.56796875 0.4171875 0.11796875 0.0921875
659 0.57734375 0.31171875 0.1234375 0.10625
659 0.58046875 0.19765625 0.1375 0.121875
659 0.5515625 0.03828125 0.13984375 0.0765625
659 0.5734375 0.10625 0.14140625 0.05703125
488 0.7377541203125 0.445321928125 0.7672188265625 0.1783350890625 0.6516862203125 0.176198478125 0.62623604375 0.4502599921875 0.7377541203125 0.445321928125
488 0.816418303125 0.46383959687500004 0.829837459375 0.2663178 0.7608552265624999 0.23310062187499997 0.7372913609375 0.4397666421875 0.7719961484375 0.46877766093749995 0.816418303125 0.46383959687500004