193 0.28203125 0.07890625 0.14296875 0.1578125
193 0.48046875 0.07734375 0.13984375 0.1546875
193 0.20859375 0.31640625 0.14296875 0.18203125
193 0.621875 0.31015625 0.140625 0.17421875
193 0.8578125 0.3109375 0.11796875 0.18359375
193 0.671875 0.078125 0.065625 0.15546875
193 0.82421875 0.06953125 0.059375 0.13671875
193 0.959375 0.078125 0.08046875 0.153125
647 0.14453125 0.49375 0.09453125 0.06796875
647 0.2359375 0.4890625 0.08203125 0.06875
647 0.3125 0.48671875 0.0640625 0.06484375
647 0.39375 0.48828125 0.06875 0.0640625
647 0.46796875 0.48828125 0.06875 0.06640625
647 0.54453125 0.484375 0.065625 0.0625
240 0.62109375 0.48203125 0.075 0.06328125
240 0.690625 0.4875 0.06171875 0.05390625
240 0.6890625 0.42890625 0.05859375 0.053125