167 0.04609375 0.4375 0.090625 0.2359375
167 0.1609375 0.421875 0.11796875 0.20390625
167 0.30859375 0.39375 0.159375 0.18203125
166 0.46953125 0.3609375 0.1484375 0.18046875
166 0.6140625 0.3296875 0.13515625 0.12734375
166 0.778125 0.309375 0.12890625 0.12578125
58 0.1265625 0.83515625 0.178125 0.10703125
58 0.43984375 0.70703125 0.21171875 0.13125
58 0.63984375 0.65 0.1734375 0.12578125
58 0.7859375 0.5890625 0.11328125 0.1046875
161 0.64453125 0.90390625 0.128125 0.13984375
161 0.48046875 0.95078125 0.1203125 0.0984375