194 0.0736693609375 0.5513980140625 0.1174028 0.553064821875 0.10966417656250001 0.40553877031249996 0.0809582671875 0.4022184609375 0.0657557015625 0.408330096875 0.0736693609375 0.5513980140625
194 0.38177253437499997 0.367918453125 0.38947794375 0.362084615625 0.3499095953125 0.3590287953125 0.3426875453125 0.3611037734375 0.3422041859375 0.5614042734375 0.341995934375 0.5829826265625 0.38260555625000003 0.5840938390625 0.38177253437499997 0.367918453125
194 0.42321517656249996 0.3872287890625 0.4227986578125 0.3763945203125 0.4227986578125 0.366949271875 0.3848963515625 0.3655602625 0.38148138125000003 0.369782484375 0.3819807859375 0.584235840625 0.42113263281249996 0.583680246875 0.42321517656249996 0.4019522859375 0.42321517656249996 0.3872287890625
194 0.45582161250000003 0.39749292187499996 0.42895678437500007 0.3961039140625 0.422878828125 0.40276158281249996 0.42166787812499995 0.5830645156250001 0.4495739796875 0.5844535234375 0.452906046875 0.4033267609375 0.45582161250000003 0.39749292187499996
194 0.4855509203125 0.4085389703125 0.4859674375 0.3988159078125 0.458287965625 0.396860059375 0.453271478125 0.4032607375 0.4497311578125 0.5846652921875 0.480552825 0.58660991875 0.4855509203125 0.4085389703125
194 0.514613578125 0.40512852656250004 0.49109349062499996 0.4041501765625 0.4856662046875 0.40873994687500004 0.4825423875 0.578754634375 0.5133640546875 0.58097705625 0.514613578125 0.40512852656250004
194 0.5207622093750001 0.37879254218749997 0.5153549140625 0.3850424296875 0.513531159375 0.5816577640625 0.5555616796875 0.585877846875 0.5578213843750001 0.379998275 0.5207622093750001 0.37879254218749997
194 0.5618358828125001 0.368321190625 0.559426490625 0.370728584375 0.555960634375 0.5880667328125 0.5961834015624999 0.5889710453125 0.601154746875 0.368321190625 0.5618358828125001 0.368321190625
194 0.59631373125 0.5887881171875 0.63609396875 0.5897301078125 0.6445350109375 0.369695853125 0.6375062812500001 0.3645964078125 0.6019629984375 0.3664803734375 0.59631373125 0.5887881171875
194 0.6955388015625 0.5911489390625 0.70683731875 0.36067735 0.6955388015625 0.353455490625 0.6430636046875 0.354393221875 0.64210616875 0.3669572296875 0.6446954296875 0.3700971703125 0.63739845 0.59083495 0.6955388015625 0.5911489390625
194 0.4485815625 0.22554541874999998 0.4309276125 0.22491743125000002 0.43118103124999996 0.228048428125 0.43233992499999996 0.3941601921875 0.45328928125 0.39478817187500004 0.4530539 0.228371365625 0.4485815625 0.22554541874999998
194 0.4690601359375 0.22554541874999998 0.45140618593750004 0.22554541874999998 0.4529578515625 0.2284408046875 0.45328928125 0.395102184375 0.47541556875 0.3954161734375 0.4756509515625 0.2299413359375 0.4690601359375 0.22554541874999998
194 0.5036618890625 0.23308127500000003 0.499660315625 0.228371365625 0.475911796875 0.228048428125 0.47541556875 0.39635814062499997 0.49730645625000003 0.3982421234375 0.502484959375 0.39164823125 0.5036618890625 0.23308127500000003
194 0.4320994609375 0.29297761875 0.38998164218750003 0.2920055765625 0.392083840625 0.3309708984375 0.42597942812499995 0.3328548578125 0.43092253124999996 0.33034290781250003 0.4320994609375 0.29297761875
194 0.42703514374999996 0.372780115625 0.431775121875 0.368292903125 0.4313164109375 0.3313753234375 0.42581193125 0.3323951453125 0.3915329953125 0.331139325 0.3921734359375 0.365437396875 0.42321258593750005 0.3668651421875 0.42351839843750005 0.37237219375 0.42703514374999996 0.372780115625
194 0.32265974062499997 0.3500882265625 0.32265974062499997 0.3453970359375 0.3176139734375 0.344173253125 0.3177668734375 0.30460414375 0.32672990625 0.301318434375 0.3238829640625 0.300320884375 0.293914125 0.30174863749999997 0.2900915671875 0.339278109375 0.32265974062499997 0.3500882265625
194 0.310005725 0.3632864640625 0.32162629374999996 0.3636944109375 0.3228495046875 0.3508446328125 0.292130028125 0.341844259375 0.2856942640625 0.3773600171875 0.301749 0.3830710296875 0.30220769999999997 0.3665499 0.310005725 0.3632864640625
194 0.38891610625 0.3621138953125 0.39013931875 0.3657852625 0.3924328515625 0.3657852625 0.3915329953125 0.3265514953125 0.379436159375 0.325808215625 0.3554305109375 0.329479575 0.35619502187499996 0.3612980421875 0.38891610625 0.3621138953125
194 0.5173237562499999 0.346453446875 0.5512797390624999 0.3452870375 0.55009074375 0.30686920624999997 0.538892365625 0.3023241671875 0.510328528125 0.3054345984375 0.511494403125 0.3398437859375 0.5173237562499999 0.346453446875
194 0.55011071875 0.37881021875 0.54894484375 0.3455674546875 0.517174878125 0.34731707031250003 0.5138334375 0.34185112968750003 0.5142602015625 0.3484834875 0.5148431390625 0.38541989375 0.52125541875 0.3795878296875 0.55011071875 0.37881021875
194 0.5594073890625 0.37409866406250003 0.5598445953125 0.36865539687500004 0.5862224140625 0.3690441953125 0.5863681453125 0.3202492625 0.572086228125 0.3155836140625 0.5512462984375001 0.316555625 0.5516834937499999 0.3459103609375 0.548331621875 0.345715946875 0.5500804234375 0.3746818609375 0.5594073890625 0.37409866406250003
194 0.5860450562499999 0.367635728125 0.59814095625 0.3684133390625 0.6017843015625 0.3660805203125 0.6165034265625 0.36413650625 0.617086353125 0.3227288359375 0.5975580296875 0.31767437656249997 0.5808821234375 0.31804398749999996 0.5864822515625 0.320784815625 0.5864822515625 0.323700846875 0.5860450562499999 0.367635728125
196 0.66261269375 0.26977756406250003 0.660426284375 0.26798275781249997 0.6555489296875 0.26618795156249997 0.6506715625 0.26618795156249997 0.6508397453125 0.25833566874999997 0.6523534125 0.257886965625 0.649326078125 0.253399946875 0.632171215625 0.254746053125 0.631330290625 0.25564345624999996 0.6318348375 0.26573924843749996 0.6187164171874999 0.268655809375 0.6161936421875 0.3536848203125 0.6607626625 0.3521143703125 0.66261269375 0.26977756406250003
194 0.6909655875 0.35330631874999996 0.6989294171875 0.3530938546875 0.7067339718750001 0.36095515625 0.7067339718750001 0.3647795875 0.7103973390625 0.367541646875 0.7409784375 0.363292296875 0.742591078125 0.32025219531250004 0.7196353734375001 0.31336241875000004 0.6917619703125 0.31442475625 0.6909655875 0.35330631874999996
194 0.7674183609375 0.40047412031249996 0.7820718015625 0.4002616546875 0.7841424031249999 0.35436865625 0.750375759375 0.3445951515625 0.7416155468750001 0.344807615625 0.7417945625 0.3505197703125 0.7406598890625 0.363292296875 0.7532427421875 0.36435463437500004 0.7678961953125001 0.3703037234375 0.7674183609375 0.40047412031249996
194 0.31020042187499997 0.3629723359375 0.30238025625 0.3668459859375 0.304465421875 0.581809653125 0.34174292031250003 0.581809653125 0.34231642500000004 0.36603243281250003 0.31020042187499997 0.3629723359375
194 0.380328384375 0.325767296875 0.380747440625 0.30657515625 0.3670584421875 0.305829828125 0.35099481875 0.30061255625 0.31786787968749997 0.30414169062499996 0.31775012812500003 0.345332096875 0.35588374375 0.3471954109375 0.35560438125 0.3291212609375 0.380328384375 0.325767296875
194 0.304262665625 0.56004104375 0.3026183265625 0.404077065625 0.28387469374999996 0.4026903421875 0.2766686015625 0.4071449546875 0.27895346718749997 0.5602755109374999 0.304262665625 0.56004104375
194 0.2387748 0.41097747343749996 0.2420914375 0.5584525015625 0.2794958359375 0.5599272671875 0.276547709375 0.4139269671875 0.260517246875 0.40999429843749996 0.2387748 0.41097747343749996
194 0.206860775 0.5787710796875001 0.2224597796875 0.5787710796875001 0.24305654375 0.570286109375 0.2421478546875 0.557356640625 0.20603960625 0.3908479125 0.1994398828125 0.38948993593750003 0.16763607187500001 0.40019715 0.1667273875 0.401813334375 0.206860775 0.5787710796875001
194 0.292072640625 0.3409284890625 0.2900217953125 0.339244971875 0.292072640625 0.325145446875 0.2674819609375 0.3253489515625 0.2572083328125 0.35208183593750003 0.282607209375 0.369969278125 0.2868666546875 0.369337959375 0.292072640625 0.3409284890625
194 0.23922403281250001 0.3581846140625 0.25783936406249996 0.3529236046875 0.257050578125 0.3518714015625 0.2529488984375 0.3508192 0.2414326328125 0.35124007343749997 0.2086191828125 0.3560802078125 0.2100389875 0.3857523171875 0.23969730781249998 0.3868045203125 0.23922403281250001 0.3581846140625
194 0.27306925625 0.38709295 0.27345824375 0.3779257125 0.2861654046875 0.3744663765625 0.28668405468749997 0.369623309375 0.2822754609375 0.3699692375 0.25843234375 0.353006071875 0.23948608125 0.3587263984375 0.2397454078125 0.3879577828125 0.2672343421875 0.38899558125 0.27306925625 0.38709295
194 0.178956575 0.3517345609375 0.2527358234375 0.3486211734375 0.2512995984375 0.31345175468750003 0.17986423437500001 0.3091847375 0.1772709390625 0.31177924218749997 0.178956575 0.3517345609375
194 0.13583125625 0.3515623734375 0.179268959375 0.3513894015625 0.17719431562500002 0.31247188124999997 0.1350682640625 0.31193874843749997 0.14412980312499998 0.339800634375 0.1449077890625 0.344816665625 0.13583125625 0.3515623734375
194 0.023174475 0.409671703125 0.025119446875 0.4098446671875 0.024730459375 0.405866440625 0.0404198921875 0.39877480468750004 0.0570169859375 0.39877480468750004 0.10719725312499999 0.368505628125 0.10641925625 0.3563979421875 0.1221087 0.3524197078125 0.135075175 0.3524197078125 0.1448000328125 0.3453280671875 0.13328507812499998 0.308480446875 0.12003405625 0.3072753828125 0.00981900625 0.3749053875 0.023174475 0.409671703125
194 0.1901988046875 0.5108413078125 0.166920028125 0.40076406249999996 0.1859662859375 0.3937066125 0.18448491718749999 0.3533379921875 0.1641689125 0.3519265015625 0.121757540625 0.352132065625 0.106818515625 0.356936215625 0.1167648890625 0.5539802453125 0.19231505468750001 0.5560089921875 0.1901988046875 0.5108413078125
194 0.027592829687499997 0.319522015625 0.05756070625 0.3159312015625 0.0542899265625 0.28307980625 0.0852661859375 0.2825665109375 0.0852661859375 0.27974333281249997 0.0216966 0.280372090625 0.000079746875 0.2787144359375 0 0.3215752265625 0.027592829687499997 0.319522015625
194 0.08795976093749999 0.3159312015625 0.08507377499999999 0.282823153125 0.05416934531249999 0.283579275 0.0587150984375 0.320807575 0.092192565625 0.322347490625 0.092769740625 0.31618785 0.08795976093749999 0.3159312015625
194 0.197634459375 0.307975 0.1934016828125 0.2776901234375 0.116442028125 0.2758935609375 0.0851988578125 0.2749198765625 0.0883445828125 0.3159312015625 0.10527568437499998 0.316444496875 0.120090440625 0.3082316578125 0.197634459375 0.307975
194 0.738898278125 0.4593123375 0.73298358125 0.45142239375 0.702891159375 0.447799575 0.695613396875 0.591648165625 0.7297573671875 0.592724078125 0.738898278125 0.4593123375
194 0.7705193484375 0.5733731421875 0.7762162921875 0.5767798015625 0.787217278125 0.40561217968749996 0.7800701140624999 0.399899934375 0.7673762125 0.40017657812499996 0.76010769375 0.5723249578125 0.7705193484375 0.5733731421875
951 0.834941584375 0.265542071875 0.81254264375 0.2693162765625 0.81301419375 0.34542947343749997 0.83022601875 0.348574646875 0.8448442671875 0.347631096875 0.8448442671875 0.34134074999999997 0.8905852843750001 0.34134074999999997 0.8923333250000001 0.26380115000000004 0.8762027921875 0.2608243109375 0.8538038515625 0.2620823796875 0.834941584375 0.265542071875
951 0.801217 0.3471029046875 0.8061138781249999 0.3477786578125 0.8123616109375 0.3450756828125 0.8123831015625 0.2711180671875 0.8007104203125 0.2705184375 0.7856820859375 0.275473896875 0.786526375 0.34552617343750003 0.801217 0.3471029046875
951 0.812286653125 0.3453867859375 0.806260990625 0.3468352171875 0.8050257625 0.397193928125 0.8254575531249999 0.4003474015625 0.8249509875 0.3480897609375 0.812286653125 0.3453867859375
717 0.8567831343750001 0.42878965 0.9238196765625 0.4303663984375 0.9282099890625 0.341168003125 0.8448936249999999 0.34064273749999996 0.842430221875 0.40243557812499997 0.8463139421875001 0.4046880625 0.8480025203125001 0.425410921875 0.8567831343750001 0.42878965
717 0.9232711390624999 0.43039534843749994 0.8570788734375 0.42904385156249997 0.8481294171875 0.4263408734375 0.84221939375 0.5090070546875001 0.852857428125 0.514413021875 0.9182054046875001 0.5159897546875001 0.9232711390624999 0.43039534843749994
717 0.9206550296874999 0.516872978125 0.9181221624999999 0.515070984375 0.851929909375 0.5130437531250001 0.8421361515625 0.51034076875 0.8419381234375001 0.5109359578125 0.8360572734374999 0.5866999921875 0.8499036078125 0.597962415625 0.9157581640625001 0.6004401625 0.9206550296874999 0.516872978125
718 0.53912411875 0.14880516093750001 0.4813072 0.148786490625 0.48012306562499996 0.221271053125 0.5403832828125 0.224630375 0.5403832828125 0.1543240828125 0.53912411875 0.14880516093750001