63 0.77578125 0.39296875 0.13828125 0.36171875
63 0.940625 0.4046875 0.11875 0.375
63 0.82421875 0.81953125 0.1109375 0.26796875
63 0.68828125 0.81484375 0.1109375 0.259375
63 0.5578125 0.803125 0.1125 0.25
63 0.42265625 0.80390625 0.1140625 0.22421875
63 0.271875 0.79453125 0.1265625 0.228125
63 0.13046875 0.78671875 0.128125 0.24609375
63 0.57578125 0.41640625 0.165625 0.31484375
63 0.38828125 0.43359375 0.15390625 0.2828125
63 0.22109375 0.4140625 0.1734375 0.3109375
63 0.06484375 0.40390625 0.125 0.2734375