807 0.065625 0.259375 0.11640625 0.303125
807 0.19375 0.2921875 0.1265625 0.2328125
807 0.309375 0.2625 0.06875 0.19453125
807 0.3984375 0.29140625 0.09296875 0.228125
807 0.58515625 0.29609375 0.10390625 0.23828125
807 0.70703125 0.2890625 0.11640625 0.23046875
797 0.9234375 0.14921875 0.1484375 0.2984375
797 0.909375 0.43828125 0.18125 0.18515625
933 0.88125 0.6640625 0.23671875 0.1578125
543 0.6296875 0.53828125 0.08515625 0.12421875
543 0.71328125 0.53515625 0.0796875 0.12890625
543 0.05234375 0.74765625 0.07890625 0.12421875
543 0.12890625 0.74375 0.06484375 0.11875
543 0.1984375 0.7421875 0.06328125 0.115625
543 0.271875 0.74609375 0.0546875 0.12265625
543 0.3390625 0.74140625 0.059375 0.125
543 0.40703125 0.73671875 0.06015625 0.11875
543 0.478125 0.73515625 0.06640625 0.11875
543 0.546875 0.7375 0.06171875 0.12265625
543 0.61328125 0.728125 0.0640625 0.115625