634 0.9046875 0.2234375 0.1609375 0.25703125
634 0.7328125 0.22109375 0.140625 0.26484375
634 0.571875 0.2171875 0.13515625 0.26953125
634 0.4203125 0.2125 0.14140625 0.26328125
634 0.2609375 0.21015625 0.14765625 0.26015625
745 0.071875 0.20390625 0.13515625 0.2671875
107 0.69296875 0.4828125 0.1546875 0.1078125
107 0.553125 0.46875 0.1015625 0.1171875
107 0.41171875 0.4671875 0.1421875 0.11328125
107 0.2046875 0.46015625 0.25625 0.1125
107 0.0390625 0.54375 0.078125 0.1125
107 0.21015625 0.5625 0.2421875 0.08125
107 0.21875 0.64765625 0.221875 0.0796875
107 0.05078125 0.6359375 0.0921875 0.07109375
107 0.4078125 0.56875 0.134375 0.0828125
107 0.5484375 0.57578125 0.134375 0.08671875
107 0.6921875 0.58203125 0.1375 0.084375
107 0.540625 0.65859375 0.12734375 0.06953125
107 0.678125 0.66484375 0.1359375 0.07265625
107 0.0359375 0.45390625 0.0703125 0.021875
107 0.03671875 0.475 0.07109375 0.01953125
107 0.8734375 0.46796875 0.18359375 0.10859375
107 0.8546875 0.57109375 0.1671875 0.0875
107 0.8375 0.66328125 0.1578125 0.07109375
107 0.58203125 0.8375 0.13515625 0.1078125
107 0.575 0.9140625 0.13046875 0.05
107 0.58203125 0.7640625 0.1234375 0.0375
107 0.759375 0.8328125 0.2046875 0.10859375
107 0.74921875 0.915625 0.20546875 0.05859375
107 0.43671875 0.78359375 0.1484375 0.0875
107 0.43203125 0.85546875 0.14375 0.05
107 0.43359375 0.9125 0.1359375 0.05625
107 0.2828125 0.77890625 0.15078125 0.08671875
107 0.2875 0.8546875 0.140625 0.05859375
107 0.2921875 0.9078125 0.13671875 0.04375
107 0.1328125 0.7765625 0.1328125 0.0875
107 0.1375 0.85078125 0.1421875 0.05546875
107 0.1484375 0.9015625 0.128125 0.0484375
107 0.0390625 0.89921875 0.0734375 0.0390625
107 0.03125 0.83515625 0.0625 0.06484375
107 0.0328125 0.7875 0.05390625 0.03203125
107 0.0359375 0.75234375 0.05078125 0.0375