645 0.16171875 0.828125 0.12265625 0.16640625
645 0.040625 0.8140625 0.08125 0.15703125
708 0.0921875 0.3 0.15703125 0.1328125
944 0.265625 0.2921875 0.1578125 0.13359375
609 0.44609375 0.26171875 0.1484375 0.11328125
645 0.6078125 0.28515625 0.1609375 0.10625
645 0.6 0.18515625 0.12890625 0.065625
645 0.7375 0.09375 0.1234375 0.084375
645 0.884375 0.08671875 0.14375 0.10859375
645 0.746875 0.16328125 0.1453125 0.046875
645 0.80703125 0.26640625 0.19765625 0.140625
645 0.49296875 0.828125 0.11328125 0.16640625
645 0.596875 0.75234375 0.07265625 0.115625
645 0.66484375 0.753125 0.0578125 0.11328125
645 0.73046875 0.76484375 0.0640625 0.1109375
645 0.796875 0.771875 0.0625 0.11484375
645 0.86953125 0.77421875 0.07109375 0.1109375
645 0.59765625 0.8765625 0.06171875 0.1125
645 0.6671875 0.8796875 0.06171875 0.11015625
645 0.7375 0.88828125 0.06328125 0.11875
645 0.8078125 0.89453125 0.06328125 0.1171875
645 0.88125 0.90078125 0.07265625 0.12578125
645 0.96171875 0.77890625 0.06875 0.1109375
645 0.965625 0.909375 0.06484375 0.13125