300 0.1375 0.1921875 0.27421875 0.1234375
300 0.5671875 0.16015625 0.515625 0.11484375
300 0.921875 0.115625 0.15625 0.115625
300 0.21328125 0.74921875 0.26484375 0.06640625
300 0.240625 0.81171875 0.29453125 0.05234375
300 0.76484375 0.6640625 0.2390625 0.06015625
300 0.50078125 0.69921875 0.2484375 0.06328125
300 0.5421875 0.771875 0.225 0.06484375
497 0.2390625 0.4421875 0.4515625 0.19609375
497 0.74453125 0.390625 0.48671875 0.1765625
477 0.57109375 0.92265625 0.146875 0.06953125
477 0.69453125 0.871875 0.0984375 0.065625
477 0.25078125 0.94921875 0.1109375 0.0328125