895 0.2234375 0.75859375 0.15859375 0.3171875
895 0.39296875 0.7546875 0.1375 0.31953125
895 0.51328125 0.7296875 0.1109375 0.29140625
895 0.68203125 0.75625 0.15234375 0.325
895 0.8421875 0.7546875 0.1390625 0.3265625
895 0.11328125 0.73515625 0.071875 0.29921875
673 0.1953125 0.20703125 0.15390625 0.32109375
673 0.3703125 0.209375 0.15703125 0.3171875
673 0.52265625 0.22109375 0.13125 0.29609375
673 0.6703125 0.221875 0.15546875 0.3015625
673 0.08125 0.21953125 0.08828125 0.28046875
116 0.84140625 0.23046875 0.15703125 0.28515625