543 0.365625 0.0390625 0.49453125 0.07734375
543 0.4265625 0.1484375 0.45078125 0.09453125
543 0.83828125 0.4140625 0.3234375 0.09765625
543 0.84140625 0.51640625 0.28671875 0.0734375
543 0.446875 0.56875 0.375 0.1015625
543 0.43046875 0.4359375 0.40390625 0.1140625
543 0.603125 0.74765625 0.1984375 0.17890625
543 0.78671875 0.7234375 0.16484375 0.17578125
543 0.93203125 0.70390625 0.121875 0.16796875
543 0.84609375 0.9390625 0.11640625 0.12109375
543 0.95703125 0.925 0.0859375 0.12734375
543 0.709375 0.9546875 0.13359375 0.08984375
543 0.5515625 0.96953125 0.13203125 0.06015625