193 0.68359375 0.0921875 0.13046875 0.16953125
193 0.8546875 0.08984375 0.13359375 0.171875
193 0.590625 0.321875 0.12421875 0.16796875
193 0.95234375 0.3078125 0.0953125 0.17421875
194 0.25390625 0.2171875 0.28359375 0.06640625
194 0.29296875 0.278125 0.36328125 0.05234375
647 0.53125 0.465625 0.07421875 0.06640625
647 0.6015625 0.4625 0.06640625 0.0734375
647 0.671875 0.46484375 0.06484375 0.06328125
647 0.7390625 0.4640625 0.06328125 0.059375
647 0.8109375 0.45703125 0.071875 0.08046875
647 0.88046875 0.45703125 0.05625 0.06640625
240 0.959375 0.46328125 0.06640625 0.065625
194 0.15625 0.590625 0.3125 0.05625
194 0.15625 0.64296875 0.3109375 0.03515625
194 0.16328125 0.6828125 0.30625 0.03203125
194 0.36953125 0.8296875 0.25 0.04453125
194 0.371875 0.871875 0.24921875 0.02734375
194 0.11875 0.83046875 0.23671875 0.0390625
194 0.39609375 0.94140625 0.2296875 0.03203125
194 0.39609375 0.98046875 0.2046875 0.0390625
194 0.18203125 0.9390625 0.20859375 0.04140625
194 0.18125 0.98359375 0.2140625 0.0328125