480 0.2460790984375 0.8992651828125 0.3645594359375 0.8911879359375 0.349340265625 0.6520121109375 0.246752271875 0.660538084375 0.25550368125 0.8077231796875 0.2460790984375 0.8992651828125
480 0.246752271875 0.6623330328125 0.268294184375 0.6434861374999999 0.1398370625 0.6407937328125 0.1201937484375 0.8875980421874999 0.25281093593750004 0.8606739359375 0.25011819062499996 0.72695089375 0.246752271875 0.6623330328125
480 0.5308082781250001 0.8649369046875 0.5173446015625001 0.7814722171875 0.5052272734375001 0.6226199828125 0.36318550312500003 0.6414668421874999 0.37530277968750003 0.6944175984375 0.3759760046875 0.9071180468750001 0.485031759375 0.858654640625 0.5308082781250001 0.8649369046875
480 0.6270735296875001 0.8101912359375 0.6014925250000001 0.6405693859375 0.610917159375 0.616337684375 0.59947305625 0.5867211734375 0.4836854125 0.591208525 0.4843585859375 0.6181326312500001 0.5065736203125 0.6208250343749999 0.51869095 0.81826848125 0.6270735296875001 0.8101912359375
480 0.600819403125 0.6450567375 0.6136098546875 0.7626253562499999 0.7078555859375 0.775189884375 0.7166069953124999 0.76442026875 0.700450625 0.7464708640625 0.7260315281249999 0.5723616296875 0.5846629296875 0.5633869265625 0.5833165828125 0.578643928125 0.6014925250000001 0.5849262265624999 0.6082243625 0.604670578125 0.600819403125 0.6450567375
480 0.8424923453125001 0.5077437671875 0.7650762078125 0.4915893109375 0.7845986 0.6800580546874999 0.8815370250000001 0.67377575625 0.867400125 0.590311034375 0.86403420625 0.5005640125 0.8424923453125001 0.5077437671875
163 0.13926893125 0.5014690453124999 0.102539078125 0.2708778640625 0.11656319374999999 0.24505876093749998 0.0030345531249999997 0.25841346249999997 0 0.44805020781250005 0.009044903125 0.5157140453125 0.13926893125 0.5014690453124999
163 0.2401090671875 0.456063075 0.229424028125 0.2646456625 0.23543432812499998 0.23793626093750003 0.1178552203125 0.239494303125 0.101871221875 0.2762197296875 0.1325907765625 0.46852740937500004 0.2401090671875 0.456063075
163 0.36098371875 0.450721175 0.352302096875 0.2637553625 0.3476274078125 0.23348469375 0.23721285937499997 0.23838141093749998 0.229424028125 0.2690972296875 0.240776871875 0.4551727078125 0.36098371875 0.450721175
163 0.4404537265625 0.44715990781250003 0.4444606609375 0.28156163125 0.4284330265625 0.2530715953125 0.354901159375 0.25841346249999997 0.356308928125 0.28423256406249997 0.36231932968749997 0.44805020781250005 0.4404537265625 0.44715990781250003
163 0.5172525125 0.437366475 0.5299409671875 0.28156163125 0.513245578125 0.25841346249999997 0.43586403437500004 0.25730057031250003 0.44913534843749997 0.279780996875 0.439118115625 0.44270834062500003 0.5172525125 0.437366475
163 0.576688053125 0.2459490953125 0.5112422140625 0.24772969531250003 0.5326856156249999 0.2717681625 0.5199237343750001 0.4409277078125 0.5907122203124999 0.43558584062500005 0.6054041421874999 0.28156163125 0.576688053125 0.2459490953125
163 0.6855420062500001 0.42312143906250005 0.67485701875 0.21300749218749998 0.576688053125 0.19698185937499998 0.5806949875 0.24060719531250002 0.6087432203125 0.280671296875 0.5913800765625 0.43024394062500004 0.6855420062500001 0.42312143906250005
163 0.67352130625 0.17205305625 0.68876868125 0.41978276406250004 0.7797040359375 0.40976673906250005 0.7797040359375 0.1702724578125 0.67352130625 0.17205305625
599 0.9384454453125001 0.15046296406249998 0.8229133390625 0.14690171406250002 0.7801731859375 0.1415598296875 0.78141691875 0.405315171875 0.7841801187499999 0.4050926140625 0.8977087593749999 0.40687321406250004 0.9384454453125001 0.15046296406249998
599 1 0.23415243593750001 0.9825213125 0.22346866875 0.9266492906250001 0.22391381875 0.897040903125 0.40865384687499995 0.9825213125 0.415776346875 1 0.23415243593750001