300 0.290625 0.1828125 0.48125 0.08046875
300 0.7796875 0.15078125 0.440625 0.07890625
300 0.246875 0.10390625 0.425 0.05859375
300 0.421875 0.67890625 0.26875 0.05078125
300 0.684375 0.63984375 0.20703125 0.05078125
300 0.9125 0.6125 0.175 0.05078125
300 0.4453125 0.74375 0.265625 0.05703125
300 0.721875 0.70390625 0.21484375 0.05625
300 0.9265625 0.66640625 0.146875 0.04765625
497 0.3921875 0.3984375 0.5296875 0.175
497 0.84453125 0.3609375 0.3109375 0.18984375
477 0.6109375 0.96328125 0.14375 0.05234375
477 0.78671875 0.95625 0.13515625 0.06171875
477 0.58125 0.91953125 0.12109375 0.02265625
477 0.7734375 0.9140625 0.1203125 0.01953125
477 0.70390625 0.86953125 0.10859375 0.03359375
477 0.80703125 0.8140625 0.11328125 0.04765625
477 0.41171875 0.9 0.1 0.0203125
477 0.57109375 0.8734375 0.09453125 0.021875
477 0.93984375 0.9078125 0.1203125 0.08359375