206 0.1203125 0.44921875 0.109375 0.24296875
206 0.371875 0.43515625 0.09609375 0.24140625
206 0.4765625 0.42578125 0.1015625 0.25390625
206 0.65 0.42265625 0.09375 0.24140625
206 0.38125 0.67265625 0.09765625 0.23203125
206 0.1555252 0.6661940515625 0.1543332859375 0.6460543046875 0.1583063890625 0.628564525 0.1579090546875 0.6041848125 0.16347140468750002 0.6025948375 0.16347140468750002 0.5866950328125 0.1674445078125 0.584045065625 0.1674445078125 0.5707952296875 0.0883797546875 0.571855209375 0.08877708906250001 0.5808651234375 0.0915582484375 0.5861650578125001 0.0927501921875 0.5930549484375 0.08798245 0.5967649265625 0.0871878421875 0.6068347796875 0.0899690015625 0.6232645890625 0.0871878421875 0.7494030296874999 0.082817434375 0.75629298125 0.0832147390625 0.76689285 0.14961215156250002 0.7690555140625001 0.14996285 0.7674227953125 0.15314134375 0.7568229265624999 0.1555252 0.6661940515625
206 0.2567716671875 0.367876125 0.25391874531249997 0.5377049031250001 0.2574849171875 0.544840565625 0.27674225468749997 0.5453162703125 0.3238157234375 0.54626773125 0.323773059375 0.3318280109375 0.2849444359375 0.325537865625 0.2660437375 0.3279164203125 0.2653304875 0.354556225 0.2567716671875 0.367876125
635 0.5671875 0.24296875 0.06953125 0.140625
651 0.5640625 0.43046875 0.075 0.23046875
651 0.6734375 0.67265625 0.1 0.25
651 0.4765625 0.66796875 0.0953125 0.22890625
206 0.1699112984375 0.6018459375 0.15883095625000002 0.6038988078124999 0.1582153671875 0.6281226625 0.16129324218750002 0.630586125 0.156060865625 0.6387975984375001 0.1542141453125 0.645366778125 0.1542141453125 0.6507042375000001 0.1563686484375 0.6646637625 0.154521928125 0.748831453125 0.15205961875000001 0.7578640859375 0.14928952812500002 0.769770725 0.231160996875 0.7722341640625 0.23085319062499998 0.7582746859375 0.23177656249999998 0.6630214609375 0.234546653125 0.6486513671874999 0.234546653125 0.6400293171875 0.232392128125 0.6334601234374999 0.232392128125 0.6043093671875 0.2013056046875 0.59815075625 0.18683960625 0.5989719078125 0.1699112984375 0.6018459375
645 0.784375 0.70234375 0.1203125 0.2015625
645 0.8077896250000001 0.42176923281249995 0.8055384312499999 0.419892353125 0.8066640171874999 0.24384116093750002 0.7954079828125 0.24196428281250001 0.784996159375 0.24196428281250001 0.770363321875 0.24196428281250001 0.762765484375 0.24309040781250002 0.7540420625 0.24421653906250002 0.7436302375 0.24534267656250003 0.732374203125 0.2468441640625 0.716334340625 0.249096434375 0.7005758953125001 0.25360093125 0.7008572921875 0.26786521875 0.7000131015625 0.42589838750000003 0.6998194546875001 0.42836325000000003 0.7076109171875 0.43002751562499997 0.7520722640625 0.431153625 0.806382621875 0.42664912812500005 0.8077896250000001 0.42176923281249995
645 0.7137332046875 0.5473776046875 0.719924015625 0.5507559640624999 0.7207682265625001 0.5800352656250001 0.715703003125 0.58191214375 0.715703003125 0.587542778125 0.7218938140625 0.6055608234375 0.7278032484375 0.6059361937500001 0.73258705625 0.604059315625 0.743843090625 0.60255780625 0.7598829312500001 0.6010562984375001 0.767199371875 0.60143166875 0.77535998125 0.6018070671875 0.7852090109375001 0.6018070671875 0.795339459375 0.6021824375 0.800123265625 0.59880405 0.80237448125 0.426881990625 0.7657923671875 0.4313864875 0.715703003125 0.4310111109375 0.69806040625 0.42883232812500005 0.6976933421875 0.54700220625 0.70782376875 0.5473776046875 0.7137332046875 0.5473776046875