807 0.25859375 0.18515625 0.24453125 0.265625
807 0.5640625 0.1765625 0.25 0.22734375
807 0.0859375 0.49375 0.1453125 0.23359375
807 0.221875 0.5125 0.10390625 0.19765625
807 0.375 0.49453125 0.11953125 0.17578125
807 0.53125 0.4828125 0.0984375 0.18359375
807 0.62265625 0.47734375 0.08359375 0.16953125
190 0.0546875 0.18828125 0.10859375 0.25078125
797 0.8703125 0.10078125 0.259375 0.2015625
797 0.8359375 0.3640625 0.1953125 0.21640625
797 0.9703125 0.353125 0.059375 0.19375
797 0.81796875 0.58046875 0.19609375 0.13984375
797 0.96484375 0.56953125 0.0703125 0.15859375
933 0.78359375 0.77578125 0.1515625 0.14375
933 0.95390625 0.7421875 0.09140625 0.1125
543 0.50703125 0.68203125 0.06875 0.0953125
543 0.58515625 0.67734375 0.06484375 0.11015625
543 0.653125 0.671875 0.0515625 0.10703125
543 0.03046875 0.93984375 0.059375 0.1078125
543 0.10078125 0.93125 0.06484375 0.11875
543 0.1734375 0.91796875 0.0546875 0.1203125
543 0.23359375 0.91015625 0.04609375 0.1109375
543 0.30078125 0.90234375 0.05625 0.11640625
543 0.359375 0.88515625 0.0515625 0.11640625
543 0.41640625 0.87421875 0.046875 0.109375
543 0.47421875 0.8625 0.059375 0.103125
543 0.53515625 0.85078125 0.05625 0.10703125
543 0.59453125 0.84296875 0.04609375 0.10234375
543 0.64296875 0.83515625 0.04921875 0.11796875