632 0.02890625 0.1765625 0.046875 0.11796875
632 0.08984375 0.175 0.05625 0.13046875
904 0.10703125 0.36484375 0.0953125 0.13515625
904 0.2109375 0.37421875 0.09140625 0.115625
233 0.95703125 0.36484375 0.08515625 0.1359375
927 0.05859375 0.56484375 0.06875 0.0890625
927 0.12109375 0.56640625 0.05625 0.090625
927 0.18359375 0.56796875 0.05546875 0.09140625
927 0.240625 0.56796875 0.0546875 0.0875
927 0.29921875 0.56875 0.05703125 0.08515625
37 0.37578125 0.5546875 0.06171875 0.12265625
37 0.4453125 0.55234375 0.06796875 0.12734375
37 0.521875 0.55859375 0.065625 0.11953125
37 0.6140625 0.55625 0.06015625 0.11796875
37 0.85546875 0.56953125 0.04609375 0.1203125
37 0.9125 0.57265625 0.05 0.11484375
37 0.96796875 0.57421875 0.04921875 0.1109375
37 0.79609375 0.5609375 0.05703125 0.11015625
37 0.38125 0.7140625 0.06953125 0.12734375
37 0.52109375 0.7375 0.04140625 0.0703125
37 0.5796875 0.7453125 0.03984375 0.06328125
37 0.69296875 0.7125 0.046875 0.08515625
37 0.74375 0.7421875 0.04609375 0.08828125
37 0.33984375 0.86484375 0.04140625 0.0984375
37 0.39296875 0.86796875 0.03671875 0.10390625
37 0.45 0.8640625 0.05 0.09921875
37 0.50703125 0.86796875 0.04609375 0.10859375
37 0.5640625 0.8671875 0.05546875 0.09609375
37 0.690625 0.8734375 0.05859375 0.1078125
37 0.746875 0.86953125 0.04140625 0.09765625
37 0.803125 0.871875 0.05 0.1
37 0.85703125 0.8765625 0.05 0.10234375