163 0.0609375 0.575 0.12109375 0.1140625
163 0.184375 0.5796875 0.11484375 0.09921875
163 0.3 0.571875 0.11640625 0.09453125
163 0.4140625 0.56484375 0.11640625 0.09453125
163 0.5203125 0.56328125 0.10078125 0.090625
163 0.62421875 0.55859375 0.1 0.09140625
163 0.72265625 0.54921875 0.0859375 0.090625
163 0.08046875 0.7875 0.0859375 0.075
163 0.17421875 0.784375 0.08671875 0.06796875
163 0.26328125 0.775 0.08125 0.06640625
163 0.34609375 0.77265625 0.07421875 0.065625
163 0.42109375 0.765625 0.07578125 0.065625
163 0.50390625 0.7640625 0.0796875 0.06953125
163 0.5796875 0.75703125 0.07109375 0.06171875
163 0.65859375 0.75078125 0.08125 0.06015625
163 0.7390625 0.74921875 0.06875 0.06328125
116 0.02578125 0.715625 0.0515625 0.090625
58 0.06484375 0.14140625 0.128125 0.10546875
58 0.203125 0.13984375 0.13359375 0.11171875
58 0.33046875 0.1453125 0.11015625 0.109375
58 0.440625 0.13984375 0.10703125 0.09453125
58 0.55625 0.1375 0.11171875 0.09375
58 0.67109375 0.1375 0.10546875 0.1
58 0.78125 0.14296875 0.0984375 0.10546875
58 0.73671875 0.34609375 0.08359375 0.07421875
58 0.65546875 0.34921875 0.08125 0.065625
58 0.56796875 0.35546875 0.08515625 0.0609375
58 0.48515625 0.3578125 0.08671875 0.06953125
58 0.39453125 0.35390625 0.09609375 0.07265625
58 0.03203125 0.3671875 0.0640625 0.07421875
58 0.1140625 0.36640625 0.0984375 0.07890625
58 0.21484375 0.3609375 0.09453125 0.07265625
58 0.3046875 0.3609375 0.078125 0.07890625