153 0.14375 0.23125 0.09375 0.1859375
745 0.25546875 0.22890625 0.109375 0.2125
634 0.38046875 0.22890625 0.10703125 0.2296875
634 0.5046875 0.23203125 0.1078125 0.23515625
634 0.62734375 0.234375 0.103125 0.25859375
634 0.76875 0.2359375 0.14609375 0.2796875
634 0.9421875 0.24296875 0.11484375 0.2875
107 0.9109375 0.50078125 0.17734375 0.11484375
107 0.90078125 0.615625 0.18515625 0.1078125
107 0.87734375 0.71640625 0.190625 0.090625
107 0.6265625 0.84375 0.11484375 0.11484375
107 0.728125 0.49296875 0.1421875 0.10078125
107 0.4875 0.459375 0.11484375 0.0796875
107 0.59765625 0.4734375 0.0890625 0.09765625
107 0.33515625 0.428125 0.17265625 0.075
107 0.33984375 0.51875 0.17578125 0.0859375
107 0.478125 0.55078125 0.08671875 0.08203125
107 0.5859375 0.5765625 0.1234375 0.10234375
107 0.721875 0.5953125 0.13515625 0.09296875
107 0.7171875 0.6890625 0.11328125 0.0796875
107 0.18046875 0.4890625 0.1140625 0.08359375
107 0.2734375 0.69765625 0.09375 0.0765625
107 0.3828125 0.72578125 0.1140625 0.0734375
107 0.50234375 0.7671875 0.11015625 0.071875