637 0.15918230625000002 0.12645432031249998 0.1550902609375 0.014634743750000002 0.047666084375 0.0212869 0.044624728125 0.1325362953125 0.15918230625000002 0.12645432031249998
637 0.268003734375 0.11883063281249999 0.267370553125 0.0129396015625 0.24921862031250003 0.00043527656250000004 0.238665178125 0 0.15655939218749998 0.008507690625 0.157016290625 0.0164613859375 0.158459015625 0.12579506875 0.24373081718749998 0.1197803265625 0.268003734375 0.11883063281249999
637 0.3870817515625 0.038146096875 0.31529884531249996 0.047128631250000004 0.2961110828125 0.06046393437499999 0.29400039375000003 0.117762221875 0.3790611296875 0.11253890468750001 0.3870817515625 0.038146096875
637 0.4852208796875 0.10145912500000001 0.4774113390625 0.0989265953125 0.48057737187500005 0.0536577859375 0.48268805937500003 0.04859274375 0.4837434046875 0.034980446875 0.48754264999999997 0.0159865390625 0.49366363281250003 0 0.3952315359375 0.0000395703125 0.3874960140625 0.036088425 0.379897521875 0.11206405156250002 0.4858540921875 0.10430820468749999 0.4852208796875 0.10145912500000001
637 0.73117340625 0.29769372656250004 0.8957533312500001 0.29609384375 0.8948389890625 0.30592174375000003 0.9067252968749999 0.2910656265625 0.9198307437500001 0.25563950156250004 0.9396412875 0.20764280781250002 0.9417747203125 0.192786690625 0.9442129515625 0.1831873515625 0.9527467328125001 0.163988678125 0.958842284375 0.1324479984375 0.9326313921875 0.1283339953125 0.89758196875 0.1274197734375 0.859789565625 0.125362771875 0.7405964734375 0.1300481625 0.7384880734375 0.161931678125 0.73452595625 0.19895769375 0.7342211828125 0.2238702546875 0.73117340625 0.29769372656250004
637 0.7024586234375 0.24689723749999998 0.7274504 0.22084189843750002 0.722573940625 0.1803875484375 0.5668941828125 0.183758740625 0.5543367171875 0.2953510453125 0.7311077218750001 0.295579596875 0.70611596875 0.260153471875 0.7024586234375 0.24689723749999998
637 0.5098741125 0.164674346875 0.432460575 0.19095824687500002 0.434289259375 0.20604291562500002 0.4370322390625 0.23964060625 0.42545068124999996 0.271638396875 0.42099949375 0.29517961718749997 0.5260272875 0.29609384375 0.5159696640625 0.17130245625 0.5098741125 0.164674346875
637 0.3108644125 0.2746667515625 0.3148265296875 0.2844946515625 0.3175695328125 0.2970652125 0.41936523125 0.2961509859375 0.426070375 0.2742096484375 0.41814613906250003 0.24129763125 0.41174579062500005 0.20152894531249999 0.4090028109375 0.196729271875 0.401078575 0.19650071875 0.37822025625 0.197643496875 0.3242442703125 0.2000433296875 0.32153162812499997 0.2282699484375 0.3197029671875 0.2465544 0.3108644125 0.2746667515625
637 0.1892581703125 0.161303146875 0.185600825 0.17593071093749998 0.1852960515625 0.19375805 0.185905596875 0.2086141671875 0.18377216406250002 0.2262129625 0.1840769375 0.24724007499999998 0.1831626171875 0.2812948703125 0.1825530484375 0.29866509531249996 0.3169599640625 0.29843654218750004 0.315131303125 0.283808978125 0.3120835265625 0.2735239734375 0.316655190625 0.2607248609375 0.3203125359375 0.2376407453125 0.3233603125 0.2031288359375 0.3253870484375 0.168616928125 0.270633778125 0.16336014999999998 0.23771778906250002 0.161303146875 0.1892581703125 0.161303146875
637 0.08627253593749999 0.1823302671875 0.09297763437499999 0.1834730453125 0.0932824296875 0.1969578328125 0.0914537453125 0.2138709453125 0.0884059703125 0.235583740625 0.086577309375 0.2488399578125 0.0829199875 0.257067975 0.0777387546875 0.266438753125 0.0771292078125 0.2790093125 0.0768244359375 0.289751421875 0.07743398124999999 0.30049354687499996 0.18349659375 0.298893646875 0.1889826 0.1672455984375 0.1767914953125 0.1654171546875 0.15789529375 0.16747415000000002 0.15119015 0.1649600421875 0.13625606562499998 0.16473148124999998 0.11827420625 0.1679312640625 0.07591009374999999 0.168159815625 0.072833059375 0.177187765625 0.081700871875 0.1731880421875 0.085662990625 0.1743308203125 0.08627253593749999 0.1823302671875
637 0.0864125375 0.4311130859375 0.08732685625 0.4420837640625 0.08092653125 0.44916898437499997 0.080316984375 0.4571684328125 0.08092653125 0.47248167187499995 0.1437107109375 0.475452884375 0.18272225312499998 0.4772813359375 0.18485568593749999 0.46813911093750005 0.184246140625 0.41100019843749996 0.18272225312499998 0.3929443 0.1757123578125 0.37305995625 0.17327415156249998 0.36231783906250004 0.165349915625 0.35820383906250003 0.1153664078125 0.3559182828125 0.08007065468749999 0.35460408593750004 0.08184087343749999 0.38997307812500004 0.0833647609375 0.41968530312499996 0.0864125375 0.4311130859375
637 0.36473925625 0.4042006625 0.36900612499999996 0.38225932500000004 0.37266344687499997 0.3669460953125 0.379673340625 0.356661090625 0.35894845468750003 0.353918421875 0.3293850375 0.3502615296875 0.30957449375 0.34866163906250003 0.2915926109375 0.34569041718750004 0.2723916125 0.345233303125 0.25075240781249997 0.3459189734375 0.24770463125000003 0.3498044171875 0.2443520828125 0.353918421875 0.24221865 0.363060646875 0.24313296874999998 0.372431425 0.240999534375 0.396658328125 0.23673264375 0.45059745781249994 0.23548849375 0.48002399687499997 0.352852903125 0.486937809375 0.355900678125 0.456082796875 0.3610818890625 0.4243135578125 0.36473925625 0.4042006625
637 0.3691371015625 0.3839734921875 0.364260665625 0.4086575 0.3596890015625 0.4260277265625 0.3584698859375 0.44819763437500004 0.3520695609375 0.486823525 0.42887352968750003 0.491851759375 0.426740071875 0.4710531984375 0.4310069625 0.385573375 0.43161650937499996 0.3682031484375 0.44289329374999997 0.35243280625 0.45264616875 0.34146213593749997 0.417291971875 0.33917657968750003 0.372794446875 0.343976253125 0.37262188281249997 0.352604225 0.38010911406250003 0.356318253125 0.3740135625 0.3638605875 0.3691371015625 0.3839734921875
637 0.43039741718749996 0.4066004953125 0.42887352968750003 0.4303702859375 0.4276544140625 0.4552828546875 0.42613052656250006 0.4637394078125 0.42826396093749997 0.49093753281249997 0.5392030328125 0.4973370984375 0.540422125 0.48385231093750003 0.5419460125 0.4619109734375 0.5419460125 0.43631272968749996 0.5395077828125 0.413457165625 0.540117328125 0.38785893125 0.5385934406249999 0.3778024875 0.5343265734375 0.36523192656250003 0.5358504609375 0.36157503125 0.5145160296875 0.358603809375 0.48190483593750005 0.3629463703125 0.4660563875 0.3622607046875 0.4343319078125 0.365174784375 0.43192130625 0.3759740453125 0.4310069625 0.38831604375 0.43039741718749996 0.4066004953125
637 0.7404072140625 0.3622607046875 0.600819065625 0.3661461453125 0.5889327343749999 0.365003365625 0.586494528125 0.387173265625 0.5846658671875 0.41094305625 0.5803989765625001 0.4401981859375 0.5773512000000001 0.463967959375 0.576417334375 0.5003083109375 0.7346164578125001 0.5087648796875001 0.739492871875 0.375745484375 0.7404072140625 0.3622607046875
637 0.7371105906250001 0.4374555078125 0.734062815625 0.5073935328125 0.8766987625 0.5158501015625 0.8773083093749999 0.5295634406249999 0.8916328468750001 0.53070621875 0.89681405625 0.48385231093750003 0.9114433906249999 0.378488153125 0.9157102578125 0.3485473671875 0.8273247781249999 0.3467189140625 0.818790996875 0.34809025312499997 0.7429013703125 0.3444333578125 0.7405964734375 0.362889228125 0.73680581875 0.38831604375 0.7365010453124999 0.405686278125 0.7371105906250001 0.4374555078125
637 0.0860739578125 0.6106583375 0.083483715625 0.616485690625 0.081109325 0.6433562796875 0.0560702625 0.63493898125 0.052184884375 0.6597052484375 0.0739861359375 0.6622951828125 0.09470811875 0.665046996875 0.18774119375 0.6755686109375 0.182776578125 0.6522591859375 0.18471925 0.6261979578125 0.1864460890625 0.5994892375 0.182776578125 0.59511871875 0.165508240625 0.576665428125 0.15277285000000002 0.5585358734375 0.1400374609375 0.5569171625 0.097945928125 0.5489854843749999 0.082068590625 0.5477714515625001 0.078950784375 0.569219359375 0.08197274375 0.5913956875 0.0860739578125 0.6106583375
637 0.3416890453125 0.6858878875000001 0.351402475 0.683945428125 0.3473012296875 0.6527043328125 0.340178040625 0.6002581218749999 0.33823536718749997 0.583909153125 0.3349975578125 0.576301215625 0.33327071875000003 0.5716069609375001 0.3205353453125 0.5691788953125 0.2993816453125 0.56610334375 0.26095962500000003 0.5630277953125 0.2307400625 0.559628503125 0.22210590312499998 0.558171665625 0.21822054062500001 0.5633515359375 0.22059493125000001 0.5829379296874999 0.2216742015625 0.592326446875 0.21865224218749998 0.6094847703124999 0.21476686250000002 0.6234056734375 0.21476686250000002 0.6350603921875 0.2141193109375 0.659826646875 0.21714127031250002 0.6659777499999999 0.21735712187499998 0.6729382078125 0.21534237812499998 0.6786846203125 0.21606200000000003 0.6794130468749999 0.33348658593749997 0.6926864640625 0.3416890453125 0.6858878875000001
637 0.46043496250000004 0.707254853125 0.48331549999999995 0.703693696875 0.48935938593749995 0.703369946875 0.526918003125 0.6583698171875 0.5392216750000001 0.6407258703125 0.5472082671875 0.627614321875 0.5513095140625001 0.6172545765625 0.5422436187499999 0.61774019375 0.528428975 0.623891290625 0.509433815625 0.627614321875 0.5005838203125 0.6298805187500001 0.48935938593749995 0.6327941953125 0.4820203625 0.6331179390624999 0.4563337328125 0.6344129046875 0.4459727328125 0.6353841296875 0.430862953125 0.6345747734375 0.4250349 0.640402134375 0.411436090625 0.6569129765625 0.39805315 0.6703482625 0.381648246875 0.6912296234374999 0.376251896875 0.6970569765625 0.39352021875 0.699808790625 0.42071782031250005 0.7025605921875 0.46043496250000004 0.707254853125
637 0.547303809375 0.718096953125 0.5829109640625 0.7246042015625 0.612234509375 0.7100189968749999 0.6301876703125 0.6983508234375 0.646345565625 0.6837656187500001 0.65562135 0.6709755234375 0.6654956109375 0.67007796875 0.6541252515625 0.6554927640625 0.634376775 0.6330539875000001 0.61762045 0.6180200124999999 0.6101399562500001 0.6083713328125 0.592785225 0.6108395953125 0.5868008296875 0.612634703125 0.553663234375 0.64113195625 0.5327178515625001 0.6615512406249999 0.5180365499999999 0.6734998812499999 0.51558651875 0.6774827718750001 0.539224884375 0.707326334375 0.547303809375 0.718096953125
637 0.65630263125 0.6712132296875 0.6460595296875 0.6826679609374999 0.6343787937500001 0.6943922046875 0.6232371750000001 0.7032864609375 0.5919687406249999 0.7209402218750001 0.590171703125 0.7248482968750001 0.6291673859375 0.73023875625 0.66438929375 0.735629215625 0.679664103125 0.7089464484375 0.6997909171875001 0.6814551046874999 0.709494903125 0.66299278125 0.7105731359374999 0.6576023234374999 0.716683046875 0.652616146875 0.7208162359375 0.6438566515625 0.6784061828125 0.6359057265625 0.63455849375 0.6279547984375 0.633648465625 0.6317281171875 0.6564823453125 0.6573327984375 0.664748709375 0.66973085625 0.65630263125 0.6712132296875
637 0.7106143546875 0.6575686296875001 0.7111534578125001 0.66107243125 0.7021682765625 0.6776480984375 0.69318309375 0.6904504375 0.67323599375 0.7206370015625 0.6703607390624999 0.725353653125 0.6658681484375 0.7350564859375 0.730381740625 0.7424683671875 0.7629081078125 0.747589296875 0.7887854203125 0.7501497671874999 0.7821363906250001 0.7432769328125 0.78447254375 0.732900303125 0.7832146234375 0.7262969890625001 0.785191346875 0.7209065296875 0.7878869015625 0.7062175265625 0.7907621703125 0.6981318375 0.791121571875 0.6727966765625 0.7902230546875 0.668349553125 0.7918404031249999 0.6640371859374999 0.7939968421875 0.6574338703125 0.7947156453125 0.6502915140625001 0.8024429062499999 0.637354409375 0.8024429062499999 0.6276515859375 0.7832146234375 0.6267082546875 0.7767452828125 0.6303468156250001 0.7645254296874999 0.6326377578125 0.7490709343749999 0.635872034375 0.743679825 0.6338506125000001 0.7055826484375001 0.620913509375 0.671618659375 0.6128278218750001 0.6678448859375 0.6206439859375 0.669584859375 0.6339179921875 0.7210371578125 0.6428796328125 0.7174430843749999 0.651639128125 0.7106143546875 0.6575686296875001
637 0.7951529374999999 0.655850421875 0.790660346875 0.6674399125 0.7908400484375 0.6713479921875 0.7904806468750001 0.697660171875 0.7881444937500001 0.7050720515625 0.7829330984375 0.7262296046875 0.7850895375 0.7324286359375 0.78221428125 0.7432095546874999 0.788683609375 0.7506214359375 0.8447511499999999 0.75722475 0.8476263921875 0.7600547390625 0.8564318859375 0.7604590171875001 0.8602056453125 0.762884728125 0.8797933578125001 0.7805384796875 0.888059709375 0.7875460828125 0.893810246875 0.79576653125 0.8986622390625 0.78862416875 0.8979434078124999 0.7784496796875 0.9173514062500001 0.7103614375 0.9284930250000001 0.672897753125 0.9317276953125001 0.67087633125 0.9320870984375 0.6565916109375001 0.9040533484375001 0.6516054359375001 0.8896770578125001 0.649718778125 0.8814106796875001 0.6516054359375001 0.8751210531250001 0.6499882968749999 0.8623621109374999 0.6476973562499999 0.8499625453125 0.6441935546875001 0.8406179609375 0.6417678484375 0.8192332265625 0.6344907265625 0.8023249140625 0.62953824375 0.8030599 0.6371185781250001 0.79407471875 0.6496513968750001 0.7951529374999999 0.655850421875
637 0.7395004484375 0.898151565625 0.7395004484375 0.8943782406249999 0.74686828125 0.8900658765625 0.7465088796875 0.8883139734375 0.7479465140625 0.8842711296875001 0.7472276828125 0.8817106593749999 0.7481262015625 0.8756463921875 0.7518999890625 0.872546884375 0.7614242859375 0.8695821265625 0.774183228125 0.8699864156249999 0.782988721875 0.870255934375 0.792153590625 0.8747030671875 0.794130340625 0.863517859375 0.793591225 0.8589359671875 0.79646649375 0.8555669312499999 0.7955679765625 0.8516588515624999 0.7968258953125 0.8509850437500001 0.79862293125 0.8446512531250001 0.7991620484374999 0.8354874734375001 0.8032952375000001 0.8358917578125 0.8095848640625001 0.8357569968749999 0.8092254359375 0.8336008109374999 0.8072487125000001 0.8315793890625001 0.7998808515625 0.8276713093750001 0.7934115375 0.8249760796875 0.7774178984375 0.8226851328125001 0.770229753125 0.819989903125 0.7601663656250001 0.8186422890625 0.74902471875 0.815003728125 0.73878161875 0.8152732515625001 0.685589346875 0.807726609375 0.6859487484375 0.8123084984375 0.6850502296875 0.8155427765625 0.6908007546875 0.8216070421874999 0.6938557109375 0.8225503734374999 0.6943948265625 0.8268627375 0.6958324484375 0.829827490625 0.692238375 0.8439774453125001 0.692058675 0.8566450265625001 0.6879255 0.872142596875 0.686847265625 0.8893920703125 0.6843314265625 0.893165384375 0.7067943796875 0.912840559375 0.71506074375 0.9136491359375001 0.737164296875 0.9158053171875 0.7386019312500001 0.9105496171875 0.73985985 0.9048896390625 0.7395004484375 0.898151565625
637 0.7529416734375001 1 0.7539158578125 0.993585175 0.7402772718749999 0.9441999687499999 0.7239109796875 0.9424466406249999 0.6882558140625 0.9330955984375 0.6697463046875 0.9300272828124999 0.6469503875 0.923014 0.6309737640625 0.9181923671875 0.6061620765625 0.9108503328124999 0.595708265625 0.9221373406250001 0.5888889734375 0.9367483515625 0.5824593625000001 0.9516515812499999 0.578367775 0.9602720796875 0.578172940625 0.9684542421875 0.583433546875 0.98014305 0.5892786562500001 0.9823347015625 0.59804631875 0.9830652515624999 0.6040862609375 0.9818963671875001 0.618504196875 0.9851107953125 0.6370136921875 0.9886174296875 0.6471452359375001 0.9881791046874999 0.6498729421875 0.9906629734375001 0.65376968125 0.9925624078125 0.6639011953125 0.9946079515624999 0.6790984828125 0.9969457109375 0.69507510625 1 0.7529416734375001 1
637 0.5952258109375 0.923452328125 0.6061366921875 0.9108868625 0.6201649453125 0.9149779499999999 0.6480266343750001 0.9231601125 0.6680948453125 0.9300272828124999 0.67997988125 0.9317806109375001 0.7041396796875 0.937040571875 0.7216750046875 0.9420083171875 0.7370671125 0.94346941875 0.7314168515625 0.9373327874999999 0.7216750046875 0.9256439796875 0.7125176453125001 0.9164390515624999 0.6975152062500001 0.905334675 0.685435321875 0.8932075375 0.6731605890625 0.89379198125 0.6505595203125 0.8964219609375 0.6423763453125 0.8964219609375 0.629517125 0.8989058390625001 0.617826909375 0.90065915625 0.6084747296875 0.9005130484375 0.5866529984375 0.9041658 0.5732092453125001 0.9044580171875 0.55664810625 0.902266365625 0.5556739203125 0.90738021875 0.557622290625 0.913224621875 0.5815668781250001 0.9481084078125 0.5841201109374999 0.948437153125 0.59016006875 0.93455669375 0.5952258109375 0.923452328125
637 0.45777111562500006 0.945259265625 0.4476395859375 0.9505192265625 0.4721890375 0.9560714140625001 0.5074545374999999 0.962938584375 0.5405768171875 0.9696596468750001 0.55187735 0.972435740625 0.555384421875 0.967760221875 0.5625933828125 0.9614774828125 0.5705817093750001 0.9519803265625001 0.5731145953125 0.9448209296875 0.5775958218749999 0.9420448359375 0.5629830499999999 0.9236349671875 0.548954796875 0.920858871875 0.535900728125 0.9199822140625 0.5240156765624999 0.9177905624999999 0.5152480140625 0.9141378109374999 0.5066751859374999 0.9125306015625 0.4990146734375 0.9139551734375001 0.48602247343749994 0.9229044156249999 0.4793980140625 0.929771596875 0.4737477390625 0.9345932234375001 0.45777111562500006 0.945259265625
637 0.6037485625000001 0.861370325 0.583884821875 0.853864584375 0.571104271875 0.85074681875 0.561403371875 0.8480909375 0.553858240625 0.8443958078125 0.5484688546875 0.8499385078125 0.5498546875 0.8544419484375 0.5447732734375 0.857328771875 0.539691846875 0.8648345125000001 0.5364582171875 0.8711855281249999 0.530606878125 0.872455728125 0.5215219234374999 0.8774210671875 0.50781748125 0.883541128125 0.49904047343749997 0.8863124796875 0.5001183578124999 0.8924325484375 0.50858739375 0.8947420078125001 0.5233697078125 0.89889903125 0.5327626359375001 0.9031715265625 0.547083009375 0.91125463125 0.558785675 0.9161045 0.5555520453125 0.908598759375 0.55662991875 0.902016796875 0.5677166625 0.9034024781250001 0.578957375 0.9042107843749999 0.5897361484375 0.9034024781250001 0.6079060843749999 0.900400175 0.6106777734375 0.898552609375 0.6203786734375 0.889545725 0.63069549375 0.8845803859375 0.6420901875 0.8825018703125 0.6445698953125001 0.8699730593749999 0.632543278125 0.8670285046874999 0.6202246812500001 0.8647190406249999 0.6037485625000001 0.861370325
637 0.552665315625 0.820579515625 0.551895403125 0.8258912687500001 0.5509715109375 0.8327041734374999 0.5535892078125 0.8435586265625 0.5614423109375 0.8479466015625 0.580998090625 0.853373825 0.59270075625 0.8575308484375 0.60548130625 0.8618033531249999 0.63612380625 0.8678079406249999 0.63689371875 0.8479466015625 0.6378176234375 0.8344362671875001 0.6390494875 0.822311609375 0.6390494875 0.8139975578125 0.6419751453125 0.80914769375 0.6247291140625 0.8063763406250001 0.608099003125 0.8064918171875 0.60009191875 0.8063763406250001 0.5689874546875 0.803374046875 0.5460440640625001 0.8061453984375 0.5445042390625 0.8097250578124999 0.5540511593749999 0.8114571515625 0.5540511593749999 0.8191938390625 0.552665315625 0.820579515625
637 0.40609347656250006 0.9409968390625 0.4180548609375 0.9459457875 0.4485770828125 0.95074008125 0.45600141875 0.9461004390625 0.4572387875 0.9389863234375 0.45826994374999996 0.932336175 0.465281821875 0.9188812046875 0.46858150312499997 0.902797109375 0.47621208125000003 0.8908886984375 0.48178031718750003 0.8833106125000001 0.487967253125 0.8766604656249999 0.49332924531250005 0.864597390625 0.46816904687500005 0.861194990625 0.4593010984375 0.85887516875 0.4496082390625 0.8559367265625 0.4407402921875 0.85500879375 0.4184673484375 0.8539262093750001 0.403206221875 0.8523796625 0.3827893296875 0.85330759375 0.3747463265625 0.8540808671875 0.3755712390625 0.8562460312500001 0.3743338546875 0.859957746875 0.3716528578125 0.8619682640624999 0.366497078125 0.8757325265624999 0.3592789875 0.886094403125 0.35061726718749997 0.9044983203125 0.3429867203125 0.9187265531250001 0.3429867203125 0.9232115437499999 0.335910115625 0.9287404453124999 0.3947507453125 0.9406875234375001 0.3966068296875 0.939759596875 0.40609347656250006 0.9409968390625
637 0.29277905937500004 0.8286014937499999 0.29133543125 0.835251653125 0.272155940625 0.8559753921875 0.269062471875 0.8632441609375 0.272774625 0.8666465609375 0.2781366328125 0.866801225 0.2859734234375 0.8666465609375 0.2886544359375 0.868347771875 0.2981410671875 0.8688117296875 0.31257725000000003 0.870048971875 0.327425890625 0.872987415625 0.3410371609375 0.8748432671874999 0.3511424765625 0.8763898140625 0.3614540375 0.8814934265625001 0.3655786609375 0.876853784375 0.37217805312499996 0.8621615828125 0.3750653078125 0.8593777921875001 0.3760964640625 0.8567486656250001 0.3746528515625 0.8535009062500001 0.3756840078125 0.8539648765625 0.38413946718749997 0.8531916015625001 0.3996068078125 0.85257298125 0.4183738578125 0.8533462546875 0.43074772968749997 0.854583496875 0.433634953125 0.8496345375000001 0.43528480937499997 0.8423657703125 0.43817203437499996 0.8338597578125 0.44291535781249997 0.8244258203125 0.44807113750000005 0.8217966828125001 0.44435896875 0.8188582515625 0.437140878125 0.822106 0.4299227859375 0.81916755625 0.41404299062499994 0.8170023875 0.3979569515625 0.8139092921875 0.3789836875 0.8095789671875 0.360629125 0.8054032812499999 0.34392438593749997 0.8007636390625 0.328457046875 0.7968972703125 0.325569821875 0.7972065875000001 0.3219911875 0.7949640859375 0.314227090625 0.8047846609375 0.30721524375000003 0.8114348187499999 0.294841371875 0.8214873781250001 0.29277905937500004 0.8286014937499999
637 0.08765867187500001 0.7400860203125 0.08942154375 0.739821615625 0.12185839375 0.7538347734374999 0.13490365625 0.7566109625 0.1417788625 0.758990546875 0.1477726328125 0.763485334375 0.1569395671875 0.7695665093749999 0.16487249531249998 0.774854490625 0.17051368281249998 0.7796136828125 0.17544973125000002 0.782125465625 0.178975478125 0.7782916875 0.184087825 0.7734002984374999 0.1858506984375 0.768376721875 0.189023846875 0.7644107359375 0.2027742609375 0.7558177671874999 0.248432684375 0.7295100531250001 0.25283986718749996 0.7263372671874999 0.2620068 0.723825475 0.2531924359375 0.7160257046875 0.1529548515625 0.703499796875 0.1047585328125 0.7263372671874999 0.0901266828125 0.7316252484375 0.085190646875 0.7386318281250001 0.08765867187500001 0.7400860203125
637 0.07937815312499999 0.8758218812499999 0.079907021875 0.8772760843749999 0.12679944999999998 0.88666225 0.13755295781250002 0.8844148515624999 0.15394768125 0.88190306875 0.16293834375 0.8807132703124999 0.1696372390625 0.8750286875000001 0.1747495859375 0.867096715625 0.17615989062499998 0.86194093125 0.175278453125 0.8512327718750001 0.1770413265625 0.8440939953125 0.1826825140625 0.8355010249999999 0.187089696875 0.8292876515625001 0.189028840625 0.8236030671875 0.18991027656249998 0.81686089375 0.19008657499999998 0.8122339109375 0.193083453125 0.805623934375 0.1936123203125 0.8002037546875 0.1971380671875 0.79623776875 0.1990772375 0.7916107859375 0.20031124375 0.78539740625 0.1973143640625 0.7793162296875 0.1798619078125 0.78566180625 0.171223840625 0.7916107859375 0.1625857484375 0.7945191765625 0.14654362031249998 0.801129153125 0.13755295781250002 0.8054917359375 0.131030334375 0.8143490999999999 0.1169273515625 0.812498315625 0.112854328125 0.8110771640625 0.1088181390625 0.81738969375 0.107055265625 0.8327248375 0.0945388578125 0.8538767625 0.07937815312499999 0.8758218812499999
637 0.2338379640625 0.808168778125 0.2461780734375 0.8158363453125 0.251642990625 0.8256191125000001 0.24935125 0.8301138984374999 0.23877401250000002 0.8463744453125001 0.21920611406249998 0.8703025578125001 0.228020478125 0.8733431406250001 0.243886334375 0.876383734375 0.2484698140625 0.8747973437500001 0.2615150625 0.876383734375 0.26680368125 0.8693771546875 0.272268596875 0.8573470000000001 0.2761469125 0.84425924375 0.2817881 0.8328900859375 0.28637158125 0.8297172953124999 0.302413734375 0.814910953125 0.3142249765625 0.804334990625 0.3221579046875 0.7923048296874999 0.325154784375 0.7830508625 0.318984728125 0.7833152625 0.312109534375 0.782389865625 0.3034714421875 0.780539075 0.293070503125 0.7793492765625001 0.28090666406250003 0.7776306843749999 0.2676851171875 0.7756476906249999 0.25058525625 0.770095309375 0.23595340625 0.76441073125 0.2281967765625 0.7609735453125 0.2266102015625 0.763485334375 0.222379290625 0.7674513203125 0.211802053125 0.772607103125 0.20598458125 0.780539075 0.20319067343750002 0.7910819859375 0.2100391796875 0.793626825 0.22149785312499998 0.79997240625 0.2338379640625 0.808168778125
637 0.1992412 0.8886751187499999 0.24960782187500002 0.8316865046874999 0.25151084375 0.8288323156249999 0.2484659984375 0.8205076015625 0.24529429687499998 0.8153700625000001 0.23349558125 0.8085200140625 0.2112936671875 0.79396365625 0.204189046875 0.788730978125 0.200129271875 0.7865427671874999 0.1991143234375 0.792726840625 0.19378586874999998 0.8000525906249999 0.192897796875 0.8058561031249999 0.18972609375 0.8125158750000001 0.18972609375 0.8202221843749999 0.1885842703125 0.826691675 0.18718873281249998 0.8298312796875 0.181987134375 0.836300775 0.1770392859375 0.8447682000000001 0.17526312187499998 0.8517133859375001 0.1758974625 0.8603710875000001 0.17577060625000002 0.8640815328125001 0.1733601 0.8693142093749999 0.168285378125 0.876354540625 0.1634643875 0.8805406843749999 0.161561365625 0.8822531921874999 0.157374734375 0.8852976640625 0.15177935468749998 0.8880329250000001 0.171203346875 0.8964765625 0.186300640625 0.8987599140625001 0.192897796875 0.8954300281249999 0.1992412 0.8886751187499999