116 0.35546875 0.30234375 0.06875 0.27421875
116 0.11953125 0.31015625 0.071875 0.25390625
116 0.0578125 0.78359375 0.09296875 0.42890625
116 0.165625 0.77890625 0.10234375 0.43828125
116 0.26640625 0.775 0.0640625 0.41171875
116 0.35078125 0.77890625 0.09296875 0.428125
116 0.45546875 0.77421875 0.1046875 0.4234375
116 0.553125 0.76171875 0.09765625 0.41328125
116 0.665625 0.76875 0.1125 0.39609375
116 0.77265625 0.75546875 0.0828125 0.35390625
116 0.8640625 0.75625 0.08828125 0.34765625
116 0.43203125 0.309375 0.07734375 0.284375
116 0.51328125 0.32109375 0.07109375 0.2671875
116 0.584375 0.328125 0.0671875 0.27109375
116 0.6515625 0.3359375 0.06328125 0.2515625
116 0.7296875 0.33671875 0.07109375 0.265625
116 0.79296875 0.34140625 0.08046875 0.25859375
116 0.8671875 0.34453125 0.0828125 0.24921875
116 0.96484375 0.78359375 0.0703125 0.3515625
116 0.9209134390625 0.23589743749999997 0.9179813484375 0.4796417703125 0.9881858812500001 0.5540223265625001 0.9468325140625 0.23469886406249998 0.9209134390625 0.23589743749999997