797 0.878125 0.2328125 0.24375 0.409375
797 0.8625 0.6 0.275 0.225
933 0.7859375 0.84375 0.3109375 0.19375
807 0.078125 0.2828125 0.13046875 0.253125
807 0.271875 0.31328125 0.1234375 0.26171875
807 0.3890625 0.2578125 0.0859375 0.17421875
807 0.4796875 0.3421875 0.09375 0.25234375
807 0.60390625 0.3671875 0.1203125 0.246875
543 0.39296875 0.6109375 0.0796875 0.1203125
543 0.4921875 0.63203125 0.08828125 0.1109375
543 0.58671875 0.65234375 0.08046875 0.109375
543 0.19921875 0.7515625 0.0703125 0.096875
543 0.26484375 0.77265625 0.059375 0.10703125
543 0.328125 0.7765625 0.0609375 0.09140625
543 0.4 0.7921875 0.0703125 0.090625
543 0.4703125 0.803125 0.06328125 0.08515625
543 0.54453125 0.81953125 0.05703125 0.08046875
543 0.128125 0.7359375 0.0453125 0.09609375
543 0.0703125 0.7234375 0.046875 0.08125
543 0.025 0.7078125 0.04921875 0.07421875