480 0.2661826734375 0.19702334375 0.2755353640625 0.3996550390625 0.3878375640625 0.39721663125 0.3786924328125 0.1977548734375 0.2661826734375 0.19702334375
480 0.380483034375 0.19153692656250002 0.3867401359375 0.396241246875 0.493921084375 0.3820985109375 0.48916560468750003 0.186050509375 0.380483034375 0.19153692656250002
480 0.5941517546874999 0.1992179140625 0.4924973890625 0.20311936249999998 0.49575011093750004 0.396241246875 0.5952491265625001 0.389901409375 0.5941517546874999 0.1992179140625
480 0.6924392640625 0.20994691250000003 0.595367715625 0.20982498437500002 0.594403446875 0.39233981562500003 0.6873179578124999 0.387950675 0.6924392640625 0.20994691250000003
480 0.752065475 0.24652302812500002 0.6909228171875 0.2470107015625 0.688415384375 0.387950675 0.7451151968749999 0.38453691874999996 0.752065475 0.24652302812500002
480 0.7473100515625 0.3811231265625 0.6881796078125 0.389657553125 0.682562478125 0.4908514734375 0.7681609390624999 0.4908514734375 0.7740137890625001 0.3874630015625 0.7473100515625 0.3811231265625
480 0.6865863578125 0.39087675625 0.5939961109375 0.39087675625 0.5892821406250001 0.494265265625 0.6836599046875 0.49280220625000004 0.6865863578125 0.39087675625
480 0.49386899375000004 0.39453436875 0.495636003125 0.49767902187499996 0.58964796875 0.49377755468749995 0.5892821406250001 0.387950675 0.49386899375000004 0.39453436875
480 0.4945386046875 0.498166696875 0.49386899375000004 0.38295193125 0.391015709375 0.39136443125000003 0.392844734375 0.5006051031250001 0.4945386046875 0.498166696875
480 0.3939421625 0.5015804890625 0.3877982578125 0.395753571875 0.27578705625 0.3996550390625 0.2820057484375 0.5010927781250001 0.3939421625 0.5015804890625
480 0.952881565625 0.51523555 0.9623924687500001 0.3216259921875 0.90240043125 0.3396701953125 0.8774610062500001 0.3445470109375 0.8709411578124999 0.4840239234375 0.907887509375 0.4810978421875 0.9195932656249999 0.5176739578125 0.952881565625 0.51523555
480 0.8647224796874999 0.48743771718750006 0.8533825500000001 0.45427535781249995 0.8369213140625 0.40697026249999996 0.817167796875 0.361128190625 0.761199584375 0.3791723921875 0.7751001937499999 0.3889260234375 0.7681499171875 0.4903637984375 0.8647224796874999 0.48743771718750006
480 0.1393858046875 0.20702081093750002 0.1130478109375 0.186050509375 0.0192938921875 0.186050509375 0.0259861796875 0.2577397 0.12329036874999999 0.2601781078125 0.14121483125 0.2674933296875 0.1393858046875 0.20702081093750002
480 0.1401174046875 0.2665179640625 0.12182714218749999 0.2601781078125 0.027523518749999996 0.26225075000000003 0.0431790140625 0.4313543390625 0.1364593515625 0.4250144640625 0.146701909375 0.41818691562500004 0.1401174046875 0.2665179640625
480 0.11963231562500001 0.5054819187499999 0.1302406734375 0.5054819187499999 0.14450705625 0.5054819187499999 0.134996125 0.4250144640625 0.12182714218749999 0.42647752499999997 0.0431790140625 0.42745287187500003 0.0318390578125 0.4318420140625 0.040618389062499996 0.5644913781249999 0.1156084640625 0.5596145625 0.11963231562500001 0.5054819187499999
828 0 0.09668288124999999 0.0070614234375000005 0.1064365125 0.12485070000000001 0.11277635 0.11972944999999999 0 0 0.0006096140625 0 0.09668288124999999
828 0.35716576093749997 0 0.3575527890625 0.04572015625 0.443517021875 0.051084645312499996 0.44278542343750005 0 0.35716576093749997 0
828 0.6374302484375 0.0013411249999999999 0.6348025359375 0.07095767187499999 0.714548090625 0.07778520312500001 0.7156454890624999 0 0.6374302484375 0.0013411249999999999
828 0.718354903125 0.0366980359375 0.7152796890625 0.077297528125 0.85209085625 0.09192799375 0.85282245625 0.0558395328125 0.718354903125 0.0366980359375
828 0.96695368125 0.080711303125 0.8546514828125 0.058765634375 0.85282245625 0.09387869062500001 0.955613753125 0.101681625 0.9629298578125001 0.12265190781249999 0.96695368125 0.080711303125
828 0.6340709359375001 0.0724207125 0.6365158453124999 0.0001219203125 0.5495699015625 0 0.5473750765625 0.0607163484375 0.6340709359375001 0.0724207125
828 0.448555525 0.0175565390625 0.4444912375 0.027554007812499996 0.44380004531250006 0.0516942484375 0.5465913421875 0.0629109203125 0.5418358624999999 0.025847129687499998 0.448555525 0.0175565390625
480 0.1808909171875 0.3129696375 0.18528056875 0.5036531140625 0.2855112125 0.5002393578125 0.2708790015625 0.317846453125 0.1808909171875 0.3129696375
163 0.0461078921875 0.9573188765625 0.1573126640625 0.9426884296875 0.147435934375 0.7437143640625 0.16194074375 0.7133561765625 0.054887195312500005 0.7168918796875 0.032207281250000004 0.7481034875 0.0461078921875 0.9573188765625
163 0.161956240625 0.9095260703125 0.2629184828125 0.8948956234375001 0.25852883125 0.730059265625 0.26108945625 0.701286065625 0.1641510671875 0.711039696875 0.149139103125 0.7407882640625 0.1553717640625 0.9446391625 0.1663459203125 0.9422007546875 0.161956240625 0.9095260703125
163 0.36717300625 0.8812405625 0.36644140625 0.723719409375 0.3620517 0.6959215578125 0.263439465625 0.703602546875 0.26108945625 0.72567014375 0.262552684375 0.8948956234375001 0.36717300625 0.8812405625
163 0.43391402812499996 0.70774785 0.365142659375 0.7116492984375 0.37133900625 0.7377402531249999 0.3695323109375 0.8808747796875 0.44086433437499994 0.8696581265625 0.4441565859375 0.7292058265625 0.43391402812499996 0.70774785
163 0.5077117765625 0.7038463828125 0.43894037812500003 0.7116492984375 0.44808550937499997 0.7335949687500001 0.4433300578125 0.8701458000000001 0.511004028125 0.8589291093750001 0.5190517328124999 0.7228659703125 0.5077117765625 0.7038463828125
163 0.565874815625 0.69848189375 0.5077117765625 0.704334075 0.521246559375 0.7243290109375 0.5117356281250001 0.86087984375 0.5735567484375 0.8506385390625001 0.5827018796875 0.7204275625000001 0.565874815625 0.69848189375
163 0.6551312734375 0.8384465000000001 0.6317197593749999 0.6419108421875 0.556729684375 0.6433738828125 0.5644116171875 0.6960434859375 0.5819702234374999 0.7218906031250001 0.5757515468750001 0.8506385390625001 0.6551312734375 0.8384465000000001
163 0.6346870390625 0.6255734984375 0.6591551531250001 0.8428356406249999 0.7392664796874999 0.8252791125 0.7234041312499999 0.6082608078125 0.6346870390625 0.6255734984375
599 0.9161835125 0.8243037281250001 0.9260602421874999 0.658492003125 0.8993564484375 0.6438615578125 0.8470462875000001 0.6531275140624999 0.8488401968750001 0.66336881875 0.8393643828125 0.8135747484375001 0.906306725 0.8013827109375 0.903380328125 0.8272298093750001 0.9161835125 0.8243037281250001
599 0.7310860359375 0.6858021812499999 0.7424259921874999 0.8257667874999999 0.83973018125 0.8140624234375 0.8515834046874999 0.595093403125 0.728891209375 0.5960687703125 0.7270621828125 0.6565412875 0.7310860359375 0.6858021812499999
828 0.24342386718750003 0.00011546250000000001 0.2449992671875 0.0324449703125 0.35828165 0.04352938125 0.3555102046875 0 0.24342386718750003 0.00011546250000000001
828 0.12159764531249999 0 0.123676215625 0.07666714062499999 0.1312976515625 0.020783265625 0.244926484375 0.031405815625 0.24215503906250002 0 0.14169053125 0 0.12159764531249999 0