835 0.359375 0.053125 0.165625 0.10546875
835 0.521875 0.04453125 0.1359375 0.08828125
835 0.20234375 0.06484375 0.16640625 0.1296875
835 0.04765625 0.0734375 0.0953125 0.13828125
835 0.62421875 0.29140625 0.1515625 0.18515625
835 0.19609375 0.37578125 0.140625 0.17734375
835 0.06640625 0.36953125 0.1203125 0.15078125
835 0.2890625 0.69921875 0.10546875 0.15078125
835 0.39921875 0.67890625 0.109375 0.15
835 0.50859375 0.65546875 0.09921875 0.1578125
835 0.20078125 0.9640625 0.11796875 0.071875
985 0.59609375 0.8796875 0.10546875 0.15859375
985 0.7125 0.84609375 0.10390625 0.15546875
985 0.80859375 0.8265625 0.07109375 0.15078125
985 0.89296875 0.8 0.08515625 0.13671875
985 0.96796875 0.7765625 0.0640625 0.13125
985 0.6203125 0.62421875 0.08515625 0.16015625
985 0.69921875 0.6109375 0.07578125 0.1453125
985 0.7890625 0.58125 0.09609375 0.19140625
985 0.88515625 0.5640625 0.09375 0.15625
985 0.1625 0.71953125 0.13984375 0.14296875
985 0.04453125 0.7546875 0.0796875 0.14921875
985 0.3359375 0.35234375 0.128125 0.16953125
985 0.46875 0.32890625 0.13515625 0.17421875
985 0.77421875 0.27109375 0.13046875 0.19140625
243 0.8859375 0.07265625 0.14453125 0.11796875
243 0.928125 0.28671875 0.14375 0.08515625