116 0.05 0.0953125 0.0515625 0.11640625
116 0.08046875 0.265625 0.0546875 0.1421875
116 0.03359375 0.27265625 0.0453125 0.13125
116 0.1375 0.2671875 0.0640625 0.1390625
116 0.203125 0.26484375 0.0609375 0.140625
116 0.26953125 0.26640625 0.0609375 0.140625
116 0.32265625 0.26640625 0.04296875 0.140625
116 0.37421875 0.26640625 0.04296875 0.1359375
116 0.42734375 0.26328125 0.05 0.1421875
116 0.49453125 0.28828125 0.071875 0.18046875
116 0.57265625 0.28984375 0.05625 0.178125
116 0.64765625 0.284375 0.0671875 0.171875
116 0.721875 0.28828125 0.065625 0.175
116 0.79296875 0.28515625 0.0609375 0.17578125
116 0.86484375 0.2859375 0.071875 0.178125
116 0.946875 0.2875 0.0703125 0.1734375
116 0.4671875 0.48046875 0.0625 0.1671875
116 0.53125 0.48203125 0.071875 0.15625
116 0.60078125 0.48046875 0.0640625 0.15859375
116 0.6765625 0.4828125 0.0609375 0.16015625
116 0.74921875 0.48203125 0.071875 0.16328125
116 0.821875 0.48359375 0.0609375 0.16015625
116 0.89296875 0.48359375 0.0609375 0.1625
116 0.965625 0.48203125 0.065625 0.16328125
116 0.49375 0.67265625 0.0671875 0.16015625
116 0.5578125 0.67109375 0.0578125 0.16484375
116 0.625 0.67578125 0.0671875 0.1609375
116 0.69453125 0.67578125 0.0625 0.16328125
116 0.76953125 0.6765625 0.0578125 0.16640625
116 0.83671875 0.67890625 0.0640625 0.171875
116 0.921875 0.67890625 0.0640625 0.1609375
116 0.9828125 0.6765625 0.03359375 0.16328125
116 0.1015625 0.09296875 0.053125 0.11328125
116 0.14921875 0.09296875 0.0515625 0.11171875
116 0.203125 0.09140625 0.03984375 0.11328125
116 0.25 0.08984375 0.0484375 0.1140625
116 0.296875 0.08984375 0.053125 0.115625
116 0.34921875 0.08671875 0.0515625 0.11328125
116 0.3984375 0.08359375 0.05 0.1234375
68 0.47265625 0.0953125 0.0578125 0.14921875
68 0.5296875 0.09296875 0.053125 0.15
68 0.58203125 0.09375 0.0453125 0.15390625
68 0.63203125 0.0953125 0.05 0.14921875
214 0.70546875 0.11640625 0.0734375 0.11640625
214 0.78359375 0.11328125 0.0703125 0.11640625
214 0.859375 0.11328125 0.071875 0.115625
214 0.940625 0.11171875 0.08671875 0.11796875
116 0.39453125 0.46484375 0.0671875 0.18359375
116 0.31796875 0.46484375 0.06875 0.1828125
116 0.24609375 0.46484375 0.071875 0.18046875
116 0.17578125 0.4671875 0.06875 0.17890625
116 0.1109375 0.4625 0.0796875 0.18125
116 0.03671875 0.46328125 0.0578125 0.1859375
116 0.19453125 0.6921875 0.0625 0.1609375
116 0.3296875 0.69375 0.0625 0.15859375
116 0.4 0.7015625 0.0625 0.1734375
116 0.23046875 0.671875 0.0546875 0.14921875
116 0.30390625 0.65859375 0.04609375 0.146875
116 0.43671875 0.6703125 0.03359375 0.15
116 0.09921875 0.68203125 0.0734375 0.17890625
116 0.0328125 0.68125 0.05625 0.19609375
116 0.2453125 0.87890625 0.0671875 0.11796875
116 0.3140625 0.8828125 0.0609375 0.11875
116 0.12421875 0.87578125 0.059375 0.11640625
136 0.4671875 0.89140625 0.04609375 0.1265625
136 0.515625 0.8921875 0.05 0.1296875
136 0.56171875 0.89453125 0.04296875 0.1296875
136 0.61796875 0.89453125 0.04296875 0.1296875
136 0.66640625 0.8953125 0.0515625 0.1390625
136 0.71796875 0.89921875 0.0453125 0.13203125
136 0.76953125 0.90234375 0.0546875 0.12890625
136 0.82421875 0.90390625 0.04296875 0.13203125
136 0.8796875 0.9046875 0.0515625 0.12890625
136 0.93046875 0.90546875 0.04296875 0.13125
136 0.97734375 0.90859375 0.0453125 0.12734375