576 0.6640625 0.05234375 0.1296875 0.10390625
576 0.5328125 0.05390625 0.10859375 0.1078125
576 0.43984375 0.05859375 0.0703125 0.1171875
576 0.36875 0.0640625 0.0609375 0.11953125
576 0.27890625 0.09296875 0.0484375 0.0734375
576 0.23046875 0.0953125 0.03671875 0.0734375
576 0.196875 0.096875 0.040625 0.071875
576 0.15 0.10390625 0.03671875 0.06875
576 0.50546875 0.24140625 0.06640625 0.125
576 0.5859375 0.2390625 0.07578125 0.11953125
576 0.66953125 0.23671875 0.0765625 0.12890625
655 0.428125 0.25859375 0.05625 0.07890625
655 0.35078125 0.25625 0.04609375 0.07890625
655 0.24375 0.26015625 0.04921875 0.07421875
655 0.20390625 0.2640625 0.040625 0.07578125
655 0.15859375 0.2671875 0.05078125 0.07421875
649 0.03515625 0.2625 0.06015625 0.0890625
221 0.16953125 0.4234375 0.03984375 0.06640625
221 0.21015625 0.42265625 0.04375 0.0765625
64 0.25625 0.42265625 0.03984375 0.08984375
64 0.3015625 0.421875 0.04375 0.0953125
64 0.3421875 0.4265625 0.03359375 0.0890625
231 0.40859375 0.4421875 0.06875 0.0484375
231 0.484375 0.44375 0.07421875 0.05078125
231 0.5640625 0.42890625 0.05625 0.08359375
231 0.6203125 0.43125 0.03671875 0.08203125
231 0.67109375 0.43671875 0.0515625 0.08828125
698 0.04375 0.415625 0.08671875 0.08515625
698 0.23203125 0.553125 0.134375 0.11328125
698 0.35390625 0.54296875 0.10546875 0.05859375
61 0.43671875 0.59296875 0.0390625 0.0578125
61 0.478125 0.59296875 0.0390625 0.075
61 0.51875 0.59375 0.04296875 0.07265625
61 0.575 0.58828125 0.0484375 0.07890625
154 0.609375 0.72265625 0.16484375 0.14296875
154 0.42890625 0.70625 0.15 0.13046875
154 0.25703125 0.68515625 0.13984375 0.11875
154 0.09453125 0.66875 0.1359375 0.11796875
154 0.0984375 0.559375 0.06953125 0.06953125
154 0.02421875 0.55234375 0.04453125 0.05234375
154 0.0484375 0.090625 0.09375 0.10859375