974 0.23046875 0.196875 0.32421875 0.178125
974 0.628125 0.16015625 0.43359375 0.1953125
477 0.2625 0.41796875 0.36953125 0.14765625
477 0.665625 0.40390625 0.3984375 0.16171875
477 0.153125 0.64453125 0.23671875 0.08984375
477 0.4390625 0.6546875 0.296875 0.09375
477 0.74140625 0.66015625 0.29609375 0.09375
974 0.1796875 0.8359375 0.259375 0.10546875
974 0.5140625 0.8640625 0.2859375 0.10859375
974 0.828125 0.88828125 0.3203125 0.11640625
477 0.93984375 0.37734375 0.1203125 0.0671875
477 0.94296875 0.44765625 0.1140625 0.0609375
974 0.534375 0.97734375 0.2703125 0.04453125
974 0.0953125 0.9703125 0.190625 0.05859375
974 0.28984375 0.9703125 0.1765625 0.05859375