835 0.41796875 0.0515625 0.14921875 0.103125
835 0.5671875 0.04296875 0.13125 0.0859375
835 0.27265625 0.059375 0.13515625 0.115625
835 0.0890625 0.06953125 0.16796875 0.1375
835 0.059375 0.4125 0.11796875 0.146875
835 0.159375 0.36328125 0.0765625 0.2015625
835 0.25703125 0.3765625 0.11328125 0.15390625
835 0.671875 0.2890625 0.1453125 0.18203125
835 0.81796875 0.26875 0.12421875 0.16015625
985 0.39296875 0.3421875 0.1453125 0.17421875
985 0.53203125 0.31875 0.11796875 0.17109375
985 0.10546875 0.72734375 0.134375 0.1578125
985 0.23359375 0.69609375 0.11328125 0.159375
985 0.65859375 0.5953125 0.08671875 0.13203125
985 0.7421875 0.58515625 0.071875 0.13515625
985 0.82109375 0.55703125 0.08359375 0.16171875
985 0.90078125 0.53984375 0.08203125 0.16328125
985 0.9703125 0.74375 0.059375 0.10625
985 0.896875 0.7640625 0.0953125 0.12421875
985 0.7546875 0.825 0.1203125 0.128125
985 0.62265625 0.8546875 0.128125 0.121875
835 0.27578125 0.9453125 0.1203125 0.109375
835 0.14609375 0.95546875 0.13125 0.08828125
835 0.44609375 0.90234375 0.11953125 0.128125
835 0.3546875 0.6734375 0.115625 0.14296875
835 0.459375 0.65625 0.08828125 0.12890625
835 0.55546875 0.6359375 0.0890625 0.13046875
243 0.94921875 0.29140625 0.10078125 0.078125
243 0.89609375 0.0734375 0.13828125 0.11171875