194 0.95078125 0.18515625 0.09765625 0.03203125
194 0.9515625 0.15234375 0.09609375 0.03203125
194 0.7421875 0.46015625 0.11015625 0.01953125
194 0.85 0.39921875 0.10859375 0.01796875
194 0.84921875 0.41796875 0.1078125 0.01875
194 0.84921875 0.4375 0.10859375 0.02109375
194 0.8484375 0.47578125 0.0953125 0.01640625
194 0.48359375 0.4640625 0.0875 0.015625
194 0.48515625 0.4796875 0.08828125 0.015625
194 0.48515625 0.49453125 0.0875 0.0140625
194 0.95078125 0.4578125 0.09765625 0.01953125
194 0.5734375 0.4953125 0.08828125 0.01640625
194 0.57421875 0.4796875 0.090625 0.015625
243 0.93046875 0.71328125 0.06875 0.09140625
243 0.984375 0.70703125 0.03125 0.0890625
196 0.85234375 0.59375 0.05078125 0.05703125
196 0.8078125 0.596875 0.0359375 0.04140625
196 0.9375 0.60234375 0.0328125 0.0359375