797 0.54453125 0.328125 0.32890625 0.27421875
797 0.8640625 0.27421875 0.27109375 0.29375
797 0.67578125 0.61484375 0.2640625 0.1875
797 0.91015625 0.56015625 0.1796875 0.1828125
807 0.10703125 0.14609375 0.20625 0.29140625
807 0.16953125 0.55 0.16484375 0.24453125
807 0.31796875 0.5125 0.12109375 0.19765625
933 0.70390625 0.8421875 0.27109375 0.13515625
933 0.93671875 0.7859375 0.12578125 0.13671875
543 0.26640625 0.803125 0.1 0.11953125
543 0.3734375 0.76171875 0.0984375 0.09296875
543 0.46015625 0.73984375 0.06796875 0.084375
543 0.46953125 0.9390625 0.07421875 0.0859375
543 0.3953125 0.95625 0.0546875 0.07890625