147 0.0953125 0.225 0.07890625 0.196875
147 0.02734375 0.2265625 0.0515625 0.1984375
818 0.17578125 0.23046875 0.08203125 0.1890625
818 0.2625 0.23125 0.0796875 0.19140625
818 0.5171875 0.2359375 0.075 0.18515625
818 0.3421875 0.2296875 0.07890625 0.19453125
818 0.4296875 0.23359375 0.0765625 0.1984375
750 0.603125 0.26015625 0.075 0.140625
750 0.69375 0.25546875 0.0734375 0.15703125
477 0.7765625 0.26484375 0.065625 0.13828125
477 0.8453125 0.26953125 0.059375 0.12890625
477 0.1046875 0.86953125 0.07890625 0.1359375
477 0.03125 0.875 0.0625 0.12734375
514 0.94453125 0.2703125 0.08203125 0.1375
135 0.1234375 0.52265625 0.0796875 0.2078125
135 0.02890625 0.51875 0.0578125 0.21484375
969 0.22109375 0.521875 0.1125 0.2140625
969 0.3359375 0.52421875 0.09765625 0.2140625
969 0.50078125 0.5109375 0.09140625 0.1921875
969 0.3953125 0.51171875 0.04296875 0.1890625
55 0.60390625 0.55390625 0.0734375 0.15703125
55 0.728125 0.559375 0.08515625 0.15703125
55 0.66796875 0.5484375 0.0453125 0.1375
116 0.81953125 0.553125 0.08203125 0.1390625
116 0.89765625 0.55234375 0.0609375 0.13359375
116 0.94921875 0.5453125 0.04609375 0.12734375
818 0.20703125 0.86953125 0.0703125 0.13359375
50 0.2890625 0.85 0.0625 0.1671875
673 0.734375 0.84765625 0.065625 0.15234375
673 0.840625 0.85234375 0.0625 0.1625
673 0.9109375 0.85234375 0.065625 0.15703125
673 0.9734375 0.85546875 0.053125 0.15546875
477 0.63125 0.8484375 0.0671875 0.16328125
645 0.36640625 0.8609375 0.071875 0.14921875
645 0.44921875 0.85546875 0.075 0.16015625
645 0.54296875 0.86328125 0.0640625 0.140625