115 0.1203125 0.1984375 0.1734375 0.259375
115 0.2921875 0.19453125 0.16796875 0.25
115 0.475 0.19453125 0.17109375 0.24765625
115 0.653125 0.1921875 0.15859375 0.2625
115 0.8359375 0.1875 0.1359375 0.24765625
115 0.96328125 0.1875 0.0734375 0.2453125
645 0.10234375 0.63671875 0.16015625 0.22578125
645 0.25703125 0.63984375 0.16171875 0.225
645 0.4140625 0.63359375 0.14921875 0.22265625
645 0.5625 0.63125 0.14140625 0.225
645 0.7296875 0.62890625 0.15546875 0.22578125
645 0.89375 0.6265625 0.14609375 0.22265625
645 0.390625 0.93515625 0.1328125 0.1296875
645 0.53828125 0.94609375 0.14453125 0.10703125
645 0.6828125 0.94765625 0.1375 0.1046875
645 0.84765625 0.93984375 0.1375 0.1203125
645 0.97421875 0.93359375 0.0515625 0.13203125
645 0.25625 0.92734375 0.10234375 0.14453125
645 0.13046875 0.928125 0.1109375 0.14296875
645 0.0265625 0.9265625 0.053125 0.146875