698 0.11875 0.421875 0.23671875 0.22265625
698 0.34609375 0.4078125 0.196875 0.21015625
698 0.5484375 0.4109375 0.18828125 0.16796875
698 0.7390625 0.4125 0.16796875 0.1578125
64 0.1265625 0.8015625 0.2015625 0.12734375
154 0.36171875 0.75390625 0.190625 0.1671875
154 0.51796875 0.72421875 0.11484375 0.11015625
154 0.634375 0.67734375 0.1 0.12578125
154 0.8609375 0.68046875 0.184375 0.134375
154 0.115625 0.95703125 0.2125 0.0859375
154 0.453125 0.93203125 0.34375 0.1359375
154 0.790625 0.9140625 0.3015625 0.1703125