116 0.60703125 0.64453125 0.0671875 0.1984375
116 0.68515625 0.64609375 0.06875 0.19140625
116 0.75703125 0.65 0.07890625 0.1890625
116 0.8359375 0.64375 0.06875 0.20078125
116 0.91015625 0.64921875 0.0734375 0.2
116 0.97421875 0.646875 0.0515625 0.19453125
116 0.52578125 0.63359375 0.08359375 0.20703125
116 0.43671875 0.63515625 0.06875 0.20078125
116 0.3640625 0.63125 0.0671875 0.20078125
116 0.28671875 0.63359375 0.08359375 0.20546875
116 0.2078125 0.63359375 0.07890625 0.2
116 0.178125 0.89609375 0.10234375 0.2078125
116 0.06875 0.88984375 0.115625 0.21015625
116 0.28671875 0.89609375 0.10234375 0.203125
116 0.39375 0.89609375 0.10390625 0.2046875
116 0.4984375 0.8953125 0.09609375 0.209375
116 0.13359375 0.63359375 0.06875 0.20078125
116 0.06171875 0.63828125 0.075 0.18515625
806 0.6171875 0.365625 0.0765625 0.209375
806 0.69765625 0.36640625 0.06875 0.21015625
806 0.765625 0.37109375 0.0671875 0.21484375
806 0.84453125 0.365625 0.0796875 0.21640625
806 0.93125 0.36484375 0.0703125 0.21484375
116 0.53125 0.3859375 0.06875 0.1703125
116 0.44375 0.38359375 0.0640625 0.17421875
116 0.36328125 0.38359375 0.06875 0.178125
116 0.28359375 0.3796875 0.08359375 0.178125
116 0.20703125 0.38203125 0.08359375 0.16796875
116 0.1375 0.37890625 0.0765625 0.17890625
116 0.05546875 0.3828125 0.071875 0.17421875
55 0.65078125 0.12109375 0.0546875 0.11171875
55 0.7125 0.12421875 0.065625 0.10546875
55 0.7671875 0.125 0.05625 0.115625
55 0.82578125 0.1203125 0.05625 0.11328125
55 0.88046875 0.12421875 0.053125 0.1109375
55 0.93984375 0.125 0.059375 0.10859375
55 0.98515625 0.12578125 0.0296875 0.1046875
116 0.49296875 0.08671875 0.08515625 0.1734375
116 0.3984375 0.0875 0.09453125 0.17421875
165 0.2921875 0.1 0.1203125 0.14765625
165 0.14453125 0.0953125 0.1125 0.14921875
165 0.0421875 0.0984375 0.084375 0.134375
116 0.74375 0.91953125 0.065625 0.1609375
116 0.675 0.92109375 0.0734375 0.15703125
116 0.60078125 0.91875 0.08359375 0.1625
257 0.82265625 0.915625 0.08203125 0.16796875
257 0.89921875 0.91953125 0.0796875 0.1609375
257 0.971875 0.91953125 0.05625 0.1609375