643 0.4140625 0.10625 0.07890625 0.13203125
643 0.31484375 0.1 0.08515625 0.1390625
643 0.22890625 0.1015625 0.084375 0.1390625
643 0.13515625 0.1046875 0.08125 0.13671875
643 0.05390625 0.10625 0.0640625 0.11796875
632 0.5 0.1171875 0.0453125 0.1125
632 0.5515625 0.1140625 0.04375 0.11484375
632 0.02265625 0.4421875 0.0453125 0.12578125
632 0.065625 0.446875 0.03203125 0.11796875
632 0.1140625 0.44609375 0.0515625 0.12421875
632 0.16953125 0.45 0.0484375 0.12578125
632 0.41640625 0.6125 0.0484375 0.09765625
632 0.33046875 0.60703125 0.06015625 0.1015625
632 0.26484375 0.59921875 0.05 0.109375
632 0.20703125 0.60390625 0.04375 0.10234375
632 0.14375 0.60703125 0.046875 0.08671875
632 0.09140625 0.60546875 0.03984375 0.08984375
727 0.7375 0.10078125 0.05078125 0.11796875
727 0.68828125 0.109375 0.03203125 0.1109375
904 0.65390625 0.30234375 0.065625 0.11328125
904 0.56484375 0.29296875 0.08359375 0.12265625
904 0.7203125 0.315625 0.0390625 0.07890625
904 0.45234375 0.3171875 0.0609375 0.078125
927 0.2265625 0.45 0.05390625 0.121875
927 0.28984375 0.4578125 0.0734375 0.1109375
927 0.36953125 0.4609375 0.08125 0.10703125
927 0.496875 0.48203125 0.05546875 0.08515625
927 0.5578125 0.4859375 0.053125 0.08203125
927 0.61171875 0.48671875 0.05078125 0.08125
927 0.66796875 0.49140625 0.05 0.07734375
927 0.721875 0.49140625 0.0546875 0.07734375
37 0.796875 0.475 0.05625 0.1203125
37 0.859375 0.47734375 0.0546875 0.11640625
37 0.9359375 0.48046875 0.06015625 0.11640625
37 0.79140625 0.6234375 0.0609375 0.11953125
37 0.740625 0.77265625 0.04140625 0.09765625
37 0.79296875 0.77578125 0.04375 0.1015625
37 0.84453125 0.77890625 0.046875 0.0984375
37 0.89921875 0.7828125 0.04296875 0.09765625