797 0.5875 0.12109375 0.290625 0.2421875
797 0.8671875 0.10234375 0.265625 0.2046875
797 0.64921875 0.3640625 0.2484375 0.1640625
797 0.86640625 0.3328125 0.18359375 0.15859375
933 0.659375 0.57265625 0.19375 0.13515625
933 0.89375 0.515625 0.21171875 0.13828125
807 0.07578125 0.31171875 0.15 0.19609375
807 0.25078125 0.28125 0.13046875 0.20703125
807 0.37890625 0.26953125 0.12109375 0.20859375
543 0.31171875 0.51328125 0.07890625 0.1296875
543 0.39296875 0.50078125 0.0796875 0.11796875
543 0.47109375 0.490625 0.07578125 0.12265625
543 0.025 0.76484375 0.04921875 0.1015625
543 0.0859375 0.7578125 0.065625 0.11875
543 0.14765625 0.746875 0.065625 0.11484375
543 0.21015625 0.725 0.0546875 0.10859375
543 0.26953125 0.7203125 0.07421875 0.11328125
543 0.33984375 0.69921875 0.06640625 0.11640625
543 0.403125 0.6875 0.05859375 0.103125
543 0.4609375 0.6703125 0.05078125 0.12421875
543 0.521875 0.65859375 0.06796875 0.11484375