904 0.8296875 0.2453125 0.121875 0.1734375
904 0.69375 0.2171875 0.1203125 0.19140625
927 0.34140625 0.4359375 0.084375 0.15546875
927 0.43671875 0.4453125 0.10078125 0.14921875
927 0.26640625 0.41953125 0.0640625 0.134375
927 0.58671875 0.4890625 0.07109375 0.11171875
927 0.66015625 0.496875 0.06640625 0.1125
927 0.73671875 0.503125 0.0859375 0.11875
927 0.8234375 0.5125 0.075 0.11640625
927 0.9109375 0.521875 0.08984375 0.11640625
37 0.9671875 0.7171875 0.065625 0.15703125
37 0.96171875 0.9046875 0.05390625 0.13046875
37 0.8984375 0.89609375 0.0546875 0.121875
632 0.49609375 0.646875 0.0765625 0.1109375
632 0.39296875 0.63515625 0.090625 0.11640625
632 0.315625 0.62421875 0.06484375 0.10390625
632 0.2484375 0.62421875 0.053125 0.09765625
632 0.184375 0.61328125 0.05703125 0.0875
632 0.12890625 0.60390625 0.053125 0.09765625
632 0.2015625 0.425 0.0484375 0.13984375
632 0.1296875 0.41640625 0.0765625 0.12890625
632 0.03828125 0.4046875 0.06640625 0.1203125