509 0.1171875 0.3015625 0.0890625 0.12578125
509 0.209375 0.30546875 0.09140625 0.11953125
509 0.3 0.3046875 0.08203125 0.12109375
509 0.38046875 0.31171875 0.0765625 0.1125
509 0.45546875 0.321875 0.0734375 0.090625
509 0.528125 0.3234375 0.065625 0.09296875
509 0.38359375 0.5578125 0.0734375 0.13203125
509 0.30859375 0.56875 0.08046875 0.12890625
509 0.2234375 0.57734375 0.09140625 0.128125
509 0.1265625 0.5859375 0.0953125 0.12734375
509 0.52578125 0.971875 0.075 0.05625
509 0.45 0.978125 0.075 0.04296875
509 0.5375 0.78359375 0.06484375 0.11328125
509 0.46484375 0.796875 0.075 0.11640625
509 0.390625 0.80625 0.07109375 0.11953125
509 0.3125 0.821875 0.090625 0.1265625
509 0.2265625 0.83828125 0.08125 0.13203125
509 0.13828125 0.85390625 0.09453125 0.1375
509 0.4609375 0.5515625 0.0765625 0.1203125
509 0.5296875 0.55234375 0.06875 0.1203125
509 0.3734375 0.06171875 0.078125 0.08046875
509 0.45234375 0.0578125 0.07734375 0.096875
509 0.52890625 0.08203125 0.07421875 0.0765625
509 0.2921875 0.04765625 0.08515625 0.084375
509 0.20546875 0.04140625 0.08984375 0.0828125
509 0.10703125 0.0359375 0.1015625 0.071875
568 0.6859375 0.52421875 0.05078125 0.13125
568 0.740625 0.51953125 0.0578125 0.1359375
568 0.7890625 0.51796875 0.0421875 0.13125
509 0.696875 0.07109375 0.06796875 0.1421875
739 0.77890625 0.08046875 0.06875 0.14453125
739 0.84296875 0.08984375 0.06484375 0.13828125
739 0.94140625 0.1046875 0.03828125 0.1265625
538 0.89609375 0.09921875 0.05078125 0.125
204 0.94375 0.321875 0.05546875 0.09453125
509 0.89140625 0.3078125 0.04765625 0.12265625
509 0.8428443437500001 0.24814156875 0.8217582859375 0.369005290625 0.8673961562500001 0.3685588453125 0.8663049671874999 0.3134003515625 0.881945378125 0.24983975468750003 0.8428443437500001 0.24814156875
568 0.7896818 0.23956269843750003 0.7887897296874999 0.2377373875 0.7745869890625 0.36789689999999997 0.8211444984374999 0.3695950765625 0.843513934375 0.24029049531250002 0.7896818 0.23956269843750003
204 0.728125 0.30546875 0.0640625 0.12734375
255 0.6796875 0.3046875 0.0328125 0.12578125