106 0.86875 0.09296875 0.14453125 0.02734375
106 0.87734375 0.11875 0.14140625 0.02265625
106 0.91171875 0.284375 0.12890625 0.03046875
106 0.9125 0.25078125 0.1375 0.03203125
106 0.90234375 0.20625 0.14765625 0.0359375
106 0.88984375 0.17734375 0.15234375 0.02578125
106 0.88203125 0.15546875 0.140625 0.0203125
106 0.878125 0.1375 0.140625 0.015625
106 0.8796875 0.49921875 0.0734375 0.028125
106 0.88125 0.471875 0.0796875 0.0265625
106 0.88203125 0.44140625 0.07578125 0.02890625
106 0.8046875 0.49765625 0.075 0.02890625
106 0.79375 0.440625 0.0828125 0.02890625
106 0.87578125 0.409375 0.08203125 0.02890625
106 0.85703125 0.38203125 0.078125 0.028125
106 0.85390625 0.3546875 0.08125 0.02265625
106 0.7796875 0.38046875 0.0859375 0.03046875
106 0.7890625 0.41015625 0.0859375 0.028125
106 0.77734375 0.3546875 0.08046875 0.021875
106 0.77421875 0.340625 0.071875 0.01328125
106 0.79375 0.47421875 0.08515625 0.0171875
106 0.728125 0.4984375 0.08359375 0.02421875
106 0.7203125 0.4796875 0.0671875 0.015625
106 0.715625 0.45703125 0.06875 0.02734375
106 0.70546875 0.42578125 0.07734375 0.03046875
106 0.70078125 0.39765625 0.08046875 0.028125
106 0.6921875 0.37421875 0.08046875 0.02578125
106 0.69296875 0.34765625 0.0796875 0.0265625
106 0.615625 0.375 0.0734375 0.0265625
106 0.6171875 0.34921875 0.07421875 0.02265625
106 0.61953125 0.4 0.06484375 0.02265625
106 0.62109375 0.428125 0.07578125 0.03046875
106 0.6234375 0.459375 0.08046875 0.0296875
106 0.6421875 0.496875 0.08984375 0.03203125
488 0.56328125 0.4546875 0.05703125 0.11640625
488 0.51171875 0.45703125 0.04765625 0.1140625
488 0.509375 0.36953125 0.0453125 0.06015625
488 0.55546875 0.36640625 0.04921875 0.0546875
750 0.46171875 0.36015625 0.04453125 0.04609375
750 0.36953125 0.3578125 0.046875 0.03984375
750 0.415625 0.3625 0.046875 0.0453125
750 0.4140625 0.45078125 0.0484375 0.1234375
750 0.46328125 0.4484375 0.04921875 0.12734375
750 0.34674891875 0.38491338750000004 0.332961265625 0.5152750625 0.3852531078125 0.514357275 0.3955738625 0.388616009375 0.34674891875 0.38491338750000004
696 0.29642688437500003 0.38491338750000004 0.2790165578125 0.5120627265625 0.3344046046875 0.5152750625 0.344381340625 0.38632146093749997 0.29642688437500003 0.38491338750000004
696 0.20161089531249998 0.38219126875 0.179593278125 0.51114486875 0.22706873593750002 0.5120627265625 0.24805429218750003 0.38448581718749997 0.20161089531249998 0.38219126875
696 0.2951857296875 0.38448581718749997 0.2491155703125 0.38261950625 0.22706873593750002 0.5129805140625 0.277984471875 0.5198641578125 0.2951857296875 0.38448581718749997
696 0.2990075015625 0.340182690625 0.29552975 0.3766843578125 0.3436932734375 0.3785200125 0.344381340625 0.3358414046875 0.2990075015625 0.340182690625
696 0.2529864953125 0.3378888078125 0.249430371875 0.3734719875 0.29552975 0.377602171875 0.3000020875 0.33721813125 0.2529864953125 0.3378888078125
696 0.21040631250000003 0.33903574999999997 0.20677127187500002 0.37806108437499997 0.24977441875 0.3785200125 0.25355869062499997 0.339512678125 0.21040631250000003 0.33903574999999997
472 0.60078125 0.2859375 0.1140625 0.03046875
472 0.59609375 0.26015625 0.11015625 0.02109375
472 0.5953125 0.240625 0.10703125 0.0203125
472 0.5921875 0.2203125 0.109375 0.01796875
472 0.59140625 0.203125 0.10703125 0.01484375
472 0.59140625 0.18046875 0.11015625 0.03125
472 0.5859375 0.15 0.11015625 0.028125
472 0.58671875 0.12578125 0.10390625 0.01796875
472 0.5828125 0.10703125 0.1078125 0.01796875
472 0.57578125 0.08671875 0.103125 0.02265625
840 0.4921875 0.2546875 0.0953125 0.04765625
840 0.4875 0.2125 0.09140625 0.0390625
840 0.3796875 0.2421875 0.11328125 0.0734375
488 0.1796875 0.2890625 0.103125 0.03046875
488 0.18125 0.2625 0.09296875 0.021875
488 0.18671875 0.2390625 0.09453125 0.028125
488 0.19375 0.2125 0.0953125 0.02734375
488 0.2015625 0.1859375 0.0953125 0.021875
488 0.21171875 0.1703125 0.0859375 0.0140625
488 0.2171875 0.1546875 0.08359375 0.01640625
488 0.2203125 0.13515625 0.08046875 0.021875
488 0.22421875 0.1109375 0.08203125 0.02578125
932 0.2765625 0.28046875 0.0859375 0.04453125
932 0.3046875 0.08984375 0.08046875 0.02734375
932 0.3046875 0.12421875 0.08125 0.03828125
932 0.2984375 0.1640625 0.08125 0.04296875
932 0.3082673453125 0.24726093593749998 0.3262002734375 0.197131425 0.2638257 0.182050103125 0.2344942203125 0.22829050781250002 0.3082673453125 0.24726093593749998
909 0.7005353796875 0.61573275625 0.606202275 0.61573275625 0.6068895859375 0.643696065625 0.6995044328125 0.645300528125 0.6993325953125 0.643696065625 0.7005353796875 0.61573275625
909 0.7008790296875 0.6152743484375 0.7024254890625 0.58433134375 0.5977827546875 0.5889154921875 0.6022502578125 0.61710800625 0.7008790296875 0.6152743484375
909 0.64296875 0.5703125 0.10078125 0.03359375
909 0.64140625 0.54453125 0.0953125 0.0171875
909 0.56484375 0.62421875 0.06953125 0.0390625
909 0.55390625 0.571875 0.07421875 0.0359375
909 0.7515625 0.6296875 0.09140625 0.03203125
909 0.74296875 0.6015625 0.084375 0.02421875
909 0.72890625 0.56953125 0.07109375 0.0375
909 0.4828125 0.60390625 0.02578125 0.0828125
909 0.5109375 0.60546875 0.0265625 0.08203125
909 0.48125 0.54921875 0.02734375 0.02421875
909 0.50703125 0.55 0.021875 0.02578125
857 0.796875 0.26015625 0.08984375 0.03125
857 0.75625 0.08984375 0.07890625 0.021875
857 0.7609375 0.1171875 0.07734375 0.03046875
857 0.7640625 0.14609375 0.0765625 0.025
857 0.76796875 0.16953125 0.07578125 0.02109375
857 0.77421875 0.1890625 0.08125 0.01875
857 0.7875 0.21171875 0.0796875 0.02421875
857 0.79296875 0.23359375 0.0859375 0.02109375
857 0.7984375 0.2875 0.09453125 0.0234375
219 0.67578125 0.10390625 0.0765625 0.028125
219 0.6796875 0.13359375 0.07421875 0.028125
219 0.684375 0.165625 0.0765625 0.0390625
219 0.6890625 0.19765625 0.07734375 0.02890625
219 0.69609375 0.23046875 0.08984375 0.03046875
219 0.70234375 0.27109375 0.09453125 0.0546875