686 0.90078125 0.3265625 0.0484375 0.15078125
686 0.94375 0.32265625 0.040625 0.1546875
686 0.98203125 0.32421875 0.0359375 0.153125
106 0.1921875 0.57421875 0.1203125 0.17265625
106 0.29765625 0.5734375 0.08828125 0.16640625
106 0.0765625 0.578125 0.10859375 0.1875
242 0.2359375 0.34140625 0.10078125 0.15546875
501 0.14296875 0.3484375 0.08984375 0.1390625
242 0.05234375 0.3609375 0.08984375 0.1234375
840 0.4015625 0.3453125 0.06796875 0.134375
840 0.471875 0.3390625 0.075 0.14453125
840 0.3265625 0.34453125 0.0828125 0.13984375
857 0.4671875 0.55703125 0.08515625 0.17421875
857 0.3828125 0.5609375 0.0828125 0.19296875
106 0.0625 0.06953125 0.07109375 0.13828125
106 0.01484375 0.0671875 0.02734375 0.13359375
187 0.1453125 0.071875 0.096875 0.14375
187 0.2359375 0.0734375 0.08203125 0.146875
187 0.315625 0.071875 0.0875 0.14375
187 0.40078125 0.0734375 0.0828125 0.146875
187 0.475 0.07734375 0.075 0.146875
187 0.35634105625 0.8570652578125 0.227560434375 0.8724492328125001 0.2252699765625 0.892720853125 0.35698513125 0.8781149453125 0.35634105625 0.8570652578125
187 0.35601904375000004 0.8209800843749999 0.2283656734375 0.8380923843750001 0.22881243437499998 0.870382396875 0.35634105625 0.8553469093749999 0.35601904375000004 0.8209800843749999
187 0.35634105625 0.7926274609374999 0.231989246875 0.8069564890625 0.23074468124999997 0.8355859921875 0.3556969828125 0.82055050625 0.35634105625 0.7926274609374999
187 0.35634105625 0.75095768125 0.23279448593750002 0.7602526484375 0.22945650781250002 0.8072333515624999 0.3553749203125 0.7930570390625 0.35634105625 0.75095768125
187 0.354086771875 0.735492615625 0.23078138906249998 0.7452215265625 0.2333210265625 0.7612677359375 0.354086771875 0.7500985078125 0.354086771875 0.735492615625
187 0.3511884140625 0.715302103125 0.231989246875 0.7264326249999999 0.23203285468749998 0.74623225 0.35279862500000003 0.73377426875 0.3511884140625 0.715302103125
187 0.209845184375 0.6947599046875 0.2078797046875 0.7264713140625 0.37695177343749997 0.7131541765625 0.3759856375 0.6783577640625 0.209845184375 0.6947599046875
187 0.19546839375 0.8759670187499999 0.057252460937500006 0.8960695671875 0.05795645000000001 0.9116225796874999 0.19643450468749998 0.893580009375 0.19546839375 0.8759670187499999
187 0.05403150625000001 0.84453429375 0.05699033906249999 0.892720853125 0.1990108515625 0.8751078281250001 0.19997698749999998 0.8291422125000001 0.05403150625000001 0.84453429375
187 0.20190923437500002 0.8046558781250001 0.065707465625 0.8171561796875 0.06826180937500001 0.8428889296875001 0.2022312703125 0.8287126171875 0.20190923437500002 0.8046558781250001
187 0.20416351875 0.7604085609375 0.06731794375 0.7747469437500001 0.0660075 0.8153955109375 0.20351944375 0.8029374984375 0.20416351875 0.7604085609375
187 0.0773834265625 0.7360954890625 0.07663489531249999 0.7728665265625 0.20384148125 0.7616973140625001 0.205773728125 0.7213162875 0.0773834265625 0.7360954890625
187 0.0842279546875 0.7049595937500001 0.08146552500000001 0.7346334421875 0.20802803593750002 0.7217458828125001 0.2102823203125 0.6942524156250001 0.0842279546875 0.7049595937500001
187 0.5102782546875 0.8219311515625 0.38844920312500003 0.8381732062499999 0.3909552328125 0.8711732828125 0.5094983578125001 0.857302259375 0.5102782546875 0.8219311515625
187 0.5029992828125 0.7848261765625 0.38617415 0.80003896875 0.388355603125 0.837882834375 0.5048190546875 0.8226247046875 0.5029992828125 0.7848261765625
187 0.501959446875 0.7598583343749999 0.38747418125 0.771438290625 0.3873157671875 0.7976568625 0.502219425 0.7851729484375001 0.501959446875 0.7598583343749999
187 0.49857991874999996 0.722406584375 0.385524134375 0.735470771875 0.38705578749999997 0.7726890328125 0.50117955 0.7602051046875 0.49857991874999996 0.722406584375
187 0.497800021875 0.7057613468749999 0.3851991265625 0.715536965625 0.3857559734375 0.7359308171875 0.49883989843750004 0.7244872265625 0.497800021875 0.7057613468749999
187 0.48480187187499996 0.6891161171875 0.37739894218750003 0.7003699390625 0.37613735 0.7182452625 0.4871415625 0.708188771875 0.48480187187499996 0.6891161171875
187 0.48766148125 0.6728176734375 0.384224103125 0.6795694453125 0.3852360546875 0.699519384375 0.4907810296875 0.6932774265625 0.48766148125 0.6728176734375
840 0.73203125 0.0859375 0.0765625 0.146875
840 0.6578125 0.0859375 0.075 0.1453125
99 0.9828125 0.096875 0.03203125 0.13359375
99 0.94296875 0.09609375 0.05078125 0.13359375
99 0.8875 0.096875 0.06015625 0.13203125
99 0.821875 0.090625 0.0734375 0.14296875
99 0.77890625 0.09140625 0.01640625 0.13515625
827 0.6405009921875 0.7076719578125 0.6057787703125 0.7051917984375 0.6039186515625 0.846560846875 0.6442212296875 0.8440806875 0.6405009921875 0.7076719578125
827 0.6808035718750001 0.703538359375 0.64112103125 0.7043650796875001 0.6460813484375 0.8358134921874999 0.6944444437499999 0.83746693125 0.6808035718750001 0.703538359375
827 0.6832837296875 0.703538359375 0.6944444437499999 0.8391203703125001 0.737847221875 0.828373015625 0.72978670625 0.6985780421875 0.6832837296875 0.703538359375
827 0.7552083328125 0.70023148125 0.7304067453124999 0.70023148125 0.74032738125 0.83167989375 0.7862103171875 0.828373015625 0.7552083328125 0.70023148125
827 0.78311011875 0.7142857140625 0.7601686515625 0.7134589953125 0.783730159375 0.8209325390625001 0.828373015625 0.81845238125 0.78311011875 0.7142857140625
25 0.8134920640625 0.691137565625 0.830853175 0.821759259375 0.87549603125 0.815145503125 0.8556547625 0.6878306875 0.8134920640625 0.691137565625
25 0.8606150796875 0.6853505296875 0.877976190625 0.815972221875 0.9238591265625 0.8110119046875001 0.904637896875 0.6828703703125 0.8606150796875 0.6853505296875
25 0.9120783734375 0.684523809375 0.92509920625 0.811838625 0.9716021828124999 0.80687830625 0.95362103125 0.6795634921875 0.9120783734375 0.684523809375
25 0.9195188484375001 0.491071428125 0.9461805562500001 0.6167328046875 0.9840029765624999 0.6109457671875 0.9567212296875001 0.4828042328125 0.9195188484375001 0.491071428125
25 0.8773561515624999 0.4935515875 0.8978174609374999 0.6208664015625 0.9412202375 0.615079365625 0.9176587296875001 0.48776454999999996 0.8773561515624999 0.4935515875
25 0.8296130953124999 0.4952050265625 0.848834325 0.622519840625 0.8971974203125 0.6192129625 0.8748759921874999 0.49024470937500003 0.8296130953124999 0.4952050265625
208 0.7756696421875 0.50595238125 0.8035714281249999 0.6266534390625 0.8457341265625 0.622519840625 0.817832340625 0.50016534375 0.7756696421875 0.50595238125
208 0.7304067453124999 0.5076058203125 0.748387896875 0.6299603171875 0.796130953125 0.6208664015625 0.76512896875 0.5051256609375 0.7304067453124999 0.5076058203125
208 0.6820436515625 0.50016534375 0.6975446421875 0.6340939156250001 0.7496279765625 0.627480159375 0.7285466265625 0.496858465625 0.6820436515625 0.50016534375
208 0.6380208328125 0.515046296875 0.6510416671875 0.6332671953125 0.700644840625 0.6307870375 0.6777033734375 0.5125661375 0.6380208328125 0.515046296875
208 0.6361607140625 0.5109126984375 0.6082589281249999 0.510085978125 0.606398809375 0.6357473546875 0.6504216265625 0.6340939156250001 0.6361607140625 0.5109126984375
488 0.6758432546875001 0.3067129625 0.6901041671875 0.4059193125 0.7328869046875 0.40261243437500005 0.71552579375 0.3067129625 0.6758432546875001 0.3067129625
488 0.7186259921875 0.3050595234375 0.732266865625 0.40839947031249996 0.7738095234375 0.40426587343750003 0.7558283734375 0.303406084375 0.7186259921875 0.3050595234375
750 0.635540675 0.30009920625 0.6498015875 0.41005290937499994 0.6876240078125 0.40839947031249996 0.6715029765625 0.30009920625 0.635540675 0.30009920625
750 0.6324404765625 0.2951388890625 0.6163194437499999 0.29431216875 0.6113591265625 0.4117063484375 0.6473214281249999 0.41005290937499994 0.6324404765625 0.2951388890625