933 0.8296875 0.625 0.30625 0.17578125
797 0.91484375 0.36328125 0.1703125 0.2203125
807 0.07421875 0.07734375 0.1359375 0.1546875
807 0.215625 0.08515625 0.121875 0.1703125
807 0.40078125 0.115625 0.121875 0.22421875
807 0.52421875 0.05 0.078125 0.09921875
807 0.60703125 0.128125 0.0953125 0.25625
807 0.74765625 0.13984375 0.1390625 0.2796875
543 0.478125 0.39140625 0.090625 0.13671875
543 0.5796875 0.4046875 0.090625 0.12734375
543 0.66953125 0.4234375 0.0890625 0.09921875
543 0.59609375 0.6171875 0.071875 0.09453125
543 0.515625 0.59609375 0.06640625 0.10078125
543 0.4515625 0.58203125 0.05 0.1109375
543 0.390625 0.565625 0.05859375 0.09140625
543 0.33359375 0.55 0.0546875 0.11015625
543 0.26875 0.53203125 0.05546875 0.11171875
543 0.21171875 0.5140625 0.0515625 0.1078125
543 0.15390625 0.49296875 0.05390625 0.1140625
543 0.09453125 0.48359375 0.05859375 0.10546875
543 0.034375 0.4640625 0.05 0.1015625