543 0.128125 0.20234375 0.23984375 0.05859375
543 0.10859375 0.2796875 0.215625 0.0796875
543 0.41171875 0.184375 0.24921875 0.0234375
543 0.390625 0.2375 0.2703125 0.06953125
543 0.721875 0.21015625 0.32265625 0.084375
543 0.746875 0.32890625 0.35703125 0.1046875
543 0.39453125 0.33359375 0.29453125 0.059375
543 0.1046875 0.44140625 0.19453125 0.1078125
543 0.39375 0.4265625 0.309375 0.1
543 0.74453125 0.46328125 0.365625 0.13203125
543 0.75078125 0.59765625 0.3375 0.11328125
543 0.40234375 0.59375 0.34375 0.121875
543 0.10859375 0.59921875 0.215625 0.125
543 0.315625 0.83828125 0.228125 0.3234375
543 0.51015625 0.825 0.1359375 0.30234375
543 0.69140625 0.8359375 0.1953125 0.328125
844 0.09296875 0.76796875 0.1859375 0.16796875
477 0.90546875 0.79765625 0.184375 0.265625