58 0.10078125 0.0703125 0.128125 0.140625
58 0.2234375 0.071875 0.1296875 0.1390625
58 0.346875 0.0765625 0.1234375 0.14765625
58 0.47265625 0.07890625 0.125 0.13359375
58 0.5953125 0.078125 0.1171875 0.1390625
58 0.71796875 0.084375 0.121875 0.1375
58 0.3453125 0.3828125 0.09765625 0.09296875
58 0.44140625 0.38203125 0.09140625 0.09140625
58 0.5328125 0.38359375 0.09140625 0.0890625
58 0.62890625 0.38359375 0.09140625 0.08984375
58 0.7203125 0.3828125 0.09140625 0.0875
58 0.2484375 0.38046875 0.09921875 0.09453125
58 0.15078125 0.37890625 0.09609375 0.09296875
58 0.0546875 0.37734375 0.09921875 0.09609375
163 0.0578125 0.68671875 0.1125 0.13359375
163 0.16953125 0.68515625 0.125 0.1375
163 0.28984375 0.6859375 0.11875 0.13125
163 0.40625 0.68671875 0.1078125 0.13359375
163 0.52265625 0.68671875 0.1125 0.125
163 0.63671875 0.6859375 0.1140625 0.13125
163 0.76171875 0.68671875 0.1140625 0.13203125
163 0.3515625 0.9625 0.08203125 0.0734375
163 0.43515625 0.96328125 0.08828125 0.0734375
163 0.52421875 0.96640625 0.0796875 0.0671875
163 0.60625 0.965625 0.08515625 0.06875
163 0.69296875 0.965625 0.08203125 0.06875
163 0.78359375 0.9671875 0.08359375 0.06484375
116 0.2375 0.9015625 0.09609375 0.196875
116 0.140625 0.89765625 0.09921875 0.196875