931 0.07578125 0.48125 0.15078125 0.22109375
931 0.0515625 0.046875 0.103125 0.09375
789 0.2796875 0.4890625 0.23671875 0.1890625
789 0.52421875 0.4921875 0.20703125 0.18203125
789 0.88359375 0.5 0.18515625 0.16640625
789 0.196875 0.0484375 0.1703125 0.096875
789 0.375 0.046875 0.15 0.09375
789 0.540625 0.05625 0.159375 0.10859375
789 0.265625 0.91015625 0.259375 0.1796875
789 0.07109375 0.92109375 0.13515625 0.1578125
789 0.5390625 0.9078125 0.23671875 0.1828125
789 0.7625 0.9390625 0.184375 0.12109375
789 0.94296875 0.9390625 0.1140625 0.12109375