797 0.035547984375 0 0.058419992187500006 0.1792041 0.186704734375 0.1729535609375 0.18115128281249998 0.07711196249999999 0.1772638828125 0.039608721875 0.17059975624999998 0 0.035547984375 0
797 0.1721619765625 0 0.18084402500000002 0.0736053515625 0.185978503125 0.17261847187499998 0.2938025609375 0.17261847187499998 0.2886680828125 0.16337210468750002 0.2922622015625 0.1109760640625 0.28610084375 0.08593383593750001 0.28404704375 0.039702031250000006 0.2794260046875 0 0.1721619765625 0
797 0.29101417500000004 0.113672921875 0.28998729375 0.15142889375 0.2915276140625 0.1668394953125 0.31668656875 0.1679953015625 0.435293025 0.1664542359375 0.43169890625 0.0982623203125 0.42964510625 0.0712937671875 0.4404275046875 0.057809490625 0.4486426625 0.0404725640625 0.45275026250000006 0.0011755265625 0.28128777031249996 0 0.284852815625 0.053956840625 0.2858796953125 0.08285171875 0.28947381562499996 0.10442655468749999 0.29101417500000004 0.113672921875
797 0.4347795859375 0.13948566874999999 0.435806465625 0.16414265156250002 0.560574359375 0.1606752609375 0.55543988125 0.114443440625 0.536442284375 0.08054012031249999 0.5518456828125 0.0635884671875 0.5564667609375 0.04548100625 0.5990829515625 0.0000197421875 0.4548040609375 0.0000197421875 0.45396329062499996 0.0015406 0.44761578281250003 0.05472735937499999 0.4424813046875 0.0716790265625 0.437346825 0.12330454843750001 0.4347795859375 0.13948566874999999
797 0.5984742437499999 0 0.5882052859375 0.01272771875 0.5815304484375 0.021974078124999998 0.585638046875 0.101338678125 0.589232165625 0.131004090625 0.593339765625 0.15874316093750002 0.7617506515625 0.15257895625 0.7740734484375 0 0.5984742437499999 0
762 0.11431571250000001 0.433403575 0.1989721390625 0.433403575 0.202800828125 0.42127377812500005 0.205778678125 0.391268478125 0.20705491875 0.3494525921875 0.19727049531250002 0.3223201515625 0.167066453125 0.324235371875 0.14919928124999998 0.324235371875 0.1347353640625 0.324554578125 0.1176451484375 0.3247740328125 0.1113378609375 0.36796649531250003 0.1002772296875 0.414889671875 0.10538212656249998 0.4311691609375 0.11431571250000001 0.433403575
762 0.1959991984375 0.43225110468750005 0.32609559374999997 0.43338617656249995 0.3173972765625 0.4277107296875 0.32193551249999997 0.36074046718749997 0.3204227859375 0.33775491406249997 0.32609559374999997 0.3212961265625 0.32609559374999997 0.315053121875 0.3272301375 0.3079588140625 0.26747658125 0.31278295625 0.264451071875 0.3110803109375 0.23154879843749998 0.3107965375 0.19442047812500002 0.3163824625 0.20318476093750001 0.33576850468749997 0.2122612296875 0.35336239062499997 0.20923575 0.418630025 0.1959991984375 0.43225110468750005
762 0.32299743125 0.4255818015625 0.318459196875 0.42898708281250003 0.318459196875 0.432676109375 0.44779920000000006 0.4321085734375 0.4417482125 0.42841952499999997 0.43531904062500004 0.4062852859375 0.4330498953125 0.37762428593749997 0.43153716875 0.3483957390625 0.43531904062500004 0.3299505375 0.45006831875 0.31632947499999997 0.40468585625 0.3180320984375 0.37972550781250003 0.31632947499999997 0.3291720296875 0.314609415625 0.33056117500000004 0.3254101796875 0.3320739296875 0.3566251296875 0.32299743125 0.4255818015625
762 0.218648465625 0.67799608125 0.2908071796875 0.6774010765625 0.2947719125 0.676508603125 0.3395737515625 0.67799608125 0.35582930625000003 0.675318615625 0.35582930625000003 0.6708561828125 0.3467103375 0.6690712140625 0.3379878703125 0.5592953421875 0.34829621875 0.51764595625 0.2987366765625 0.5295457859375 0.274948125 0.539660634375 0.2666220984375 0.539660634375 0.2432300171875 0.53400821875 0.22776743437500002 0.52567835 0.21151191093750002 0.5232983765625 0.2097708015625 0.5238817796874999 0.20952952812499998 0.5420406078125 0.2194414375 0.6660962578125 0.20635770625 0.6759135984375 0.218648465625 0.67799608125
762 0.18134319999999998 0.5243814 0.171593634375 0.521873209375 0.127302746875 0.5172748421875 0.1242386015625 0.522500253125 0.13148113125 0.5450740281249999 0.13482383125 0.5469551781249999 0.13315248125 0.5571969796875 0.1353809625 0.6263814203125 0.1353809625 0.6399674890625 0.1275813015625 0.643729790625 0.1362166265625 0.6495822578125 0.137609421875 0.6527175046875 0.1963853703125 0.650836353125 0.21894866875000002 0.6541806125 0.2133774875 0.5929387968750001 0.209199103125 0.5235453359375 0.22591264375 0.526471565625 0.2312052484375 0.522500253125 0.24419751406249998 0.5242654703125 0.2473616796875 0.513930578125 0.20669206718750002 0.5222912359375 0.194435465625 0.526680578125 0.18134319999999998 0.5243814
509 0.401536171875 0.8131119609375 0.40016963125 0.7918353546875 0.3964116625 0.790297290625 0.39675329062500003 0.757485165625 0.40324434218749994 0.745436978125 0.3909455234375 0.742104490625 0.39162878125 0.7377466390625 0.391321271875 0.7374753187499999 0.337650628125 0.7351831921875001 0.29938760625 0.7833759828125 0.2983627203125 0.8079850671875001 0.401536171875 0.8131119609375
509 0.6665284984375 0.81829211875 0.668919925 0.8288022453125 0.6880514234375 0.8652032109375 0.7037666078125 0.8631524359375 0.7389548921875 0.8672539468749999 0.7577447609375 0.86776665625 0.7816591390625 0.86545953125 0.7686770640625 0.8290585968749999 0.7560760984375 0.8121133828125 0.742029603125 0.8095763953124999 0.724264646875 0.809832746875 0.67472771875 0.80778198125 0.6665284984375 0.81829211875
509 0.8263441765625 0.844381815625 0.9281510875000001 0.855148275 0.927126175 0.8241305640625001 0.8762227328125001 0.773630671875 0.8420593343749999 0.7690164609375 0.8301021453124999 0.768503778125 0.8116539062499999 0.76491495 0.790472609375 0.7618388109375 0.7839815578125 0.7777321828125 0.789789325 0.7915747984375 0.8219029250000001 0.8397675953125001 0.8263441765625 0.844381815625
509 0.724682684375 0.7431980765625 0.7441558109375 0.7252539546875 0.7339067906250001 0.7193580203125001 0.7291239093749999 0.7242285671875 0.722632859375 0.716538228125 0.5822212984374999 0.7147438125 0.5792511593749999 0.7262635921875 0.5924703171875 0.73243159375 0.58187966875 0.7455051734375 0.724682684375 0.7431980765625
509 0.6770248703124999 0.8985824125 0.68009958125 0.8916611031249999 0.6763416125 0.8762804234375 0.654850228125 0.8278097984375 0.5673603671875 0.8283439687499999 0.5813673546875 0.9008895078125001 0.5851253234375 0.90217123125 0.6770248703124999 0.8985824125
45 0.7004147640625 0.6520493484375 0.6976816828125 0.5982169671875 0.697340028125 0.5818109046875 0.693582084375 0.5572018203125 0.5965580296875 0.5577145156250001 0.5910918640625 0.599498690625 0.591637446875 0.6820573578125 0.603049053125 0.6935771765625 0.6993898515625 0.6881939421875 0.7004147640625 0.6520493484375
45 0.495527103125 0.6795194312499999 0.5561132843750001 0.6826667078125 0.5649681953125001 0.6753230484375 0.5633370359375001 0.593493653125 0.5591426 0.55310350625 0.46663216875 0.5503059234375 0.4647265515625 0.5788397671875 0.49506106250000004 0.578981178125 0.495527103125 0.60276065625 0.495527103125 0.6795194312499999
509 0.49403781406249997 0.5793368437499999 0.4123508125 0.575607946875 0.4030329078125 0.5821335171875 0.4048965078125 0.6835128796875 0.48720464531249996 0.68700871875 0.49776496718749996 0.68048314375 0.49403781406249997 0.5793368437499999
255 0.43081882968749996 0.3705384609375 0.4350817375 0.40636355156250004 0.44048142500000004 0.42384959687499996 0.4453127125 0.43109991562500005 0.5271605578125 0.4308866734375 0.528013125 0.322984928125 0.507835365625 0.319573009375 0.44099999843750004 0.3259534359375 0.436786896875 0.32788955 0.430534640625 0.350066978125 0.43081882968749996 0.3705384609375
605 0.5407479609375 0.326613903125 0.5416005515625 0.3515635171875 0.541884740625 0.42939777812499996 0.6456155046875 0.42833155468750006 0.645331315625 0.405940878125 0.6436261562500001 0.35582840781249997 0.644478725 0.3536959625 0.654709721875 0.3445264484375 0.6629513484375 0.333011240625 0.6694878156249999 0.32128278906249996 0.6731823015625 0.3080616390625 0.676024240625 0.29036233437500003 0.639931628125 0.2882298890625 0.6106596718749999 0.2858841984375 0.588492540625 0.2865239296875 0.5643360609375 0.284817975 0.54671605 0.2833252625 0.523696328125 0.284391484375 0.523074603125 0.3200909640625 0.528811828125 0.32277550312500003 0.5285276375 0.32704039375 0.5407479609375 0.326613903125
605 0.7124910515625 0.3934139546875 0.7181749296875 0.407061609375 0.7173223390625 0.42476091406250005 0.716753959375 0.4275330828125 0.7377843109375 0.4271066 0.7895075874999999 0.4164443734375 0.7903601765625 0.3949066765625 0.8361154078125 0.3932007140625 0.8369679546875 0.3697438140625 0.8386731359375 0.32901410000000003 0.8417992859375 0.2786883890625 0.840378315625 0.26120233593750003 0.712775240625 0.2771956765625 0.69060813125 0.2799678578125 0.69003973125 0.282100303125 0.6792403765625 0.2978804 0.6840716640625 0.31515320468749997 0.6891871625 0.3277346359375 0.7124910515625 0.3934139546875
568 0.8728414390625 0.6352852625 0.8759246375 0.5327209625 0.756450378125 0.5311786453125 0.7558963953125 0.6165508890625 0.8358429421875 0.614849509375 0.8540852609374999 0.6327789875 0.8728414390625 0.6352852625
797 0.85764609375 0 0.8348389718749999 0.0109844546875 0.831521559375 0.025998659375 0.826130803125 0.051824181250000004 0.8141052234374999 0.083561596875 0.8182519734374999 0.09382955 0.8215693859375 0.117165865625 0.823228059375 0.1457917609375 0.823228059375 0.152014778125 0.9086511265624999 0.1513924625 0.91196850625 0.1625729703125 0.85640205625 0.20582293593749998 0.8688423046875 0.2089344453125 0.92316475 0.21049020000000002 0.9198473375 0.168173684375 0.9223353812499999 0.1669290765625 0.9268967984375 0.1669290765625 0.9285555046875 0.1295909703125 0.9281408375 0.08727445 0.9260674625 0.0639381390625 0.919018 0.05740396875 0.9198473375 0.0511809515625 0.9244087562500001 0.0415352734375 0.9327022546875 0.0287200390625 0.9356049984375 0.016274009375000002 0.9356049984375 0 0.85764609375 0