543 0.19453125 0.14375 0.37578125 0.13125
543 0.853125 0.05078125 0.2796875 0.09453125
543 0.26171875 0.459375 0.35546875 0.11953125
543 0.5953125 0.4046875 0.30625 0.11484375
543 0.8828125 0.36171875 0.234375 0.0765625
543 0.47578125 0.68671875 0.1796875 0.1359375
543 0.6390625 0.6625 0.1296875 0.15390625
543 0.6484375 0.8921875 0.1109375 0.11953125
543 0.509375 0.9171875 0.128125 0.1078125
543 0.75703125 0.859375 0.08671875 0.11796875
543 0.8453125 0.828125 0.078125 0.11640625
543 0.91953125 0.5765625 0.16015625 0.1