163 0.19765625 0.71328125 0.08828125 0.07421875
163 0.28671875 0.709375 0.08046875 0.07265625
163 0.37109375 0.70234375 0.07421875 0.07109375
163 0.45390625 0.696875 0.0765625 0.06328125
163 0.53203125 0.69453125 0.07109375 0.06171875
163 0.61015625 0.6859375 0.075 0.0671875
163 0.690625 0.67734375 0.06875 0.06484375
163 0.76953125 0.675 0.07578125 0.06171875
163 0.84375 0.6703125 0.05703125 0.06875
163 0.84296875 0.47421875 0.0859375 0.08671875
163 0.73828125 0.48046875 0.096875 0.08359375
163 0.634375 0.48046875 0.096875 0.09296875
163 0.52890625 0.490625 0.0984375 0.08984375
163 0.415625 0.496875 0.11171875 0.1015625
163 0.29921875 0.5015625 0.115625 0.10078125
163 0.17890625 0.50234375 0.11328125 0.10390625
116 0.10546875 0.66015625 0.08046875 0.11484375
116 0.03125 0.67578125 0.05390625 0.10078125