1005 0.94140625 0.025 0.1109375 0.05
999 0.625 0.19609375 0.078125 0.175
999 0.2125 0.04609375 0.09140625 0.09140625
999 0.0125 0.01484375 0.025 0.02890625
994 0.1015625 0.18125 0.1859375 0.35390625
994 0.45 0.73359375 0.24453125 0.4
994 0.7734375 0.125 0.1640625 0.25
994 0.94609375 0.21484375 0.103125 0.30390625
994 0.75859375 0.46640625 0.221875 0.475
994 0.3890625 0.125 0.20546875 0.25
994 0.5 0.37109375 0.18359375 0.29140625
994 0.046875 0.93671875 0.09375 0.1171875
994 0.76796875 0.96875 0.15859375 0.05390625
994 0.2859375 0.29375 0.10546875 0.07109375
994 0.89453125 0.88125 0.121875 0.1875
994 0.3859375 0.37734375 0.04453125 0.09609375