999 0.16015625 0.671875 0.0796875 0.65
999 0.68828125 0.68203125 0.1203125 0.63046875
999 0.3203125 0.65 0.1484375 0.69453125
999 0.2359375 0.6765625 0.090625 0.64140625
999 0.028125 0.709375 0.05546875 0.575
999 0.0203125 0.80859375 0.040625 0.378125
999 0.41640625 0.784375 0.11875 0.425
999 0.58359375 0.8390625 0.09609375 0.31640625
999 0.803125 0.79609375 0.109375 0.403125
999 0.16015625 0.8515625 0.07578125 0.29140625
999 0.909375 0.82109375 0.1109375 0.353125
999 0.09296875 0.79140625 0.11484375 0.4109375
999 0.496875 0.8515625 0.1015625 0.29140625
999 0.5984375 0.734375 0.12578125 0.525