1012 0.390625 0.709375 0.30703125 0.296875
1012 0.36484375 0.375 0.5109375 0.24453125
1012 0.46015625 0.3484375 0.31640625 0.196875
994 0.52421875 0.496875 0.94453125 0.921875
1002 0.796875 0.38359375 0.4015625 0.70546875
994 0.6 0.64296875 0.1703125 0.36953125
994 0.78515625 0.596875 0.240625 0.36640625
994 0.35390625 0.371875 0.1890625 0.2609375
994 0.33046875 0.61796875 0.171875 0.26953125
1009 0.8 0.3890625 0.39609375 0.1890625
994 0.69296875 0.39609375 0.19296875 0.175
994 0.35859375 0.23046875 0.371875 0.29453125