1013 0.5046875 0.50546875 0.89921875 0.43359375
1014 0.47421875 0.62109375 0.14375 0.196875
1014 0.1359375 0.609375 0.16171875 0.196875
1014 0.62421875 0.60390625 0.15625 0.225
1014 0.30390625 0.609375 0.175 0.2140625
1014 0.88359375 0.596875 0.14140625 0.1890625
1014 0.76875 0.5984375 0.1546875 0.225
1014 0.38515625 0.48359375 0.15234375 0.2
1014 0.52734375 0.4265625 0.13203125 0.246875
1014 0.6921875 0.43203125 0.1046875 0.146875
1014 0.3390625 0.4140625 0.18203125 0.18359375
1014 0.6546875 0.45703125 0.12890625 0.15859375
1014 0.15625 0.51640625 0.08125 0.04453125
1014 0.23515625 0.540625 0.08828125 0.096875
1014 0.790625 0.475 0.0953125 0.03359375
1014 0.8328125 0.496875 0.11015625 0.0390625
1014 0.60546875 0.39296875 0.0609375 0.08046875
1014 0.525 0.36640625 0.16015625 0.15546875