1012 0.365625 0.79609375 0.23125 0.396875
997 0.49921875 0.4984375 0.99765625 0.996875
995 0.9625 0.17890625 0.06875 0.3578125
997 0.23828125 0.71640625 0.32734375 0.33359375
997 0.38515625 0.29453125 0.078125 0.27734375
997 0.49140625 0.2984375 0.09921875 0.2515625
997 0.68359375 0.22265625 0.11171875 0.2046875
997 0.8671875 0.25625 0.2546875 0.128125
997 0.82734375 0.14453125 0.1625 0.18203125
997 0.809375 0.6796875 0.13671875 0.1859375
997 0.83671875 0.50703125 0.27421875 0.2265625
997 0.590625 0.296875 0.11953125 0.26875
997 0.54765625 0.753125 0.1234375 0.4328125
997 0.1265625 0.4859375 0.25234375 0.109375
997 0.11796875 0.34765625 0.2359375 0.1390625
997 0.26875 0.11796875 0.1515625 0.2265625
997 0.12109375 0.2703125 0.2421875 0.19375