999 0.11640625 0.7109375 0.1296875 0.571875
999 0.26328125 0.7109375 0.12578125 0.571875
999 0.18671875 0.78203125 0.08515625 0.43046875
999 0.64296875 0.69140625 0.140625 0.6109375
999 0.35078125 0.72109375 0.09453125 0.553125
999 0.815625 0.72890625 0.128125 0.5359375
999 0.459375 0.6875 0.17421875 0.61953125
999 0.9203125 0.77109375 0.15546875 0.453125
999 0.45 0.7875 0.1109375 0.41953125
999 0.5765625 0.69140625 0.18671875 0.6109375
999 0.725 0.71796875 0.1203125 0.55859375
999 0.034375 0.840625 0.05703125 0.28046875
999 0.88125 0.6375 0.23359375 0.71953125
999 0.88125 0.925 0.04453125 0.14453125
999 0.740625 0.8640625 0.09296875 0.26640625
999 0.55703125 0.8765625 0.059375 0.24140625