999 0.8515625 0.671875 0.10390625 0.65
999 0.796875 0.70703125 0.1 0.58046875
999 0.696875 0.740625 0.096875 0.5140625
999 0.43828125 0.6765625 0.1 0.64140625
999 0.615625 0.7265625 0.09140625 0.54140625
999 0.51015625 0.746875 0.10234375 0.5
999 0.20859375 0.6515625 0.09296875 0.69140625
999 0.13203125 0.725 0.075 0.54453125
999 0.44375 0.40390625 0.0671875 0.275
999 0.721875 0.528125 0.05625 0.221875
999 0.56484375 0.6515625 0.065625 0.6859375
999 0.5921875 0.57109375 0.1203125 0.54140625
999 0.72109375 0.70546875 0.05859375 0.578125
999 0.378125 0.590625 0.0859375 0.8140625
999 0.3078125 0.67890625 0.12734375 0.6359375