475 0.36796875 0.2828125 0.1625 0.2375
475 0.71015625 0.1265625 0.184375 0.253125
475 0.625 0.38984375 0.1640625 0.2421875
475 0.78046875 0.47421875 0.1234375 0.25
475 0.56796875 0.63046875 0.159375 0.234375
475 0.73125 0.82578125 0.18125 0.2875
475 0.3671875 0.8171875 0.1703125 0.2953125
475 0.3453125 0.52890625 0.15 0.2234375
475 0.22578125 0.14765625 0.159375 0.225
475 0.09375 0.259375 0.134375 0.240625
475 0.1 0.83828125 0.1375 0.2125
475 0.91796875 0.7703125 0.15625 0.275
475 0.9375 0.50390625 0.125 0.2359375
475 0.51953125 0.1921875 0.1453125 0.246875
475 0.08125 0.58046875 0.1625 0.309375
475 0.228125 0.42109375 0.1140625 0.2859375
475 0.2546875 0.91953125 0.15625 0.1609375
475 0.2328125 0.70390625 0.1453125 0.2453125