1010 0.55625 0.15390625 0.14765625 0.175
1010 0.56953125 0.8015625 0.17890625 0.225
1010 0.26171875 0.7640625 0.1953125 0.221875
1010 0.39765625 0.3984375 0.14453125 0.19375
1010 0.5734375 0.3375 0.1640625 0.18203125
1010 0.7125 0.6140625 0.1390625 0.18515625
1010 0.365625 0.58515625 0.15859375 0.16484375
1010 0.2375 0.50703125 0.11640625 0.14609375
1010 0.3 0.3359375 0.0875 0.1921875
1010 0.15625 0.671875 0.13515625 0.2109375
1010 0.4359375 0.78828125 0.12265625 0.16953125
1010 0.7546875 0.8125 0.140625 0.18359375
1010 0.53203125 0.49375 0.14140625 0.13984375
1010 0.85390625 0.63203125 0.11171875 0.17734375
1010 0.70234375 0.43984375 0.115625 0.1859375
1010 0.41640625 0.228125 0.1375 0.14765625