461 0.58828125 0.51875 0.184375 0.221875
461 0.7859375 0.50703125 0.1515625 0.2296875
461 0.58828125 0.76015625 0.159375 0.221875
461 0.44609375 0.8078125 0.10625 0.225
461 0.27890625 0.76875 0.1328125 0.215625
461 0.30703125 0.50234375 0.1578125 0.21875
461 0.58125 0.32734375 0.153125 0.178125
461 0.75625 0.753125 0.1578125 0.215625
461 0.10703125 0.61796875 0.10625 0.2296875
461 0.87890625 0.72109375 0.1328125 0.2015625
461 0.40546875 0.309375 0.1484375 0.1796875
461 0.16484375 0.43125 0.1265625 0.1640625
461 0.45625 0.50390625 0.1 0.1671875
461 0.565625 0.2140625 0.171875 0.1984375
461 0.28046875 0.33203125 0.0921875 0.16875