1012 0.07421875 0.33203125 0.1484375 0.353125
995 0.25390625 0.44140625 0.28515625 0.68359375
995 0.50390625 0.534375 0.35546875 0.81953125
995 0.91171875 0.0515625 0.171875 0.103125
995 0.00703125 0.44765625 0.0140625 0.6078125
997 0.9046875 0.13203125 0.18671875 0.2640625
997 0.8640625 0.9015625 0.2203125 0.19140625
997 0.61875 0.4109375 0.44765625 0.65
997 0.09375 0.965625 0.18671875 0.0640625
997 0.05 0.90546875 0.1 0.18359375
997 0.965625 0.6984375 0.06484375 0.23046875
997 0.25546875 0.01953125 0.3484375 0.0390625