1010 0.3015625 0.684375 0.2296875 0.2140625
1010 0.134375 0.65703125 0.1390625 0.196875
1010 0.68671875 0.70390625 0.1890625 0.1859375
1010 0.5 0.73359375 0.20390625 0.1890625
1010 0.53203125 0.25 0.16875 0.221875
1010 0.859375 0.6859375 0.16640625 0.178125
1010 0.21875 0.4375 0.140625 0.22109375
1010 0.36484375 0.25078125 0.14609375 0.20546875
1010 0.50234375 0.53984375 0.12890625 0.1734375
1010 0.603125 0.4125 0.15390625 0.19609375
1010 0.67578125 0.5328125 0.14140625 0.17109375
1010 0.3375 0.48359375 0.17734375 0.1921875