999 0.98046875 0.615625 0.03515625 0.475
999 0.2953125 0.70390625 0.06875 0.5859375
999 0.13515625 0.7109375 0.078125 0.571875
999 0.08984375 0.7625 0.071875 0.46953125
999 0.8 0.63359375 0.18515625 0.6
999 0.3546875 0.7015625 0.07578125 0.59140625
999 0.5640625 0.715625 0.07578125 0.5140625
999 0.93515625 0.64453125 0.06328125 0.46640625
999 0.409375 0.74140625 0.05546875 0.5109375
999 0.43359375 0.6 0.1296875 0.49453125
999 0.26171875 0.75 0.0984375 0.49453125
999 0.78125 0.50390625 0.040625 0.35859375
999 0.88125 0.725 0.0515625 0.25
999 0.61796875 0.69296875 0.090625 0.5640625
999 0.66328125 0.5015625 0.06640625 0.4140625
999 0.68046875 0.6265625 0.05390625 0.41953125
999 0.503125 0.6109375 0.05703125 0.471875
999 0.22421875 0.75 0.11484375 0.49453125
999 0.73125 0.571875 0.07421875 0.55546875
999 0.5265625 0.8140625 0.04296875 0.31640625
999 0.0296875 0.7625 0.05546875 0.46953125
999 0.44453125 0.77890625 0.03671875 0.3640625
999 0.45703125 0.465625 0.03359375 0.125
999 0.0109375 0.840625 0.021875 0.3140625
999 0.86796875 0.6125 0.1203125 0.43046875