475 0.4078125 0.32421875 0.19375 0.2890625
475 0.540625 0.62265625 0.2 0.3
475 0.75625 0.59140625 0.1875 0.3125
475 0.6328125 0.30546875 0.1953125 0.30625
475 0.49375 0.08359375 0.2015625 0.1671875
475 0.259375 0.11953125 0.1765625 0.2390625
475 0.146875 0.3765625 0.190625 0.3015625
475 0.2984375 0.6515625 0.1921875 0.3390625
475 0.43515625 0.8875 0.203125 0.225
475 0.94140625 0.1375 0.1171875 0.25625
475 0.946875 0.59296875 0.10625 0.3140625
475 0.171875 0.878125 0.2078125 0.2421875
475 0.059375 0.65703125 0.10625 0.34375
475 0.8515625 0.85234375 0.18125 0.2953125
475 0.0359375 0.1828125 0.071875 0.353125
475 0.646875 0.88125 0.1734375 0.2375