999 0.734375 0.82109375 0.08359375 0.353125
999 0.11484375 0.784375 0.08515625 0.425
999 0.253125 0.765625 0.08359375 0.4640625
999 0.5046875 0.759375 0.08671875 0.475
999 0.0359375 0.7984375 0.071875 0.396875
999 0.371875 0.8109375 0.08203125 0.371875
999 0.18125 0.865625 0.06953125 0.2640625
999 0.58984375 0.79609375 0.08671875 0.403125
999 0.3125 0.7859375 0.06484375 0.421875
999 0.9640625 0.77890625 0.06953125 0.4359375
999 0.6671875 0.7390625 0.08984375 0.51640625
999 0.81328125 0.759375 0.08984375 0.475
999 0.89296875 0.80703125 0.08828125 0.38046875
999 0.84453125 0.90703125 0.0484375 0.18046875
999 0.8921875 0.6015625 0.08984375 0.79140625
999 0.425 0.790625 0.07890625 0.4140625