576 0.70099679375 0.2487288453125 0.6880558437500001 0.24840916562499998 0.680626784375 0.29827895312499997 0.6842214921875 0.315861253125 0.6849404234375001 0.3666901109375 0.715225828125 0.3664014390625 0.7151359609375 0.31969739375 0.70866549375 0.2899673265625 0.70099679375 0.2487288453125
653 0.732869853125 0.2947624984375 0.7311923296875 0.2822950515625 0.7184910234374999 0.2822950515625 0.718970328125 0.2925247484375 0.7172927890625 0.29572153125 0.7165738578124999 0.3085086578125 0.7139377234375 0.31745964375 0.716094553125 0.32928773906250003 0.716124653125 0.3660019609375 0.7431746875 0.3666901109375 0.741257503125 0.31745964375 0.73454739375 0.303713484375 0.732869853125 0.2947624984375
576 0.67209601875 0.2580866109375 0.6711631484375 0.254664515625 0.6718628046874999 0.24595370625 0.6639334406249999 0.24408711093750002 0.6590358968750001 0.2456426109375 0.658569471875 0.2559089078125 0.657170159375 0.2618198125 0.652272615625 0.281730203125 0.6494740234374999 0.31439570156249996 0.652272615625 0.36541611406249996 0.6851561390625001 0.36541611406249996 0.6842232859374999 0.316573403125 0.6799972875 0.299810715625 0.6790925140625 0.283285703125 0.67209601875 0.26461970468749996 0.67209601875 0.2580866109375
613 0.6339953921875 0.2651214109375 0.6339953921875 0.25069547812500004 0.6231809765625 0.250914053125 0.6231809765625 0.26599570781250004 0.6099087390625 0.27320867187500003 0.608969740625 0.3661045609375 0.6527011390624999 0.3660578203125 0.6492780234375 0.31736241718749997 0.6492339078125 0.2699300515625 0.6339953921875 0.2651214109375
613 0.592867834375 0.2644656828125 0.593359403125 0.2513512 0.587132915625 0.24894688281250002 0.5815618484375 0.250914053125 0.5820534187499999 0.26380996093750003 0.567306484375 0.2738643953125 0.5684534640625001 0.2948475734375 0.56796190625 0.3665400859375 0.608761759375 0.3665400859375 0.60865784375 0.2712793828125 0.608270190625 0.27102292499999997 0.602207565625 0.26599570781250004 0.592867834375 0.2644656828125
835 0.54935319375 0.2546481140625 0.538742665625 0.2541334234375 0.537585140625 0.2726622328125 0.52851796875 0.28810290781250003 0.52873319375 0.36860018437500003 0.567680453125 0.3673650296875 0.5665229593750001 0.28630149375 0.54935319375 0.2708608203125 0.54935319375 0.2546481140625
835 0.5126986437500001 0.27472098906250003 0.502088115625 0.2708608203125 0.502473946875 0.25979500624999996 0.4978438953125 0.257736246875 0.493020928125 0.258250946875 0.49128465625000006 0.25979500624999996 0.49051299375 0.269831446875 0.482796246875 0.273434265625 0.47257155156249997 0.2834707078125 0.47353614374999997 0.3658209671875 0.526080121875 0.36667067656249996 0.5252383578125001 0.2947938609375 0.518872034375 0.2806399109375 0.5126986437500001 0.27472098906250003
786 0.47449288906250003 0.366916515625 0.472053921875 0.2724464109375 0.4204756578125 0.27169901875 0.419896896875 0.3653724328125 0.47449288906250003 0.366916515625
835 0.24363308906249997 0.2569768328125 0.23533759375000002 0.2528593234375 0.2339871546875 0.239477403125 0.22955003437500002 0.2371612984375 0.2220262015625 0.2375991328125 0.22183328593749999 0.2504663609375 0.2058210296875 0.2550985609375 0.19443882343750002 0.265135003125 0.194631740625 0.364212659375 0.26149645312500003 0.3644195859375 0.2604170234375 0.2744762609375 0.25173568281250003 0.2641824765625 0.24363308906249997 0.2569768328125
835 0.2765625 0.30234375 0.03203125 0.1296875
786 0 0.5224991828125 0.0683045484375 0.5229607578125 0.078657184375 0.512462740625 0.0794288609375 0.48775765781249997 0.08328723593750001 0.4581630328125 0.09351193125 0.4236788671875 0.0985278140625 0.421877453125 0.1004570015625 0.40412068124999995 0.11087461406250002 0.387393284375 0.024254121875 0.381217015625 0 0.4666554109375 0 0.5224991828125
786 0.0790430296875 0.512977421875 0.0697829265625 0.52095511875 0.069397096875 0.5299621796875 0.11454005625000001 0.529447478125 0.114347140625 0.521727140625 0.11415422500000001 0.5127200828125 0.11511881875 0.4854415625 0.1284302109375 0.48158139375 0.130359396875 0.46871416562499996 0.133639009375 0.42239214531249997 0.0960412140625 0.4239127234375 0.0923544078125 0.4280537265625 0.082901403125 0.4604791578125 0.0790430296875 0.512977421875
786 0.166785890625 0.5304710890625 0.171994690625 0.519405265625 0.17971143750000002 0.5091114937500001 0.1845344046875 0.49521490312500005 0.1916724046875 0.48003155 0.196302440625 0.46613495 0.196302440625 0.456355859375 0.1760459796875 0.454039753125 0.1654354515625 0.4517236484375 0.1548249234375 0.44168721718750004 0.1494232109375 0.45223833906250005 0.1397772765625 0.4553264765625 0.13090301875000002 0.4699951171875 0.128119271875 0.482762690625 0.11527659374999999 0.500876465625 0.13225344375 0.5127143109375 0.1573328734375 0.5268682609375 0.166785890625 0.5304710890625
786 0.198815034375 0.49618042500000004 0.1943778984375 0.5013273171875 0.19399206875 0.50879029375 0.19322039062500002 0.5201134484375001 0.18608240468749998 0.5278337843750001 0.2165635484375 0.5296352093750001 0.22678824375 0.5206281484375 0.229489109375 0.51187843125 0.23431207656250003 0.500555265625 0.236820009375 0.49103353437499997 0.238749196875 0.482283796875 0.24183589218749998 0.4722473640625 0.24048546875 0.463240303125 0.239327959375 0.4521744890625 0.20305924062499997 0.4547479359375 0.20286632343750002 0.4609242 0.1995110359375 0.46925614062500004 0.20170881562499998 0.4768795640625 0.20113005312499999 0.48640131562500005 0.198815034375 0.49618042500000004
154 0.32443734062499996 0.5205580546874999 0.340791259375 0.521721546875 0.34558841875 0.4958339828125 0.3477689421875 0.480126934375 0.3475508765625 0.4522032453125 0.32182071875 0.45831154375 0.30830146875 0.46412897500000005 0.2917478390625 0.4765959921875 0.2875865046875 0.531611184375 0.293691975 0.5319020515624999 0.3026321140625 0.5243393953125 0.32443734062499996 0.5205580546874999
154 0.3615062234375 0.494088746875 0.3595437515625 0.5287024671875 0.39574042187499997 0.5281207343750001 0.42016230156249995 0.5185219625 0.41819981093749997 0.485944365625 0.4142748640625 0.47052815312499996 0.4103499515625 0.4408592484375 0.40468057812499997 0.431842234375 0.40250005624999996 0.4161351640625 0.39901120625000003 0.406827271875 0.3665214328125 0.419625625 0.35363044062500004 0.41843906718749996 0.3510397265625 0.4426044734375 0.3538743953125 0.4644198421875 0.357363228125 0.4824538828125 0.3615062234375 0.494088746875
154 0.45550177031250005 0.45016714062499996 0.4537573609375 0.42340695312500004 0.45223098593750005 0.39926460937499997 0.43849370312499997 0.3978102515625 0.4356590171875 0.405082040625 0.43391460937500004 0.425733925 0.43391460937500004 0.4356235625 0.4293354984375 0.454530215625 0.4232300453125 0.48652608906249994 0.42279393125000003 0.5048510187499999 0.42344809375 0.523466771875 0.4261448546875 0.530391146875 0.46727659531250004 0.53044769375 0.46814882343750003 0.48507173124999997 0.45986281562500003 0.4676194359375 0.45550177031250005 0.45016714062499996
154 0.5047913687500001 0.5273228984375 0.5043552546875001 0.5139428109375 0.50304694375 0.49707225 0.496941475 0.47496600312500004 0.493670690625 0.45082366250000006 0.4927984953125 0.44616972343750005 0.49214433125 0.4330805015625 0.490617971875 0.4231908625 0.485166665625 0.4208638921875 0.48124171875000005 0.42057302500000004 0.4775348359375 0.42057302500000004 0.47426405312500003 0.423772609375 0.47360988906249996 0.4452971109375 0.47099326875 0.4525689 0.46924884375 0.4854373859375 0.468944715625 0.5238484921875 0.46859468125000003 0.5290681234375 0.504573303125 0.5290681234375 0.5047913687500001 0.5273228984375
154 0.533087765625 0.482382584375 0.5317794546875 0.47249296718749995 0.5315613890625001 0.45707675468750003 0.531125290625 0.449804965625 0.5278545078125 0.4468962484375 0.5278545078125 0.4300257 0.5254559359375001 0.4227539109375 0.51891436875 0.42071780625 0.5134630609374999 0.42071780625 0.5088839671875001 0.4274078515625 0.508229803125 0.436424865625 0.508229803125 0.445441890625 0.508229803125 0.45707675468750003 0.5080117546875 0.469002484375 0.5058312328125 0.4873273921875 0.503868759375 0.4986714109375 0.503650709375 0.5053614328125 0.5049293125000001 0.5260293765624999 0.5394112843750001 0.5274676687500001 0.538539071875 0.5015801265625 0.5354863359375 0.49285397968750005 0.533087765625 0.482382584375
576 0.5620415828125 0.49823616406250004 0.5587707984375 0.4630407296875 0.5576805375 0.46158634843749996 0.5561541609375 0.4493697390625 0.5467779234375 0.448497128125 0.5443793359375 0.46216809531249997 0.5430710265625 0.468567271875 0.5404544062500001 0.4839834625 0.540096078125 0.5263928578125 0.5624776812500001 0.5279050671875 0.562913778125 0.5116162625 0.5620415828125 0.49823616406250004
653 0.59737889375 0.4785273390625 0.5986872046875 0.4622385234375 0.59846915625 0.4511854046875 0.59737889375 0.44653146406250005 0.5936720125 0.4415866453125 0.5864762812500001 0.4418775109375 0.58669433125 0.428788290625 0.58582211875 0.42471609531250004 0.5845138078125001 0.41569906874999996 0.5736111953125 0.4151173359375 0.5718667859375001 0.4410049 0.5624905328125 0.44449536093750003 0.5607461093749999 0.45671196875 0.564903640625 0.525302415625 0.5971608453125 0.5262302828125 0.5980330578124999 0.515177153125 0.59737889375 0.4785273390625
653 0.6283450234375 0.47627514531250004 0.623111784375 0.46871248750000005 0.6215854078125 0.46667640625000006 0.621367359375 0.46173156562499995 0.6196229343749999 0.45853198281249996 0.6183146234375 0.454168909375 0.618096575 0.45009670156250003 0.6126452687499999 0.44951495625 0.6089383859375 0.4503875796875 0.6089383859375 0.4594045953125 0.6082842234375 0.4602772078125 0.6071939609375 0.4643494140625 0.608720321875 0.464931159375 0.608720321875 0.46871248750000005 0.6026148671875 0.481801709375 0.603886953125 0.5242119734374999 0.626818665625 0.5242689546875 0.6279089265625 0.5068166609375 0.6283450234375 0.47627514531250004
154 0.6512405109375 0.52601418125 0.671519378125 0.5251415796875001 0.6719554765625 0.517578921875 0.672391590625 0.49867228125 0.6689027578125 0.4791838609375 0.662361190625 0.45824110312500005 0.6601806671875 0.4471879859375 0.659526503125 0.4349713765625 0.65909040625 0.424790871875 0.654075196875 0.42100954375 0.654075196875 0.41722821562499995 0.6514585765625001 0.412865140625 0.6521127234375 0.4038481328125 0.6394657031250001 0.4038481328125 0.6388115390625 0.416355603125 0.6372851796875 0.4227547796875 0.6318338734375 0.43293528437499995 0.63270606875 0.45649587968749994 0.628694515625 0.47368814531250003 0.6303074984375 0.5076892828124999 0.6492780546875 0.5068166609375 0.6512405109375 0.52601418125
182 0.670598759375 0.482748675 0.6723431843750001 0.49525615 0.672125134375 0.5257976671875 0.7259840359374999 0.5257976671875 0.725111840625 0.4338822390625 0.67449309375 0.43261481718750006 0.6658016156250001 0.442026653125 0.6684182359374999 0.4728590578125 0.670598759375 0.482748675
221 0.7506817515625 0.4866717625 0.745884609375 0.47590948906249997 0.7423957921875 0.4651472390625 0.74130553125 0.4552576109375 0.7404333015625 0.44682233125000004 0.7415235640625 0.43518746718749995 0.729312640625 0.436350959375 0.7297487390625 0.44885843437500006 0.7297487390625 0.460493296875 0.7288765421875001 0.47125554843749995 0.72604185625 0.477654725 0.7271069359375 0.5249389343749999 0.7515539812500001 0.5253576578125 0.7517720140625 0.497433990625 0.7506817515625 0.4866717625
221 0.7625 0.49296875 0.01953125 0.0640625
182 0.49296875 0.6125 0.05703125 0.05390625
182 0.4890625 0.66640625 0.04609375 0.05390625
182 0.54609375 0.61953125 0.04609375 0.028125
182 0.5375 0.678125 0.05 0.0296875
182 0.57890625 0.6734375 0.03203125 0.0296875
154 0.759375 0.67421875 0.04140625 0.0265625
154 0.79140625 0.67109375 0.0265625 0.0265625
64 0.65078125 0.67421875 0.0375 0.03359375
698 0.19347696406249998 0.5992572968750001 0.1936950140625 0.6440515234374999 0.19020618125 0.704843678125 0.24922058749999998 0.7026810328125 0.25605797343750003 0.6329984046875 0.255403809375 0.5884950609375 0.19107837656249999 0.5919855109375 0.19347696406249998 0.5992572968750001
698 0.1234821765625 0.7065889249999999 0.190642278125 0.70338931875 0.19347696406249998 0.63125316875 0.1936080296875 0.59945249375 0.133076478125 0.592276378125 0.13176816875 0.647541984375 0.129587646875 0.691172721875 0.1234821765625 0.7065889249999999
698 0.0818240609375 0.6193987484375 0.0816060109375 0.621434840625 0.0685228765625 0.6470315484375 0.058710523437499995 0.7057876109375 0.09141836406250001 0.7052058531250001 0.12412620156250001 0.6979340640625 0.1219456796875 0.6720465234375 0.12369010312499999 0.6647747328125 0.13241219375 0.5926385546875 0.1354649140625 0.5908933296875001 0.1369912890625 0.5850758984375 0.08771148125 0.5821671828125 0.06590625624999999 0.58653025625 0.0698311859375 0.5955472703125 0.07093326875 0.601269896875 0.08313237031250001 0.6068912609375 0.083786534375 0.618817003125 0.0818240609375 0.6193987484375
64 0.28412636875 0.8696041078125001 0.331870028125 0.869280825 0.32678060625 0.8615218953125 0.3270229546875 0.857319146875 0.3224182328125 0.8411547234375 0.3272653046875 0.8217574140625 0.3345359140625 0.76906138125 0.27903692812499997 0.774234003125 0.2722510359375 0.8182012328124999 0.2807334140625 0.829193046875 0.29987935625 0.8579657140625001 0.28412636875 0.8696041078125001
231 0.3377513859375 0.7924212765624999 0.341871390625 0.8486734671875 0.356412609375 0.8506132046875001 0.368530290625 0.847057025 0.3753162 0.8399446875000001 0.37483148125 0.8189309343750001 0.3806479734375 0.8066459625 0.382586809375 0.78595550625 0.38546685625 0.7813970593749999 0.39155388593749996 0.7600924265625 0.36562205468750003 0.7594458484375 0.3389631546875 0.772700671875 0.3377513859375 0.7924212765624999
243 0.427314828125 0.8060086546875 0.42798768125000003 0.80080284375 0.4287951109375 0.7943404640625 0.42839139687500005 0.7868010171875001 0.42583455625 0.7819542296875001 0.417625765625 0.7740557625 0.417625765625 0.76149001875 0.414665221875 0.7607719765625001 0.414934359375 0.7543095937500001 0.40928240625 0.7543095937500001 0.4086095546875 0.76149001875 0.406591 0.7616695296875 0.40551443281250005 0.7733377171875 0.39744021093750004 0.7799796156250001 0.394479665625 0.7894936765625 0.39421051875 0.8006233359375001 0.39636364375 0.867580796875 0.4278702390625 0.86682195 0.42744940781249996 0.845500984375 0.42543085156249993 0.8368844828125 0.427314828125 0.8060086546875
243 0.7232183515624999 0.7751215499999999 0.7244669015625 0.7617975140625 0.7194727125 0.7588366203125 0.688536475 0.7573561765625 0.6928370359375 0.8036201843749999 0.691311025 0.8082465859375001 0.6917272109375 0.8526600296875 0.7230984328125001 0.8524370640625 0.7222472625 0.798068503125 0.7226634484375001 0.7893708671875 0.7232183515624999 0.7751215499999999
243 0.7226634484375001 0.8526600296875 0.7393107390625 0.8537703765625 0.7440274875 0.8513646421875001 0.7563742265625 0.8476635218749999 0.7560967765625 0.7592067375 0.7247443609374999 0.75828145625 0.723271871875 0.76063045625 0.7247443609374999 0.7623526843749999 0.7222472625 0.796773109375 0.7226634484375001 0.8526600296875
243 0.7836052875 0.7965850062500001 0.782079296875 0.787887378125 0.7766689109375 0.7819655828125 0.7755590875 0.7706771625 0.7729232734375 0.77030705625 0.7727845375 0.76364503125 0.7672354375 0.763459978125 0.7669579859375 0.7699369390624999 0.7655707109375001 0.7708622171874999 0.7640447109374999 0.78011501875 0.7598828859375 0.7865919828125 0.7586343359375001 0.81286994375 0.760734515625 0.848043296875 0.784576375 0.8463650921875001 0.7836052875 0.8289698140624999 0.7836052875 0.7965850062500001
243 0.48600741562499994 0.8374682640625 0.48555209374999997 0.8117054593749999 0.4570915953125 0.810299903125 0.45784591875 0.8373005546875 0.48600741562499994 0.8374682640625
243 0.44024498437500004 0.8290829687500001 0.4471596375 0.827909025 0.45420001875000005 0.832604803125 0.45734304375 0.8324370875 0.45772019999999997 0.8076166062500001 0.42993586875 0.8072811984375001 0.43081591250000006 0.8346172624999999 0.44024498437500004 0.8290829687500001
243 0.4277860828125 0.7663301171875 0.458360421875 0.7666479671875 0.4573435640625 0.7383232359375 0.427547690625 0.737149290625 0.4277860828125 0.7663301171875
243 0.508330765625 0.8173415484375001 0.5016675609375 0.8242174890625 0.502296165625 0.8386401953125 0.525428815625 0.8393110343749999 0.5253179484375 0.8102384718750001 0.500536071875 0.8109687187500001 0.49990746562500005 0.8149936625 0.508330765625 0.8173415484375001
243 0.4956329515625 0.8403172546875 0.4652084828125 0.8391433171875 0.4660885265625 0.8634606703125 0.4968901609375 0.8629575609375 0.4956329515625 0.8403172546875
243 0.5737447437500001 0.8594755859375001 0.5738857328125 0.8261657703124999 0.5351484125 0.8259344093750001 0.5353998515625 0.8601464125 0.5737447437500001 0.8594755859375001
243 0.6834492859375 0.7589904125 0.6409555874999999 0.762176828125 0.6398241062500001 0.76754341875 0.64057843125 0.781463009375 0.644350059375 0.7898483046875 0.642212796875 0.79303471875 0.6428414015625 0.8072897234375 0.6448529453125 0.808463659375 0.691998296875 0.8076251296875 0.6927526281249999 0.803935603125 0.6892324390625 0.76234453125 0.6834492859375 0.7589904125
107 0.7169662984375 0.9270201625000001 0.7512349687500001 0.9271820609375 0.7518892015625 0.8972968796874999 0.71760905 0.8968681796875 0.7169662984375 0.9270201625000001
107 0.7192259187500001 0.9278963499999999 0.7194306328125 0.954345753125 0.753496528125 0.9550602546875 0.753496528125 0.9281949796875001 0.7192259187500001 0.9278963499999999
107 0.7350176953124999 0.9849563421875001 0.737588709375 0.9848134546875 0.7398383421875 0.9836702421875 0.74830125625 0.9839560437499999 0.7486226359375 0.9706663015625001 0.75087226875 0.9706663015625001 0.751407896875 0.9563762609375001 0.7173509124999999 0.954682165625 0.718627503125 0.9840989531250001 0.72773316875 0.98438474375 0.7350176953124999 0.9849563421875001
107 0.6485345703125 0.9772907390625001 0.6695933515625 0.979135125 0.6728492390625 0.9476605062499999 0.6393878296875 0.9429567671875001 0.6389623984374999 0.950901821875 0.6485345703125 0.9772907390625001
698 0.2609174984375 0.626225740625 0.2616685171875 0.6377466703125 0.2616685171875 0.6693040140625001 0.2609174984375 0.701362271875 0.3151783984375 0.6988577203124999 0.3155539015625 0.6810754046875 0.31536615 0.670055396875 0.3151783984375 0.66003719375 0.3157416515625 0.645260321875 0.317431440625 0.63699530625 0.3200599984375 0.5831474671875 0.28197998125 0.5851541046875 0.2560699265625 0.602185053125 0.25716241875 0.6207157265625 0.2609174984375 0.626225740625
698 0.3160246109375 0.69904040625 0.37122428125 0.6970367671875 0.37159978437499996 0.6917772046875 0.3659671640625 0.6887717421875 0.3717875484375 0.6770003609375 0.37742016718750004 0.636176178125 0.3736650890625 0.60962794375 0.323722521875 0.611130675 0.31996744062500004 0.6301652609375 0.3160246109375 0.6401834640625 0.3152735921875 0.6451925671875001 0.3160246109375 0.69904040625
698 0.374889140625 0.6739320015625 0.3666279640625 0.687957490625 0.36869326875 0.69221521875 0.377142196875 0.6914638546874999 0.39028497500000003 0.6929665921875 0.4000481890625 0.6954711421875001 0.41037465781250004 0.6957216125000001 0.40849711875 0.683198859375 0.40849711875 0.6729301859375 0.40755834843749994 0.6616597078125 0.397982884375 0.6579028828125 0.3985461515625 0.6431260296875 0.3778932015625 0.635111465625 0.378831971875 0.6538955953125 0.37770545 0.6634128859375 0.374889140625 0.6739320015625
698 0.6437227046875 0.85692505625 0.641388453125 0.8259147109375 0.608038234375 0.8267019328125 0.6084158562499999 0.858184353125 0.6437227046875 0.85692505625
698 0.6086046609375 0.8599473703125 0.607397603125 0.8259147109375 0.5740530265625 0.8259463546875001 0.5749970609374999 0.8609548109375 0.6086046609375 0.8599473703125
243 0.691866059375 0.854490084375 0.6907268671875 0.807954925 0.6426646125000001 0.8092708703125 0.6438268484375 0.8557820625 0.691866059375 0.854490084375