645 0.3578125 0.09921875 0.09375 0.1890625
645 0.53984375 0.10703125 0.0734375 0.19296875
645 0.6296875 0.121875 0.06953125 0.20625
645 0.31171875 0.365625 0.05 0.159375
691 0.49921875 0.3890625 0.04140625 0.1234375
147 0.37109375 0.3640625 0.02578125 0.13515625
750 0.44765625 0.5984375 0.0328125 0.08828125
750 0.48984375 0.6 0.04609375 0.0921875
931 0.53203125 0.590625 0.0265625 0.07890625
514 0.575 0.596875 0.04140625 0.10234375
514 0.61640625 0.59921875 0.03203125 0.09453125
515 0.659375 0.596875 0.02890625 0.07421875
645 0.7 0.5890625 0.03125 0.08671875
290 0.6296875 0.41171875 0.046875 0.071875
290 0.68515625 0.4140625 0.04296875 0.09296875
932 0.80859375 0.425 0.03203125 0.0703125
932 0.86875 0.42890625 0.05546875 0.0515625
932 0.8375 0.55703125 0.00546875 0.00390625
645 0.846875 0.59140625 0.03046875 0.075
449 0.50859375 0.76796875 0.0828125 0.09609375
449 0.40859375 0.78203125 0.08046875 0.0828125
449 0.5984375 0.7625 0.078125 0.09296875
645 0.221875 0.11640625 0.04921875 0.14453125
645 0.2765625 0.11953125 0.03671875 0.14296875
645 0.4578125 0.09765625 0.0609375 0.184375
645 0.87890625 0.596875 0.03203125 0.06640625
645 0.78984375 0.52109375 0.02578125 0.009375
645 0.7765625 0.51640625 0.03203125 0.0078125
645 0.8578125 0.54140625 0.01953125 0.00390625
645 0.82578125 0.51953125 0.025 0.01015625
645 0.80390625 0.51015625 0.02109375 0.01015625
645 0.77578125 0.509375 0.02421875 0.0109375
645 0.684375 0.16640625 0.01875 0.109375
645 0.740625 0.171875 0.03984375 0.10625
699 0.853125 0.17578125 0.06328125 0.1390625
699 0.78828125 0.159375 0.01171875 0.0609375
699 0.9296875 0.184375 0.03359375 0.11875
691 0.45859375 0.38515625 0.025 0.11484375
691 0.5453125 0.3921875 0.0328125 0.11953125
290 0.725 0.4171875 0.0234375 0.05703125
290 0.76796875 0.4234375 0.02734375 0.0609375
147 0.409375 0.38203125 0.03125 0.1328125
750 0.44765625 0.53828125 0.028125 0.00859375
750 0.4484375 0.53203125 0.03203125 0.009375
750 0.44453125 0.5203125 0.025 0.00625
750 0.48125 0.5140625 0.02734375 0.00703125
750 0.484375 0.52421875 0.03359375 0.0125
750 0.48671875 0.53671875 0.03359375 0.0109375
699 0.46171875 0.93828125 0.03671875 0.05859375
699 0.45703125 0.8890625 0.04140625 0.0203125
699 0.41015625 0.93984375 0.0296875 0.04765625
699 0.409375 0.8984375 0.0328125 0.02578125
291 0.5296875 0.92109375 0.0640625 0.06328125
291 0.5296875 0.8796875 0.0640625 0.0125
291 0.63203125 0.90859375 0.07578125 0.071875
291 0.75546875 0.8953125 0.06171875 0.0703125
291 0.6984375 0.89296875 0.02421875 0.053125
699 0.3609375 0.94921875 0.040625 0.04453125
699 0.36484375 0.90078125 0.02734375 0.03515625
875 0.30625 0.9578125 0.05 0.0578125
875 0.31015625 0.9109375 0.04609375 0.01953125
875 0.3203125 0.89375 0.0375 0.01953125
291 0.3046875 0.7796875 0.05546875 0.10078125
291 0.33359375 0.70234375 0.03046875 0.021875
449 0.403125 0.72421875 0.05234375 0.0140625
449 0.40234375 0.7015625 0.05234375 0.0109375
449 0.40546875 0.69140625 0.04609375 0.009375
449 0.5703125 0.7015625 0.0578125 0.02265625
449 0.496875 0.7125 0.06171875 0.015625
449 0.4859375 0.69140625 0.0546875 0.015625
449 0.565625 0.68359375 0.05078125 0.00546875
287 0.6796875 0.7609375 0.0640625 0.07421875
287 0.7625 0.7546875 0.06953125 0.065625
287 0.73359375 0.7140625 0.0578125 0.01640625
287 0.7171875 0.69140625 0.05234375 0.015625
287 0.66171875 0.70859375 0.05703125 0.01640625
287 0.64296875 0.69296875 0.04609375 0.0171875
287 0.64296875 0.68515625 0.04375 0.0109375
287 0.7109375 0.68125 0.0390625 0.00625
750 0.2609375 0.5953125 0.0390625 0.08203125
750 0.2703125 0.5375 0.02734375 0.0078125
750 0.28203125 0.52734375 0.028125 0.0078125
750 0.28828125 0.51640625 0.02890625 0.01015625
750 0.2921875 0.50703125 0.01796875 0.0109375
750 0.30703125 0.49921875 0.02890625 0.01171875
751 0.30859375 0.58984375 0.03515625 0.08359375
751 0.31953125 0.53828125 0.0359375 0.00625
751 0.32578125 0.528125 0.02734375 0.0125
751 0.3296875 0.51796875 0.02421875 0.00859375
751 0.334375 0.50703125 0.025 0.00703125
751 0.340625 0.49921875 0.025 0.01171875
750 0.35546875 0.584375 0.03359375 0.0671875
750 0.3640625 0.5359375 0.0296875 0.00546875
750 0.36640625 0.5296875 0.03046875 0.009375
750 0.36953125 0.51953125 0.02265625 0.00703125
750 0.371875 0.51171875 0.021875 0.00546875
750 0.375 0.503125 0.02109375 0.00234375
750 0.37734375 0.49765625 0.0234375 0.0046875
750 0.4078125 0.5875 0.02578125 0.07265625
750 0.4078125 0.5375 0.02109375 0.01171875
750 0.4078125 0.5265625 0.0203125 0.0109375
750 0.41328125 0.51171875 0.025 0.0078125
750 0.41484375 0.5015625 0.021875 0.01015625
931 0.52890625 0.5390625 0.02109375 0.00625
931 0.528125 0.53046875 0.025 0.0078125
931 0.52265625 0.52109375 0.02578125 0.00625
931 0.52109375 0.5140625 0.02109375 0.00546875
514 0.5703125 0.540625 0.0265625 0.009375
514 0.56328125 0.53046875 0.021875 0.00625
514 0.5828125 0.515625 0.0234375 0.003125
514 0.58828125 0.52265625 0.0203125 0.00546875
514 0.5984375 0.53046875 0.02421875 0.0046875
514 0.60703125 0.5390625 0.025 0.0046875
515 0.65078125 0.546875 0.0234375 0.00859375
515 0.64453125 0.5390625 0.025 0.00625
515 0.6328125 0.53125 0.0234375 0.00546875
515 0.62734375 0.525 0.021875 0.00859375
515 0.61953125 0.515625 0.01875 0.0046875
515 0.61015625 0.50859375 0.0171875 0.00546875
645 0.68125 0.53046875 0.02265625 0.0078125
645 0.6671875 0.52421875 0.021875 0.00390625
645 0.66171875 0.51796875 0.01796875 0.00546875
645 0.65390625 0.51015625 0.02109375 0.00390625
645 0.6515625 0.50703125 0.02265625 0.0046875
645 0.64375 0.50078125 0.02109375 0.0046875
479 0.72265625 0.5375 0.01875 0.00625
448 0.77109375 0.59296875 0.0171875 0.0796875
479 0.7328125 0.58671875 0.0140625 0.05703125
479 0.75546875 0.54140625 0.01875 0.0046875
479 0.73125 0.54765625 0.01328125 0.0046875
479 0.71015625 0.53046875 0.0109375 0.00234375
479 0.74375 0.53515625 0.0234375 0.00703125
479 0.734375 0.5296875 0.01796875 0.0046875
479 0.72578125 0.52265625 0.0171875 0.0078125
479 0.7109375 0.51640625 0.01953125 0.00546875
479 0.7 0.525 0.009375 0.00546875
479 0.6890625 0.51796875 0.01328125 0.00390625
479 0.68203125 0.51328125 0.01484375 0.0046875
479 0.678125 0.50859375 0.0171875 0.00546875
479 0.67421875 0.50625 0.01171875 0.00625
479 0.8078125 0.58515625 0.0234375 0.0640625
448 0.78515625 0.540625 0.0203125 0.00390625
448 0.775 0.534375 0.01796875 0.00703125
448 0.76171875 0.52578125 0.0171875 0.00625
448 0.74765625 0.51796875 0.01796875 0.00625
448 0.73125 0.5125 0.0171875 0.0046875
448 0.72578125 0.50625 0.01484375 0.00625
448 0.71796875 0.5015625 0.01875 0.00546875
713 0.9375 0.3671875 0.04921875 0.1203125
713 0.8828125 0.3578125 0.03828125 0.09765625
713 0.90390625 0.53359375 0.03125 0.06015625
713 0.86484375 0.52109375 0.02890625 0.0453125
713 0.8171875 0.35625 0.0640625 0.053125