8 0.4951171875 0.93546195625 0.5048828125 0.9441236406250001 0.5185546875 0.9441236406250001 0.5322265625 0.9311311140624999 0.5390625 0.90731148125 0.5390625 0.755731996875 0.537109375 0.7124235734375 0.5283203125 0.697265625 0.5146484375 0.6929347828125 0.5068359375 0.6929347828125 0.4990234375 0.697265625 0.4921875 0.70809273125 0.486328125 0.7600628390625 0.484375 0.8120329484375001 0.484375 0.9029806390624999 0.48828125 0.9203040078125 0.4951171875 0.93546195625
8 0.5595703125 0.9701086953125 0.5888671875 0.9701086953125 0.59375 0.9592815890624999 0.59765625 0.9419582203125 0.599609375 0.8943189531250001 0.599609375 0.794709578125 0.59765625 0.738408628125 0.595703125 0.7297469421875 0.5830078125 0.7145889953125 0.5673828125 0.7102581515625 0.5537109375 0.7145889953125 0.5498046875 0.7189198375 0.546875 0.7254161 0.541015625 0.8120329484375001 0.5390625 0.9203040078125 0.544921875 0.9462890625 0.5517578125 0.9614470109375001 0.5595703125 0.9701086953125
8 0.6572265625 0.99609375 0.662109375 0.9636124328125 0.666015625 0.8466796875 0.666015625 0.8206946328125 0.662109375 0.7600628390625 0.658203125 0.7470703125 0.6435546875 0.7319123640625 0.6279296875 0.727581521875 0.6142578125 0.7319123640625 0.607421875 0.7470703125 0.6015625 0.8120329484375001 0.599609375 0.9419582203125 0.603515625 0.967943275 0.6181640625 0.99609375 0.6572265625 0.99609375
8 0.7314453125 1 0.734375 0.9895974859375001 0.73828125 0.8899881109375001 0.736328125 0.7903787359375001 0.734375 0.777386209375 0.7294921875 0.766559103125 0.7158203125 0.7535665765624999 0.7060546875 0.749235734375 0.6845703125 0.749235734375 0.67578125 0.7600628390625 0.66796875 0.825025475 0.666015625 0.9722741171875 0.669921875 0.9895974859375001 0.6806640625 1 0.7314453125 1
8 0.8134765625 1 0.814453125 0.9982591718749999 0.818359375 0.9159731656250001 0.818359375 0.8899881109375001 0.814453125 0.8120329484375001 0.8115234375 0.8012058421875 0.7919921875 0.7795516296875 0.7744140625 0.7708899453125 0.7568359375 0.7708899453125 0.7509765625 0.7752207875 0.74609375 0.78604789375 0.740234375 0.8813264265624999 0.73828125 0.9203040078125 0.73828125 0.9939283281250001 0.7412109375 1 0.8134765625 1
6 0.2763671875 0.3854449734375 0.3095703125 0.3854449734375 0.3125 0.3616253390625 0.3125 0.2143766984375 0.3095703125 0.2035495921875 0.3037109375 0.19921875 0.2802734375 0.19921875 0.27734375 0.2057150140625 0.271484375 0.2533542796875 0.271484375 0.3616253390625 0.2734375 0.378948709375 0.2763671875 0.3854449734375
6 0.6259765625 0.3941066578125 0.62890625 0.38761039375 0.630859375 0.36595618281250003 0.630859375 0.22736922499999998 0.626953125 0.15807574687499998 0.6220703125 0.147248640625 0.6142578125 0.14291779843750002 0.5966796875 0.14291779843750002 0.5791015625 0.151579484375 0.57421875 0.1624065890625 0.568359375 0.22736922499999998 0.56640625 0.26634680781250003 0.56640625 0.38761039375 0.5693359375 0.3941066578125 0.6259765625 0.3941066578125
6 0.3525390625 0.389775815625 0.35546875 0.3832795515625 0.357421875 0.2057150140625 0.3544921875 0.19921875 0.3447265625 0.1948879078125 0.3173828125 0.1948879078125 0.314453125 0.20138417187500002 0.310546875 0.26634680781250003 0.3125 0.3832795515625 0.3154296875 0.389775815625 0.3525390625 0.389775815625
6 0.3994140625 0.389775815625 0.40234375 0.3832795515625 0.40234375 0.197053328125 0.3935546875 0.1862262234375 0.3642578125 0.1862262234375 0.359375 0.19272248593750002 0.35546875 0.2490234375 0.35546875 0.3746178671875 0.3603515625 0.389775815625 0.3994140625 0.389775815625
6 0.2021484375 0.3767832875 0.205078125 0.370287025 0.20703125 0.22736922499999998 0.2041015625 0.22087296250000002 0.1962890625 0.21654212031250003 0.1787109375 0.21654212031250003 0.173828125 0.2230383828125 0.16796875 0.26634680781250003 0.169921875 0.370287025 0.1728515625 0.3767832875 0.2021484375 0.3767832875
6 0.2529296875 0.3854449734375 0.2646484375 0.3854449734375 0.2705078125 0.38111412968749997 0.2734375 0.36595618281250003 0.275390625 0.2230383828125 0.2705078125 0.20788043437499998 0.2431640625 0.20788043437499998 0.240234375 0.2143766984375 0.234375 0.2620159640625 0.236328125 0.370287025 0.2392578125 0.38111412968749997 0.2529296875 0.3854449734375
6 0.0830078125 0.368121603125 0.083984375 0.36595618281250003 0.083984375 0.2490234375 0.0791015625 0.2338654890625 0.0615234375 0.2338654890625 0.05859375 0.24036175312500002 0.0546875 0.279339334375 0.05859375 0.36595618281250003 0.0595703125 0.368121603125 0.0830078125 0.368121603125
6 0.1494140625 0.3767832875 0.1650390625 0.3767832875 0.169921875 0.36595618281250003 0.173828125 0.2360309109375 0.1708984375 0.2252038046875 0.1630859375 0.22087296250000002 0.1396484375 0.22087296250000002 0.13671875 0.22736922499999998 0.1328125 0.26634680781250003 0.134765625 0.36595618281250003 0.1376953125 0.3724524453125 0.1494140625 0.3767832875
6 0.1064453125 0.3724524453125 0.1103515625 0.368121603125 0.11328125 0.357294496875 0.11328125 0.2360309109375 0.1083984375 0.229534646875 0.0888671875 0.229534646875 0.0859375 0.2360309109375 0.08203125 0.27067765 0.083984375 0.36595618281250003 0.0966796875 0.3724524453125 0.1064453125 0.3724524453125
6 0.265625 0.825025475 0.2705078125 0.8315217390624999 0.2900390625 0.8401834234375001 0.2978515625 0.83585258125 0.310546875 0.8120329484375001 0.310546875 0.699431046875 0.306640625 0.6517917796875 0.3037109375 0.6409646734375001 0.2783203125 0.6409646734375001 0.2666015625 0.649626359375 0.263671875 0.6604534640625 0.26171875 0.695100203125 0.26171875 0.8033712640624999 0.263671875 0.8163637906250001 0.265625 0.825025475
6 0.3330078125 0.8618376359375001 0.3427734375 0.8661684781250001 0.3544921875 0.8661684781250001 0.3603515625 0.8618376359375001 0.369140625 0.8466796875 0.373046875 0.8206946328125 0.373046875 0.7210852578125 0.3671875 0.6647843078125 0.3564453125 0.649626359375 0.3525390625 0.649626359375 0.3349609375 0.65828804375 0.326171875 0.66911515 0.322265625 0.716754415625 0.322265625 0.80770210625 0.32421875 0.8466796875 0.3330078125 0.8618376359375001
6 0.15625 0.7643936828125 0.1611328125 0.7752207875 0.1728515625 0.7752207875 0.1826171875 0.7708899453125 0.1904296875 0.7622282609375 0.1953125 0.7514011546875 0.193359375 0.60848335625 0.1904296875 0.6019870921875 0.1787109375 0.6019870921875 0.1591796875 0.606317934375 0.15234375 0.617145040625 0.150390625 0.6517917796875 0.150390625 0.695100203125 0.15234375 0.738408628125 0.15625 0.7643936828125
9 0.4482421875 0.389775815625 0.451171875 0.3832795515625 0.451171875 0.197053328125 0.44921875 0.1840608015625 0.4423828125 0.1775645375 0.4091796875 0.1775645375 0.404296875 0.18839164375 0.40234375 0.23170006718749997 0.40234375 0.378948709375 0.4052734375 0.389775815625 0.4482421875 0.389775815625
9 0.4560546875 0.3941066578125 0.5009765625 0.3941066578125 0.505859375 0.3832795515625 0.5078125 0.3616253390625 0.505859375 0.2230383828125 0.501953125 0.1753991171875 0.4912109375 0.1645720109375 0.4677734375 0.1645720109375 0.4580078125 0.1732336953125 0.455078125 0.179729959375 0.451171875 0.2360309109375 0.451171875 0.370287025 0.453125 0.38761039375 0.4560546875 0.3941066578125
9 0.5107421875 0.3941066578125 0.5576171875 0.3941066578125 0.5615234375 0.389775815625 0.564453125 0.378948709375 0.56640625 0.3139860734375 0.56640625 0.2360309109375 0.560546875 0.1667374328125 0.5537109375 0.15591032656249998 0.5244140625 0.15591032656249998 0.5166015625 0.16024116875 0.513671875 0.1667374328125 0.5078125 0.2446925953125 0.505859375 0.296662703125 0.505859375 0.378948709375 0.5078125 0.38761039375 0.5107421875 0.3941066578125
9 0.9365234375 0.4027683421875 0.939453125 0.39194123593749997 0.943359375 0.3486328125 0.947265625 0.26634680781250003 0.947265625 0.20138417187500002 0.9453125 0.1450832203125 0.9404296875 0.1342561140625 0.9072265625 0.1342561140625 0.8916015625 0.13858695625 0.8857421875 0.14291779843750002 0.8828125 0.1494140625 0.876953125 0.36595618281250003 0.87890625 0.396272078125 0.8935546875 0.4027683421875 0.9365234375 0.4027683421875
9 1 0.12342900781249999 0.9912109375 0.12126358749999999 0.9716796875 0.129925271875 0.9599609375 0.13858695625 0.955078125 0.1494140625 0.947265625 0.300993546875 0.947265625 0.39194123593749997 0.9521484375 0.4027683421875 0.9990234375 0.4027683421875 1 0.400602921875 1 0.12342900781249999