699 0.040625 0.125 0.08125 0.15859375
712 0.41171875 0.0953125 0.1328125 0.190625
359 0.5515625 0.08984375 0.10546875 0.17109375
359 0.66875 0.0953125 0.1125 0.15234375
359 0.8109375 0.1 0.10390625 0.1875
713 0.365625 0.32578125 0.08984375 0.15
373 0.36640625 0.6796875 0.0703125 0.0875
373 0.46640625 0.68203125 0.084375 0.1078125
373 0.54609375 0.684375 0.05859375 0.13515625
373 0.6390625 0.66796875 0.08203125 0.08515625
373 0.740625 0.68203125 0.0859375 0.1015625
645 0.1046875 0.53984375 0.03203125 0.07890625
448 0.0703125 0.5390625 0.04296875 0.0703125
477 0.03125 0.53828125 0.03828125 0.07421875
713 0.37578125 0.51484375 0.05703125 0.09765625
713 0.240625 0.31875 0.0796875 0.125
713 0.56640625 0.334375 0.065625 0.13125
713 0.775 0.340625 0.071875 0.128125
713 0.9171875 0.50703125 0.07265625 0.09296875
713 0.56640625 0.8328125 0.06015625 0.08671875
713 0.6375 0.83125 0.0640625 0.07578125
713 0.7046875 0.82421875 0.05078125 0.05234375
715 0.48125 0.50859375 0.075 0.109375
714 0.56796875 0.509375 0.06171875 0.1078125
714 0.49765625 0.83125 0.040625 0.065625
373 0.4359375 0.8390625 0.05703125 0.0625
373 0.35703125 0.84375 0.06640625 0.07734375
373 0.28359375 0.84296875 0.05234375 0.0765625
373 0.28359375 0.69140625 0.06328125 0.11171875
374 0.675 0.33515625 0.07421875 0.1375