81 0.5585937203125 0.386067709375 0.5551663437500001 0.5972705390625 0.723107328125 0.6226453625 0.6925133703124999 0.39752600625 0.5585937203125 0.386067709375
81 0.53759115625 0.3806095390625 0.4218749703125 0.356770834375 0.39178207187499997 0.5146400765625 0.44580948125 0.5933668453125 0.528478125 0.51789324375 0.53759115625 0.3806095390625
81 0.397640434375 0.532857840625 0.400716115625 0.37955729374999997 0.35272605625 0.3851639546875 0.32538676718750004 0.599222459375 0.4471114265625 0.61678955 0.397640434375 0.532857840625
81 0.3390564109375 0.48861472656249993 0.34751856875 0.40142979843750004 0.2607421578125 0.3730468765625 0.2212373921875 0.5335084640625001 0.221888365625 0.586209784375 0.3019532171875 0.5979211624999999 0.3390564109375 0.48861472656249993
81 0.2212373921875 0.5855591609374999 0.24467104062499997 0.3858145796875 0.205403615625 0.376302084375 0.1808795296875 0.399477878125 0.1405216671875 0.5595338125 0.1405216671875 0.64541754375 0.2212373921875 0.5855591609374999
81 0.130533825 0.3730468765625 0.052645632812499996 0.55042493125 0.137267 0.5621363078125 0.18283235 0.3728019046875 0.130533825 0.3730468765625
81 0.11513529687499999 0.37735637031249997 0.0077312546874999995 0.3695487359375 0.0051274609375 0.61418700625 0.0155424375 0.6402123546875 0.11513529687499999 0.37735637031249997
81 0.3925780953125 0.65299479375 0.3735559125 0.793111328125 0.45427163750000005 0.7508201359375 0.46663943437500005 0.640863028125 0.3925780953125 0.65299479375
81 0.5271761796875001 0.69031118125 0.5323836671875 0.6512731578125 0.4804687203125 0.6513671890625 0.459479125 0.7573264734375 0.5349874609375 0.8067745765625001 0.5584210109375001 0.7501694624999999 0.5271761796875001 0.69031118125
81 0.6326275 0.66428583125 0.551911675 0.66428583125 0.547355159375 0.6948655968749999 0.5799018390625 0.7566758 0.62937283125 0.7169872515625 0.6326275 0.66428583125
81 0.694466090625 0.6512731578125 0.6920572609375 0.68229166875 0.68795675625 0.80742525 0.7947100234375 0.809377171875 0.7992664390625001 0.656478196875 0.694466090625 0.6512731578125
81 0.8141275734375 0.659505209375 0.7960117703125 0.8087264984375 0.9242457671875 0.8022201609374999 0.9027648390625 0.6545263265625 0.8141275734375 0.659505209375
81 0.747395803125 0.2949218765625 0.7621633437499999 0.4463235359375 0.9021140640624999 0.43331086093750004 0.8689164125 0.29537650625 0.747395803125 0.2949218765625
81 0.881935084375 0.3044853640625 0.9235947937500001 0.424201978125 1 0.395574084375 0.9906408734375001 0.30578668593749997 0.881935084375 0.3044853640625