799 0.5004122328125 0.0863153859375 0.4873662328125 0.140996634375 0.507615628125 0.1462975921875 0.5211152484375 0.0896735484375 0.5004122328125 0.0863153859375
799 0.5227143937500001 0.0917402359375 0.512436915625 0.145092825 0.53316846875 0.15063476874999998 0.5440163671875 0.0947335703125 0.5227143937500001 0.0917402359375
799 0.5468248359375 0.09716508593749999 0.534373790625 0.14846617499999998 0.5563106296875 0.1532852328125 0.5661942859375 0.0976250125 0.5468248359375 0.09716508593749999
799 0.5958452140625 0.10316693750000001 0.5705334515625 0.0983478703125 0.5592034328125 0.15617667500000001 0.578488584375 0.148948075 0.5958452140625 0.10316693750000001
799 0.595604134375 0.1050945625 0.5845151953125 0.156417634375 0.603077146875 0.16244146875 0.6158535671875 0.10605837968750001 0.595604134375 0.1050945625
799 0.64020105 0.11184126406249999 0.6185534046875001 0.10439821875 0.6057288328125 0.167742434375 0.6279067875 0.1699110375 0.64020105 0.11184126406249999
799 0.8670426703125 0.1518395359375 0.8501681609375 0.20870451406249999 0.880542290625 0.2183426484375 0.8995863640625 0.160513834375 0.8670426703125 0.1518395359375
799 0.6664770921875001 0.17738056875 0.6823873203125 0.11521460624999999 0.6686466578125 0.10967269843750001 0.658335634375 0.11524791875 0.638995728125 0.173043409375 0.6517721484375001 0.17352533750000002 0.6664770921875001 0.17738056875
799 0.47281656562499996 0.16387026875 0.4629613359375 0.2137154828125 0.48123762968749995 0.21783219687500002 0.4911480078125 0.1670166359375 0.47281656562499996 0.16387026875
799 0.45640379375 0.21857950937499998 0.4450711734375 0.2713493265625 0.46463452031249997 0.2725071515625 0.4763467875 0.21989054062500002 0.45640379375 0.21857950937499998
799 0.511741009375 0.1715192796875 0.493979540625 0.167402575 0.4838117546875 0.2202764765625 0.5031176937499999 0.2245218296875 0.511741009375 0.1715192796875
799 0.536195196875 0.17743704062500001 0.51663185 0.17409221875 0.5046621640625 0.22619424375000002 0.525255165625 0.22941041874999998 0.536195196875 0.17743704062500001
799 0.56013456875 0.181811046875 0.5407203890625001 0.17674303125 0.5275718828125 0.23031094375 0.547006534375 0.23236929218750002 0.56013456875 0.181811046875
799 0.583559103125 0.1861850359375 0.56421318125 0.1818921359375 0.54983806875 0.23610005625000002 0.570044946875 0.2407313453125 0.583559103125 0.1861850359375
799 0.607884578125 0.192102803125 0.5860968765625 0.1873630609375 0.57158941875 0.24227511562499998 0.592053725 0.24742099374999998 0.607884578125 0.192102803125
799 0.6291211109375 0.19724868125 0.60894603125 0.1937994421875 0.5964297296875001 0.24947934218749998 0.614191196875 0.2537246875 0.6291211109375 0.19724868125
799 0.49745462656250006 0.22788681406250003 0.47796567031250003 0.2221195203125 0.46630770625 0.274585665625 0.484841409375 0.2815326046875 0.49745462656250006 0.22788681406250003
799 0.5186911578125 0.2317462234375 0.5004930062499999 0.22662498593749997 0.48870259687499995 0.28178989374999996 0.5060779421875 0.28654982812499996 0.5186911578125 0.2317462234375
799 0.546363003125 0.2385645109375 0.5214112453124999 0.2330613671875 0.5092955984375 0.287707653125 0.5334923781249999 0.292467596875 0.546363003125 0.2385645109375
799 0.570044946875 0.24615469375000001 0.5478004078125001 0.24014138749999997 0.5324627234375 0.2929821765625 0.5573030359375 0.29812806406250003 0.570044946875 0.24615469375000001
799 0.5897370078125 0.24859897812499998 0.5723616640625 0.2453828046875 0.5589762015625 0.2995431796875 0.5785395671875 0.29722755 0.5897370078125 0.24859897812499998
799 0.6147060140625 0.2542594421875 0.5944641734375 0.25108323593750004 0.5808562640625 0.30108695937499996 0.5997760999999999 0.3106068171875 0.6147060140625 0.2542594421875
799 0.6401898562499999 0.26172097031249997 0.6166366078125 0.256317790625 0.605825290625 0.309320346875 0.625131228125 0.314980815625 0.6401898562499999 0.26172097031249997
799 0.6404842984375 0.26138144531249996 0.6280914765625 0.314466225 0.649456703125 0.319097534375 0.6615550828125001 0.26699549375 0.6404842984375 0.26138144531249996
799 0.6849796375 0.2707262578125 0.666229825 0.26588691249999996 0.6504863765625 0.3208985734375 0.6723664406250001 0.3243720375 0.6849796375 0.2707262578125
799 0.710849603125 0.2762580703125 0.7084041921875001 0.2758721359375 0.6902566015625 0.27162678281249997 0.674940565625 0.32617311718750003 0.6974641609375001 0.33093303125 0.710849603125 0.2762580703125
799 0.6569216890625 0.20382983281249997 0.638231565625 0.19830490781250001 0.62217098125 0.2514292125 0.64199175625 0.256317790625 0.6569216890625 0.20382983281249997
799 0.6834351468750001 0.2092330046875 0.6620461765625001 0.20377583281249997 0.6463677609375 0.25708968125 0.6674755796875 0.2635220296875 0.6834351468750001 0.2092330046875
799 0.7132950140625 0.212577828125 0.6913317109375 0.2063503859375 0.676227628125 0.2662236140625 0.6978502640625 0.2725273171875 0.7132950140625 0.212577828125
799 0.7318287078125 0.2178523609375 0.7188293671875 0.2148934734375 0.70093920625 0.27368513125 0.7177997328125 0.27407107656249996 0.7318287078125 0.2178523609375
799 0.7575699593749999 0.22235500625000001 0.7350991046875001 0.2195449671875 0.7190867953125 0.27278460625 0.7414816765625 0.2774158953125 0.7575699593749999 0.22235500625000001
799 0.7834399234375 0.2285300484375 0.7605302265625 0.2228695859375 0.7456002921875 0.27664401562499996 0.7677377453124999 0.27805913125 0.7834399234375 0.2285300484375
799 0.7943138125 0.230808634375 0.7781999296875 0.282631546875 0.80007999375 0.2873914796875 0.8195146453125 0.23426029375000001 0.7943138125 0.230808634375
799 0.772430115625 0.287448790625 0.7567059890625 0.3450253234375 0.7807740546875 0.351071728125 0.7948030484374999 0.2945957078125 0.772430115625 0.287448790625
799 0.8150099265625 0.297297303125 0.8004283750000001 0.2932415328125 0.7820611171875 0.3513290171875 0.7957039890625001 0.356989496875 0.8150099265625 0.297297303125
799 0.8421669359375 0.30218588125 0.8171629671874999 0.2990342765625 0.7981494 0.3550597921875 0.823118425 0.3599483796875 0.8421669359375 0.30218588125
799 0.8498893109375001 0.3693395921875 0.8707397203125 0.3123490125 0.8432303109375001 0.30418338125 0.8424243625000001 0.301671290625 0.82504901875 0.36123485 0.8498893109375001 0.3693395921875
799 0.7503993906249999 0.2831864625 0.7283409046875 0.27779421875 0.709470796875 0.3351598328125 0.7362417015625 0.3390192421875 0.7503993906249999 0.2831864625
799 0.44932377343749996 0.29034516093749996 0.43830516406250003 0.3401157734375 0.4591555921875 0.3456475875 0.4695807875 0.296890390625 0.44932377343749996 0.29034516093749996
799 0.4322673640625 0.3440889453125 0.42028629687499997 0.40070849218750004 0.44113671718749997 0.402638196875 0.4492451953125 0.34976429531250003 0.4322673640625 0.3440889453125
799 0.468293725 0.3560679890625 0.4505322578125 0.34899240625 0.44139412499999997 0.40392466562499996 0.4569675703125 0.4090705453125 0.468293725 0.3560679890625
799 0.48978766562500003 0.3004925046875 0.472172928125 0.2954942671875 0.46044265468749995 0.3425600578125 0.480392125 0.35220857968749997 0.48978766562500003 0.3004925046875
799 0.5134696296875 0.3071821484375 0.49212570937500005 0.3032179234375 0.4816791875 0.35349505 0.5003415953125 0.358640928125 0.5134696296875 0.3071821484375
799 0.5347061609375 0.3136144953125 0.5135983234375 0.3083399671875 0.503173128125 0.3604419890625 0.523637415625 0.3641727515625 0.5347061609375 0.3136144953125
799 0.5576158796875 0.31631608906249997 0.5354783875 0.312713965625 0.5254393140625 0.3664884015625 0.5450026625 0.369447275 0.5576158796875 0.31631608906249997
799 0.5797533515625 0.3228770734375 0.561316809375 0.3183434203125 0.54693325625 0.3718915703125 0.5672688484374999 0.37626556875 0.5797533515625 0.3228770734375
799 0.6026630484375 0.32853755156250003 0.5810404140625 0.3230057234375 0.56945685 0.37587962343750003 0.5915943421875001 0.38166873749999997 0.6026630484375 0.32853755156250003
799 0.612830875 0.38668599062500003 0.6275033796875 0.335484475 0.605727840625 0.32992890625000004 0.604207540625 0.3299526609375 0.5917230171875001 0.3819260375 0.612830875 0.38668599062500003
799 0.6514427515625 0.340501709375 0.6288988125 0.3341125546875 0.6143753265624999 0.389130265625 0.6362553906249999 0.39543396875000003 0.6514427515625 0.340501709375
799 0.6744811640624999 0.3447470625 0.6533733453125 0.3401157734375 0.6385721265625001 0.3964631390625 0.6596799437499999 0.3977496078125 0.6744811640624999 0.3447470625
799 0.6972621484375 0.353237759375 0.675562578125 0.345698040625 0.6605808640624999 0.4016090171875 0.682460928125 0.4084273109375 0.6972621484375 0.353237759375
799 0.725222834375 0.357629903125 0.701951740625 0.3527780609375 0.6850664859375 0.40883139375 0.709263246875 0.415392396875 0.725222834375 0.357629903125
799 0.7492909 0.365348725 0.7289845421875001 0.3592144421875 0.7093919609375 0.4147491625 0.7324303734375001 0.4211815109375 0.7492909 0.365348725
799 0.7765766234375 0.37088053906249996 0.7511900578125 0.364363546875 0.7343609671875 0.424397684375 0.75752809375 0.4310873421875 0.7765766234375 0.37088053906249996
799 0.8002585671875 0.379371246875 0.779536890625 0.3726815984375 0.76074575 0.427742503125 0.7842989984375001 0.43070137812500003 0.8002585671875 0.379371246875
799 0.826900778125 0.3828447109375 0.803324746875 0.3782017671875 0.7862295921875 0.43198784687499997 0.8110699234375 0.43790561562499997 0.826900778125 0.3828447109375
799 0.8575328515624999 0.391464053125 0.828187840625 0.384517125 0.8123569859374999 0.43932073125000004 0.8379695234375 0.446653603125 0.8575328515624999 0.391464053125
799 0.48941479374999997 0.3617090859375 0.471000353125 0.3566202484375 0.46000290312500003 0.4065033890625 0.477596921875 0.4123432421875 0.48941479374999997 0.3617090859375
799 0.5119200921875 0.3664719703125 0.4908690453125 0.361076946875 0.4785282390625 0.41294949062499997 0.49891702968749996 0.41877217812499995 0.5119200921875 0.3664719703125
799 0.53657389375 0.37489406718749996 0.512856321875 0.368759446875 0.501309596875 0.42178750000000004 0.5213863265625001 0.42906585937499997 0.53657389375 0.37489406718749996
799 0.561747834375 0.3798849421875 0.53794794375 0.3746023765625 0.5233627859375 0.4272982609375 0.5479125734375 0.43270505625 0.561747834375 0.3798849421875
799 0.5851533453125 0.3870593234375 0.5625800171875001 0.3809247078125 0.5510333078125 0.43416071250000005 0.57246234375 0.4393595421875 0.5851533453125 0.3870593234375
799 0.608662871875 0.3915303140625 0.5876278859374999 0.3860469703125 0.573190528125 0.4415430640625 0.59493165625 0.4476776671875 0.608662871875 0.3915303140625
799 0.6307846140625 0.39928879375 0.6112973875 0.392029371875 0.5955203171875 0.44566234375 0.6159091078125 0.4508611796875 0.6307846140625 0.39928879375
799 0.6524217109375 0.4058393171875 0.6319288890625 0.39908084375 0.6184057046875 0.4545003515625 0.640562925 0.4602190640625 0.6524217109375 0.4058393171875
799 0.677283559375 0.4106222421875 0.659676809375 0.406335115625 0.6419152312499999 0.4617787125 0.6615758703125 0.4674974234375 0.677283559375 0.4106222421875
799 0.7078667703125 0.41790060156250003 0.6833463109375 0.41257762031249995 0.66490465 0.4653139171875 0.6910147890625 0.47581555 0.7078667703125 0.41790060156250003
799 0.7296078828125 0.42413919531250005 0.7103971703124999 0.4180398140625 0.693511403125 0.4737360171875 0.7136921484375 0.4796626875 0.7296078828125 0.42413919531250005
799 0.75387486875 0.430457003125 0.7314656265624999 0.424802528125 0.716634096875 0.4782862234375 0.73910339375 0.48483674218750006 0.75387486875 0.430457003125
799 0.7812333140625001 0.4366955984375 0.75824389375 0.431600740625 0.7418080203125 0.4872282078125 0.7650054859375001 0.4922190859375 0.7812333140625001 0.4366955984375
799 0.8090078500000001 0.443662021875 0.7829663015625 0.4378077484375 0.7662537765625 0.493986684375 0.7908035640625 0.49939346249999994 0.8090078500000001 0.443662021875
799 0.8368864171875 0.45229208437499996 0.8123581 0.44717150781250004 0.7947564984375 0.50188891875 0.8182660234375 0.5097911203125001 0.8368864171875 0.45229208437499996
799 0.4016532296875 0.446911403125 0.3925313890625 0.48905773906250005 0.4105276296875 0.49259294374999996 0.421034109375 0.4526659390625 0.4016532296875 0.446911403125
799 0.421941375 0.4515932828125 0.41302421093749997 0.49872755468749996 0.43237277343749997 0.5029906015625001 0.4412148546875 0.45713692968749997 0.421941375 0.4515932828125
799 0.44298326875000005 0.45713692968749997 0.4352854625 0.505693990625 0.452449503125 0.5141161078125001 0.464100259375 0.46368745312500004 0.44298326875000005 0.45713692968749997
799 0.484176975 0.4713817171875 0.46589902031249997 0.4643383984375 0.45328170312499994 0.5126604171875 0.47491880000000003 0.5183791296875 0.484176975 0.4713817171875
799 0.505576765625 0.477540784375 0.48566695624999995 0.47136121875 0.47697003125000004 0.518715509375 0.4955904078125 0.5243302453124999 0.505576765625 0.477540784375
799 0.5278380015625 0.483675403125 0.5075157265625 0.4773436203125 0.4965266234375 0.5253700109375 0.516707384375 0.530672815625 0.5278380015625 0.483675403125
799 0.551867665625 0.49064183437500003 0.5301448109375 0.48566696093750006 0.516707384375 0.5315046234375 0.5375122828125 0.539094915625 0.551867665625 0.49064183437500003
799 0.5731926875 0.497296340625 0.5517334765624999 0.49060894531250004 0.538448496875 0.5417983046875 0.5606057171875001 0.5463732765625 0.5731926875 0.497296340625
799 0.59482976875 0.5032229984375001 0.574622665625 0.49711155468749996 0.562166084375 0.546997134375 0.58453135 0.5514681296874999 0.59482976875 0.5032229984375001
799 0.619275540625 0.511541125 0.5972517500000001 0.5038742703125 0.5830750140625 0.5555232171875 0.6054402640625 0.56425724375 0.619275540625 0.511541125
799 0.6440333578125 0.51757176875 0.6206611468750001 0.5108970890625 0.6079368781250001 0.5625936203124999 0.6292618984375 0.5695600546875 0.6440333578125 0.51757176875
799 0.669415328125 0.5247461453125 0.645593725 0.51788369375 0.629469928125 0.5695600546875 0.6525633796875 0.57673443125 0.669415328125 0.5247461453125
799 0.7060319625 0.5258898953125 0.6833463109375 0.5207810562499999 0.6683750828125 0.5689361890625 0.68793170625 0.574239 0.7060319625 0.5258898953125
450 0.0753768015625 0.08553453125 0.05448655 0.0068501890625 0.006497428125 0.0007644046875000001 0.0007323296875000001 0.1741499296875 0.06518643125 0.178478834375 0.0753768015625 0.08553453125
450 0.197661246875 0.110489434375 0.1854327953125 0.10259554062500001 0.18186617968750002 0.0437732640625 0.1594473578125 0.0348607984375 0.0867599203125 0.0230595421875 0.0718101875 0.1853541578125 0.15537119375 0.2097997765625 0.1836494875 0.19910486249999998 0.197661246875 0.110489434375
450 0.132188125 0.2779089203125 0.12964053125 0.2422590546875 0.0804719859375 0.23334658749999998 0.0536357171875 0.23263382500000002 0.049136590625 0.3914792421875 0.13091432812499998 0.38485851875 0.1423784953125 0.3038823859375 0.132188125 0.2779089203125
450 0.042003321875 0.2756171390625 0.0363986265625 0.23130944375 0.0033124078125 0.22690078906250002 0.0025156375 0.393516346875 0.046334260937499996 0.3868956421875 0.042003321875 0.2756171390625
450 0.07282920937500001 0.4730444421875 0.0325772375 0.4317924609375 0.0045864156250000005 0.43647507343749997 0.004298982812499999 0.54969165 0.0664602265625 0.5372141921875 0.07282920937500001 0.4730444421875
971 0.7755136703125001 0.55130396875 0.755240478125 0.6206225984375 0.774786328125 0.6222338734374999 0.7935261171875 0.55697685625 0.7755136703125001 0.55130396875
971 0.80601935 0.5616093046875 0.7913095984375 0.6240466015624999 0.8110569328125001 0.6300889171875 0.82516216875 0.5674502140625 0.80601935 0.5616093046875
971 0.8336253046875 0.5626163578125001 0.8144824843749999 0.6234423328124999 0.8330207875 0.6280748125 0.85135760625 0.5676516203124999 0.8336253046875 0.5626163578125001
971 0.85713608125 0.5729691765625 0.8346328203125 0.6337142828125 0.8557906734375 0.64277775625 0.872918459375 0.5781249625 0.85713608125 0.5729691765625
971 0.8762820796874999 0.57901528125 0.859216225 0.6387495453125001 0.8801725625 0.6447918625 0.8983078656249999 0.584167278125 0.8762820796874999 0.57901528125
971 0.9196672328125001 0.584771515625 0.9004664984374999 0.5805268078125 0.8817845953125 0.64277775625 0.8956883453125 0.6455974921875 0.9196672328125001 0.584771515625
971 0.9198687484375 0.58517433125 0.89850938125 0.6478130203125 0.914428134375 0.6522440765625 0.933570953125 0.5883969125 0.9198687484375 0.58517433125
971 0.95996790625 0.5958490953125 0.939766178125 0.5906036484375 0.9180552000000001 0.6510355859375 0.9371980203125 0.6596962296875 0.95996790625 0.5958490953125
971 0.9783047249999999 0.5962519109375 0.960572421875 0.5914180703125 0.9426386046875 0.655063796875 0.9589603890625 0.6574807171875 0.9783047249999999 0.5962519109375
971 0.9770956921874999 0.6580849546875001 0.9970445421875 0.596654740625 0.9805773828125 0.592115175 0.9807227578125 0.5936335828125 0.9619829390625 0.6526468609375 0.9770956921874999 0.6580849546875001
971 0.845513990625 0.43865416562500004 0.8291922359375 0.503709775 0.8449094734375 0.5103563125 0.8666718437500001 0.44429366718749996 0.845513990625 0.43865416562500004
971 0.8818243421874999 0.4520470859375 0.8632462921874999 0.5194197875000001 0.8914567625 0.526066340625 0.90717403125 0.46080932499999994 0.8818243421874999 0.4520470859375
971 0.9301931781249999 0.4631316109375 0.9091890640625 0.5311016046875 0.933570953125 0.53674110625 0.9539228046874999 0.46806010000000003 0.9301931781249999 0.4631316109375
971 0.9755389624999999 0.47119308281250005 0.949288221875 0.5353312375 0.974073140625 0.5431862359374999 0.9936189609375001 0.47974191718750003 0.9755389624999999 0.47119308281250005
971 0.8999626562499999 0.3008944703125 0.8759410093750001 0.3725915125 0.8979048640625 0.37964087968750004 0.9190627171875001 0.31277258125 0.8999626562499999 0.3008944703125
971 0.926666284375 0.3124828375 0.9051589984374999 0.379439465625 0.9243018171875 0.38467614375000003 0.9482807046874999 0.3141824609375 0.926666284375 0.3124828375
971 0.9483314921874999 0.3185289421875 0.9275258515625 0.384877565625 0.9460641859375001 0.3881001171875 0.9682295562500001 0.3190163046875 0.9483314921874999 0.3185289421875
971 0.9780581734375 0.3205443109375 0.9525122874999999 0.39253115 0.9744761421874999 0.39736500625 0.9966415124999999 0.3234473375 0.9780581734375 0.3205443109375