322 0.221875 0.153125 0.1328125 0.29609375
322 0.33515625 0.1515625 0.078125 0.2703125
322 0.4359375 0.15859375 0.10703125 0.284375
322 0.54453125 0.16171875 0.08984375 0.290625
322 0.62890625 0.17734375 0.05703125 0.28046875
322 0.7488353203125 0.06639534375 0.6667410828125 0.092647046875 0.6802191875 0.319859609375 0.763947115625 0.31171253125 0.7488353203125 0.06639534375
322 0.8341969390624999 0.0654901609375 0.7549617546875 0.0627744109375 0.77865058125 0.3234805421875 0.8578857671875 0.319859609375 0.8341969390624999 0.0654901609375
322 0.9289523734375 0.3071863828125 0.8725892328124999 0.048290753125 0.8376225296875001 0.0593297125 0.8374643203125001 0.06367962656250001 0.8680964890625 0.32891190625 0.9289523734375 0.3071863828125
322 0.8852505546874999 0.043622710937499996 0.9383463125 0.30704448906250004 0.9673447906250001 0.0581063703125 0.8852505546874999 0.043622710937499996
322 0.99756850625 0.3088549890625 0.9983852890625 0.0979364828125 0.97651141875 0.1114130453125 0.9628520484375 0.11242014062500001 0.9497822734374999 0.3188125 0.99756850625 0.3088549890625
322 0.085138265625 0.43315516093750006 0.1018838765625 0.711965846875 0.192555084375 0.7011031203125 0.2101175390625 0.3779362421875 0.085138265625 0.43315516093750006
322 0.2177287390625 0.4397644953125 0.1954140734375 0.7011031203125 0.29180332343750004 0.6947665421875 0.307323571875 0.4358708765625 0.2177287390625 0.4397644953125
322 0.390643109375 0.42048196718749997 0.317125903125 0.42410286406250003 0.2958876125 0.672135803125 0.3849250671875 0.67485145 0.390643109375 0.42048196718749997
322 0.5082706499999999 0.4340604109375 0.40767972031250005 0.4080615953125 0.38900935625 0.5879494296875001 0.3881925109375 0.675756665625 0.44904845625 0.6648939390625 0.5082706499999999 0.4340604109375
322 0.5331847765625 0.44220745624999996 0.5127633312500001 0.4385865578125 0.4657940046875 0.6621782234375 0.5135801765625 0.64859978125 0.5331847765625 0.44220745624999996
322 0.60016709375 0.42410286406250003 0.544526125 0.435235509375 0.5205235171875 0.67485145 0.5899564328125 0.6639887234375 0.60016709375 0.42410286406250003
322 0.65816405 0.42681858124999994 0.6088643609375 0.4239130453125 0.5956744765625 0.6648939390625 0.6663326281249999 0.657652075 0.65816405 0.42681858124999994
322 0.6749096609375 0.40418784375000005 0.6740927531249999 0.6612730078125 0.7455678140625001 0.649505065625 0.759454371875 0.4141454234375 0.6749096609375 0.40418784375000005
322 0.7681780859375 0.4239130453125 0.75006055625 0.649505065625 0.8288872890625001 0.649505065625 0.7953961921875 0.4141454234375 0.7681780859375 0.4239130453125
322 0.8069852750000001 0.39900362500000003 0.8305211031249999 0.639547484375 0.899545565625 0.6350213375 0.8942359156249999 0.39241983125 0.8069852750000001 0.39900362500000003
322 0.96366883125 0.405093128125 0.8979118749999999 0.4005669796875 0.906080453125 0.6467893484375 0.9522328718749999 0.6304951890625 0.96366883125 0.405093128125
322 0.96244359375 0.3996616953125 0.9546834703125 0.6449789171875 0.9951179078125 0.6467893484375 0.9978874296875 0.39775472968750003 0.9967515984374999 0.394230296875 0.96244359375 0.3996616953125
322 0.10515125781250001 0.7926731828125 0.0132547828125 0.8451765234374999 0.00917049375 0.9854870984374999 0.0814624296875 0.9954447484375001 0.10515125781250001 0.7926731828125
322 0.17049988437500002 0.7917679671875 0.11168614531250001 0.799915046875 0.0957574421875 0.9909186 0.16764089531249998 1 0.17049988437500002 0.7917679671875
322 0.2615795453125 0.7401699109375001 0.1721336375 0.7944836828125 0.1966393734375 0.993634178125 0.197864671875 0.990013246875 0.29262016874999996 0.9818661671875001 0.2615795453125 0.7401699109375001
322 0.3849250671875 0.990013246875 0.3542928984375 0.7519378546875 0.274649259375 0.7664215125 0.27342402187500003 0.765516296875 0.297521303125 0.990013246875 0.3849250671875 0.990013246875
322 0.4817227703125 0.98729753125 0.45354113749999997 0.731117615625 0.3709006328125 0.7560942421875 0.3984032328125 0.9945393953125 0.4817227703125 0.98729753125
322 0.56749284375 0.7456012750000001 0.46793298749999995 0.745471015625 0.46456870625 0.7908627515625 0.4862154515625 0.9981603265625001 0.5654506984375 0.993634178125 0.56749284375 0.7456012750000001
322 0.577703565625 0.76280065 0.5715771328125 0.9909186 0.651220709375 0.9981603265625001 0.630390934375 0.76461108125 0.577703565625 0.76280065
322 0.7141188625 0.7166338890625 0.63745913125 0.7522644953125 0.6524460703125 0.991823678125 0.712485046875 1 0.7141188625 0.7166338890625
322 0.777016890625 0.73021233125 0.7201797203125 0.72509058125 0.7198368421875 0.993634178125 0.8068321515625 1 0.777016890625 0.73021233125
322 0.8248029984375 0.7112025265625 0.7865604390625001 0.7205615953125 0.8121418031250001 0.9854870984374999 0.87381446875 0.969192940625 0.8248029984375 0.7112025265625
322 0.8934191328125 0.710297309375 0.8478349484375001 0.74094203125 0.877081975 0.9682877234375 0.9436558390625001 0.9556144968750001 0.8934191328125 0.710297309375
322 0.95059918125 0.7003397984374999 0.9029820078125 0.691123190625 0.9387547671875 0.9528988500000001 0.9963431453125 0.950183134375 0.95059918125 0.7003397984374999
859 0.077818609375 0.0185688421875 0.072068553125 0.26993009218749997 0.15212058281250002 0.2771718859375 0.1517121921875 0.0019822015625 0.077818609375 0.0185688421875
859 0.0030440593750000002 0.0119396765625 0.004269328125 0.26359344375 0.0618577984375 0.2708353078125 0.0630830984375 0.01284489375 0.0030440593750000002 0.0119396765625