833 0.7117162609375 0.4454589078125 0.7013012828125 0.6186875125 0.7013012828125 0.6590641749999999 0.7338479625 0.6786012312499999 0.8445066734375001 0.67729868125 0.8861663828124999 0.646039471875 0.89267571875 0.58091595 0.9109017796875 0.4376441046875 0.9265243453125 0.3621008296875 0.8900720234374999 0.3425637734375 0.8731477109375 0.334748921875 0.8770533515625001 0.2279464109375 0.78852634375 0.238366115625 0.786458303125 0.2363281265625 0.775507671875 0.3230267171875 0.7273386265624999 0.352983528125 0.7117162609375 0.3790329359375 0.7117162609375 0.4454589078125
833 0.48909689375000004 0.45587871093750004 0.5047192593750001 0.4871379703125 0.5099267484375 0.623897365625 0.50081371875 0.657761625 0.5047192593750001 0.6968356890625 0.5724164125 0.71246539375 0.6440191078125 0.71376784375 0.7052069249999999 0.6799035828125 0.70260303125 0.6317122171875 0.694791946875 0.59524300625 0.689584359375 0.47281081562500005 0.71692365 0.4480638578125 0.7117162609375 0.3855452875 0.6817732750000001 0.35428597812499996 0.649226596875 0.347773625 0.6414153140625001 0.257903171875 0.6101704812500001 0.240971115625 0.5580957953125 0.24357601718750002 0.5463790687500001 0.25139081874999997 0.5359640921875 0.356890928125 0.5099267484375 0.377730484375 0.490398740625 0.397267540625 0.48909689375000004 0.45587871093750004
833 0.24174212968750003 0.4949528234375 0.26777947343749997 0.5144898796875 0.2847036875 0.6603665265625 0.2794962984375 0.6812060828125001 0.28600563437500004 0.7280949984375 0.340684015625 0.7489345046875 0.40056988593750004 0.7502370546875 0.48388940468749997 0.722885096875 0.4864931 0.6421319703124999 0.47087073281249997 0.6304097171875 0.4656632453125 0.489742921875 0.46696509218750004 0.40898974531250004 0.43311656562499995 0.3842428375 0.395362396875 0.3816378859375 0.3888530609375 0.2813476546875 0.355004534375 0.27092787500000004 0.32115600781250003 0.27092787500000004 0.2964205125 0.28786000624999997 0.2949218453125 0.288411459375 0.2951186640625 0.375125534375 0.2638738328125 0.3998724421875 0.243043978125 0.4285268015625 0.24174212968750003 0.4949528234375
833 0 0.47671821718749996 0.015217221875 0.530119484375 0.05687693125 0.7020455906249999 0.07900873281250001 0.75414440625 0.110253565625 0.763261759375 0.17144128281249998 0.764564209375 0.2938168171875 0.703348040625 0.2729869625 0.6343171187500001 0.25866634374999997 0.6147800625000001 0.23913833593749997 0.49886022499999993 0.24825146562499997 0.4636935125 0.2378364890625 0.4194094984375 0.2013842671875 0.3881502390625 0.1493095796875 0.3855452875 0.138894603125 0.2839526046875 0.09723489375 0.280045203125 0.0490657484375 0.2930699078125 0.0426432 0.298177084375 0.0607825734375 0.3985699921875 0.016519068749999997 0.4194094984375 0 0.4389465546875 0 0.47671821718749996
833 0.7247349328125 0.347773625 0.7872243984375 0.32823656875 0.7859226500000001 0.2461809421875 0.8080543515624999 0.2266438859375 0.77680961875 0.2162241328125 0.737753603125 0.2253414109375 0.7343749703125 0.2265625015625 0.7234329859375 0.316514365625 0.6713582984375 0.343866225 0.7130180078125 0.3881502390625 0.7247349328125 0.347773625
833 0.728640375 0.30479211093749997 0.732546015625 0.21361918281249997 0.6596415734375001 0.21361918281249997 0.6562499703125 0.2119140640625 0.6557359328125 0.30218716093750003 0.64792465 0.3217242171875 0.6713582984375 0.355588478125 0.728640375 0.30479211093749997
833 0.543775275 0.3321440203125 0.5450771234375 0.242273540625 0.5841331375000001 0.23185376249999998 0.5776238015625 0.221434059375 0.49951177187500007 0.2253414109375 0.501627575 0.22819010624999997 0.5073230546875 0.30609461250000003 0.4695688859375 0.347773625 0.47087073281249997 0.3699156328125 0.543775275 0.3321440203125
833 0.3901550078125 0.3803353859375 0.4253053828125 0.3790329359375 0.46045575625 0.397267540625 0.4812857109375 0.4376441046875 0.47998376406250004 0.3816378859375 0.45785206250000005 0.347773625 0.41358855781250004 0.3425637734375 0.39926803906249997 0.24878589375 0.325846325 0.2509765640625 0.32506165 0.257903171875 0.382343725 0.276137778125 0.3901550078125 0.3803353859375
833 0.148007634375 0.3842428375 0.19487493125 0.3907551890625 0.24564767187499997 0.42331694999999997 0.2781943515625 0.375125534375 0.257364496875 0.36079832968750003 0.2131009921875 0.345168725 0.19747862656249998 0.2566007203125 0.15191327500000001 0.2566007203125 0.11751299062500001 0.2656250015625 0.11546095468749999 0.27092787500000004 0.1454039390625 0.277440253125 0.148007634375 0.3842428375
194 0.502115565625 0.9858970375 0.8223749703125 0.8869094046875 0.8301860546875 0.8269956859375001 0.80675240625 0.782711671875 0.718225596875 0.8100635296875 0.715621703125 0.8400203890625001 0.6010574515625 0.8374154390624999 0.4772135125 0.8727213562499999 0.47998376406250004 0.8790945015625 0.473474428125 0.9259835171875 0.502115565625 0.9858970375
194 0.44613523749999995 0.940310571875 0.43311656562499995 0.899934109375 0.153215121875 0.8647672984374999 0.146809865625 0.8613281265625 0.1193665953125 0.9181686156250001 0.136290909375 0.9702674312499999 0.4279090765625 0.9976193406249999 0.44613523749999995 0.940310571875
194 0.836695390625 0.9337982203124999 0.4853515328125 0.9882812515625 0.4864931 0.9950143406249999 0.862732734375 1 0.836695390625 0.9337982203124999
194 0.2039879625 0.8751870515625001 0.301628 0.883001903125 0.4656632453125 0.8660697984375 0.473958303125 0.8369140640625 0.47738006874999994 0.8309030875 0.2091954515625 0.8582549453125001 0.2039879625 0.8751870515625001