576 0.59609375 0.1921875 0.15859375 0.3109375
576 0.75390625 0.190625 0.140625 0.3109375
576 0.90390625 0.1921875 0.13125 0.3140625
576 0.26015625 0.2125 0.25390625 0.2796875
576 0.45390625 0.1984375 0.12734375 0.31015625
576 0.0953125 0.2046875 0.13515625 0.30390625
119 0.4203125 0.52421875 0.10703125 0.22734375
119 0.5359375 0.56015625 0.090625 0.20546875
697 0.71015625 0.525 0.18828125 0.27109375
710 0.49140625 0.878125 0.14296875 0.23515625
710 0.63359375 0.8796875 0.12890625 0.23984375
77 0.76328125 0.8890625 0.11953125 0.22109375
77 0.92109375 0.896875 0.15703125 0.20546875
710 0.346875 0.871875 0.13828125 0.24921875
710 0.22734375 0.8859375 0.08984375 0.19375
710 0.03515625 0.85859375 0.0703125 0.1890625
710 0.11796875 0.88125 0.09765625 0.2109375