360 0.57109375 0.55078125 0.12578125 0.334375
360 0.15625 0.56953125 0.24609375 0.34375
360 0.39609375 0.54609375 0.1859375 0.3359375
360 0.734375 0.5390625 0.1234375 0.3578125
360 0.63671875 0.90546875 0.0859375 0.1890625
629 0.9221564453125 0.6823384078125 0.9694219390625 0.40354874374999994 0.9091714281250001 0.3568242171875 0.8437269093750001 0.42223854687499995 0.814121165625 0.6859725625 0.8811238234375001 0.709334825 0.9221564453125 0.6823384078125
629 0.9985084109375 0.7114114796875 0.99591140625 0.389531421875 0.9803293859375 0.41756610624999996 0.9237147421874999 0.687530021875 0.9803293859375 0.7176414796875 0.9985084109375 0.7114114796875
188 0.24375 0.909375 0.10546875 0.175
188 0.74921875 0.90078125 0.09609375 0.1796875
188 0.865625 0.9 0.084375 0.1875
188 0.95859375 0.89296875 0.0828125 0.1796875
360 0.36015625 0.91015625 0.1015625 0.17578125
360 0.1203125 0.91328125 0.11328125 0.17109375
360 0.4953125 0.903125 0.14921875 0.17265625
107 0.0018501828125000001 0.0879560546875 0.002699575 0.1081523421875 0.003874534375 0.25994710625 0.14929081875 0.25590024375 0.14760385468749998 0.0828974953125 0.0018501828125000001 0.0879560546875
107 0.165518621875 0.0862181703125 0.16109956718750001 0.16821853125 0.3497021640625 0.165183415625 0.34126734375 0.0879560546875 0.165518621875 0.0862181703125
107 0.16383137812499998 0.1722676140625 0.1654856828125 0.1881155390625 0.3537508671875 0.1992443828125 0.3537508671875 0.1661951109375 0.16383137812499998 0.1722676140625
107 0.162144134375 0.19588903124999998 0.1661604578125 0.2282468421875 0.352401315625 0.2306074421875 0.3513891265625 0.201942265625 0.162144134375 0.19588903124999998
107 0.1613005125 0.23216477656249998 0.16447349375 0.26500566718749996 0.350039525 0.2575864296875 0.346665596875 0.2309447 0.1613005125 0.23216477656249998
107 0.37811136875 0.1646750171875 0.3797301 0.2575864296875 0.567320509375 0.2569120171875 0.568670059375 0.15708971249999998 0.37811136875 0.1646750171875
107 0.3738932578125 0.13346100156250001 0.37466920937500003 0.16079931875 0.5625970296875 0.15708971249999998 0.553487384375 0.130110725 0.3738932578125 0.13346100156250001
107 0.361238928125 0.0727202171875 0.3648848390625 0.1287617703125 0.5386421218749999 0.12201702343750001 0.5231220328124999 0.064349428125 0.361238928125 0.0727202171875
107 0.162144134375 0.043193446875 0.16312394375 0.07952512187500001 0.36353523593750003 0.08390919218750001 0.3577995703125 0.051197178125 0.162144134375 0.043193446875
107 0.157926025 0.013666676562499999 0.16278653125 0.03871941875 0.35476305468749997 0.0447896640625 0.3513891265625 0.0161244875 0.157926025 0.013666676562499999
107 0.3764241234375 0.0052304562499999995 0.3763561734375 0.025904376562499998 0.5342560062499999 0.026241609375000002 0.53459341875 0.00432118125 0.3764241234375 0.0052304562499999995
107 0.3722060140625 0.029695495312499997 0.375343984375 0.0592908671875 0.524134221875 0.0603025890625 0.5237968093750001 0.03130016875 0.3722060140625 0.029695495312499997
107 0.010285003125 0.026241609375000002 0.003537146875 0.072780375 0.1398438625 0.0697452328125 0.152664746875 0.026241609375000002 0.010285003125 0.026241609375000002
323 0.5628645875 0.0060740796875 0.561922203125 0.030625692187499998 0.720834225 0.03130016875 0.724208153125 0.0029722390625 0.5628645875 0.0060740796875
323 0.53671230625 0.033069982812499996 0.5477517171875 0.09301461562499999 0.7225211890625001 0.072105884375 0.7073385140624999 0.036021496874999996 0.53671230625 0.033069982812499996
323 0.7289316312499999 0.0754782578125 0.5821657703125 0.09773594375 0.6010597875 0.1469725921875 0.7525491265625 0.1341575625 0.7535613671875 0.10751580624999998 0.7289316312499999 0.0754782578125
323 0.5923913578125 0.13936635625 0.5919501406250001 0.169230253125 0.7481630609375001 0.16585787968750001 0.7458012703125 0.1382044265625 0.5923913578125 0.13936635625
323 0.600827578125 0.17479848125 0.6034215781250001 0.1985698921875 0.75895956875 0.19890715 0.7552483296875 0.16821853125 0.600827578125 0.17479848125
323 0.59397451875 0.2009305703125 0.5946493453125 0.22554888125 0.7697561796875 0.22217650781249998 0.7603092218749999 0.201605034375 0.59397451875 0.2009305703125
323 0.5907041140625 0.2330083984375 0.5899258671875 0.26230775781250004 0.7545735031249999 0.2579236875 0.7511995765624999 0.22959574531250002 0.5907041140625 0.2330083984375
243 0.7724552796874999 0.1668696015625 0.7690813515625 0.2575864296875 0.9421639125000001 0.2565747328125 0.9512734546875 0.1705792078125 0.7724552796874999 0.1668696015625
323 0.9239348062499999 0.0246337640625 0.91930718125 0.12962759375 0.997582296875 0.12760417500000001 0.997919659375 0.0294681234375 0.9239348062499999 0.0246337640625
323 0.9510220828125 0.158967234375 0.94866034375 0.24900962343750002 0.997919659375 0.25238199687499996 0.996907521875 0.1522224859375 0.9510220828125 0.158967234375