844 0.0214843453125 0.0182291671875 0.030513929687500004 0.12686241250000002 0.27331207968750004 0.109945896875 0.26615186875 0.0136520984375 0.0214843453125 0.0182291671875
844 0.2843780296875 0.036732909375 0.28307608281249996 0.117411475 0.5245724843749999 0.1167609015625 0.516110328125 0.04128735 0.2843780296875 0.036732909375
844 0.5193649953125 0.010707560937500001 0.5304308468750001 0.116110228125 0.7947100234375 0.10244690468749999 0.7947100234375 0.0022493265625 0.5193649953125 0.010707560937500001
844 0.032877575 0.133528646875 0.027910135937500004 0.23582681718749998 0.25899156093750003 0.22932048124999999 0.265500896875 0.117411475 0.032877575 0.133528646875
844 0.278645803125 0.1302734390625 0.27851956875 0.2377787390625 0.52001596875 0.2312724015625 0.5082991453125 0.1245684609375 0.278645803125 0.1302734390625
844 0.5341796578125 0.11888020937499999 0.5252234578125 0.20329513124999998 0.77388006875 0.20980146875 0.77973843125 0.10570007343750001 0.5341796578125 0.11888020937499999
844 0.17773434531250001 0.480208334375 0.178926709375 0.53707025 0.355980725 0.5357689531250001 0.348820415625 0.47330812499999997 0.17773434531250001 0.480208334375
844 0.17936195 0.54205729375 0.173068346875 0.5995311265625001 0.34426389999999996 0.613194375 0.345565746875 0.5474804796875 0.17936195 0.54205729375
844 0.1620024953125 0.5982297796875 0.1418235140625 0.6567868156250001 0.3123680953125 0.6645945 0.321481225 0.61059188125 0.1620024953125 0.5982297796875
844 0.3486327828125 0.61041666875 0.34751856875 0.6567868156250001 0.515459453125 0.6697994890625 0.5265253046875 0.5995311265625001 0.3486327828125 0.61041666875
844 0.368999396875 0.5331664578125 0.357282571875 0.5917234921875 0.5167613015625 0.600832375 0.5239215109375001 0.5377209734374999 0.368999396875 0.5331664578125
844 0.5358072625 0.60553385625 0.5304308468750001 0.66784766875 0.7074847625 0.6632931515625 0.702928346875 0.6092906328125001 0.5358072625 0.60553385625
844 0.5341796578125 0.533919271875 0.529129 0.5962779593749999 0.6918623968750001 0.602133621875 0.6834003390625 0.5325157843749999 0.5341796578125 0.533919271875
844 0.16796872031250001 0.776692709375 0.160049675 0.826964659375 0.3208302515625 0.8451824234374999 0.32343404531250003 0.7846734671875 0.16796872031250001 0.776692709375
844 0.161458303125 0.8417968765625 0.15093664375 0.9011368640624999 0.3123680953125 0.9239090437499999 0.31627373593749997 0.85429125625 0.161458303125 0.8417968765625
844 0.29544388125 0.98767116875 0.3097644 0.9317167281250001 0.151351928125 0.9185217296875001 0.1424744875 0.966850909375 0.29544388125 0.98767116875
844 0.345565746875 0.779468378125 0.34166010625 0.8250127390625 0.48812016406250003 0.836724165625 0.50309165625 0.7781671296875 0.345565746875 0.779468378125
844 0.33561195 0.8417968765625 0.32538676718750004 0.8972331203125 0.48226180156250004 0.90504070625 0.4920258046875 0.84453175 0.33561195 0.8417968765625
844 0.325846325 0.9052734390625 0.31627373593749997 0.9733572468749999 0.49137483125000003 0.9798635843750001 0.4907239578125 0.9102457953125 0.325846325 0.9052734390625
844 0.508137990625 0.9361979187499999 0.5096009921875 0.9980813484375 0.6762400296875 0.9928762578124999 0.6690797203125001 0.9421268078124999 0.508137990625 0.9361979187499999
844 0.507648171875 0.8738102671875 0.507648171875 0.925860965625 0.6632213578124999 0.9356204703125 0.671683415625 0.8725090203124999 0.507648171875 0.8738102671875
844 0.518714121875 0.7970354687500001 0.515459453125 0.8634001874999999 0.6736363359374999 0.86665335625 0.6736363359374999 0.804843153125 0.518714121875 0.7970354687500001
844 0.12890622031250001 0.664388021875 0.10927683437499999 0.7410809781250001 0.2993494234375 0.7397798296875 0.316924709375 0.6669087734375 0.12890622031250001 0.664388021875
844 0.3339843453125 0.679036459375 0.31822655625 0.7436835234375 0.504393503125 0.75214178125 0.50244078125 0.6831746171875 0.3339843453125 0.679036459375
844 0.522786428125 0.68229166875 0.5193649953125 0.756696196875 0.7257110234375 0.7592987921875001 0.7113904046874999 0.6812227953125001 0.522786428125 0.68229166875
844 0.874348928125 0.005208334375 0.863708825 0.1872897046875 0.9951974890624999 0.18013274375 0.994546515625 0.0057629125 0.874348928125 0.005208334375
517 0.8704426890624999 0.0023871531250000003 0.8598575187499999 0.19159980000000001 0.9956856078125 0.18726224062500002 0.9961195890625 0.00638603125 0.8704426890624999 0.0023871531250000003
517 0.8589173828125001 0.3822227015625 0.83078243125 0.5513872828124999 0.9813651218749999 0.5453147609375 1 0.375282428125 0.8628952609375 0.38439129375 0.8594235359375 0.3830900140625 0.8589173828125001 0.3822227015625
517 0.8451660953125 0.6370213078125 0.818631725 0.8060699234375001 0.9540259640625001 0.7986960875 0.97572375 0.6568579156250001 0.9809311390625 0.6217237015625 0.8477068109375001 0.6382064359374999 0.8451660953125 0.6370213078125
517 0.819444425 0.9431423625 0.81168840625 0.999661025 0.9275546374999999 1 0.9427430875 0.9341638703124999 0.819444425 0.9431423625
517 0.9019097031250001 0.2725694453125 0.9002153484375001 0.32106296875 0.99872335 0.31585786250000003 0.9969875546875 0.27118105 0.9019097031250001 0.2725694453125
517 0.8530815781250001 0.3279079875 0.8455370328124999 0.367908559375 0.9978553859374999 0.3614022234375 0.99872335 0.31585786250000003 0.8530815781250001 0.3279079875
517 0.94639755 0.938802084375 0.9344979562500001 0.9979259609375 0.996553571875 0.9979259609375 0.9952517578125001 0.93546515 0.94639755 0.938802084375
517 0.9023851265625 0.5860877484375 0.9002153484375001 0.614715690625 0.9948177749999999 0.6103781328125 0.9982893687500001 0.5787138796875 0.9023851265625 0.5860877484375