209 0.6103515625 0.29296875 0.6318359375 0.291015625 0.6494140625 0.283203125 0.65234375 0.2802734375 0.650390625 0.2041015625 0.6484375 0.2001953125 0.6435546875 0.197265625 0.5009765625 0.201171875 0.3876953125 0.20703125 0.3759765625 0.208984375 0.37109375 0.2158203125 0.365234375 0.2939453125 0.3681640625 0.298828125 0.3759765625 0.302734375 0.6103515625 0.29296875
209 0.3935546875 0.20703125 0.6357421875 0.1953125 0.642578125 0.1884765625 0.65234375 0.1572265625 0.654296875 0.1162109375 0.6494140625 0.111328125 0.6416015625 0.109375 0.6181640625 0.109375 0.4169921875 0.119140625 0.3896484375 0.12109375 0.3798828125 0.123046875 0.376953125 0.1259765625 0.375 0.1416015625 0.376953125 0.2021484375 0.3818359375 0.20703125 0.3935546875 0.20703125
209 0.3681640625 0.375 0.4599609375 0.375 0.6259765625 0.3671875 0.6328125 0.3623046875 0.63671875 0.3505859375 0.63671875 0.2958984375 0.6337890625 0.29296875 0.5185546875 0.296875 0.3837890625 0.3046875 0.3623046875 0.30859375 0.361328125 0.3369140625 0.36328125 0.3642578125 0.365234375 0.3720703125 0.3681640625 0.375
209 0.6533203125 0.365234375 0.9580078125 0.3671875 0.966796875 0.3525390625 0.970703125 0.3349609375 0.974609375 0.2958984375 0.974609375 0.2705078125 0.9697265625 0.267578125 0.6689453125 0.28125 0.6474609375 0.28515625 0.640625 0.2919921875 0.638671875 0.2958984375 0.640625 0.3466796875 0.6484375 0.3623046875 0.6533203125 0.365234375
209 0.6708984375 0.28125 0.7587890625 0.279296875 0.9697265625 0.267578125 0.974609375 0.2646484375 0.978515625 0.2509765625 0.982421875 0.2216796875 0.984375 0.1826171875 0.9775390625 0.177734375 0.9521484375 0.177734375 0.6806640625 0.193359375 0.6708984375 0.1953125 0.6650390625 0.19921875 0.66015625 0.2080078125 0.654296875 0.2353515625 0.654296875 0.2431640625 0.6640625 0.2763671875 0.6708984375 0.28125
209 0.6630859375 0.197265625 0.8193359375 0.189453125 0.904296875 0.1787109375 0.904296875 0.1416015625 0.9013671875 0.13671875 0.6826171875 0.1484375 0.6591796875 0.150390625 0.65625 0.1552734375 0.654296875 0.1630859375 0.654296875 0.1767578125 0.66015625 0.1943359375 0.6630859375 0.197265625
209 0.44140625 0.6591796875 0.4482421875 0.6640625 0.5888671875 0.666015625 0.6337890625 0.6640625 0.63671875 0.6611328125 0.642578125 0.6318359375 0.642578125 0.5810546875 0.640625 0.5712890625 0.6337890625 0.56640625 0.4482421875 0.56640625 0.4423828125 0.568359375 0.4375 0.5732421875 0.435546875 0.5810546875 0.435546875 0.6220703125 0.4375 0.6396484375 0.44140625 0.6591796875
209 0.6845703125 0.76953125 0.8369140625 0.775390625 0.9052734375 0.775390625 0.9150390625 0.7734375 0.919921875 0.7685546875 0.92578125 0.7509765625 0.92578125 0.7080078125 0.9208984375 0.701171875 0.9150390625 0.69921875 0.671875 0.6923828125 0.66015625 0.7294921875 0.669921875 0.7607421875 0.6767578125 0.767578125 0.6845703125 0.76953125
209 0.6806640625 0.83984375 0.8837890625 0.84765625 0.9091796875 0.84765625 0.912109375 0.8447265625 0.9140625 0.8291015625 0.912109375 0.7861328125 0.9052734375 0.77734375 0.6845703125 0.76953125 0.6689453125 0.76953125 0.666015625 0.7724609375 0.66015625 0.7900390625 0.66015625 0.7958984375 0.677734375 0.8369140625 0.6806640625 0.83984375
73 0.1298828125 0.486328125 0.3017578125 0.482421875 0.3447265625 0.478515625 0.3486328125 0.4765625 0.357421875 0.3623046875 0.357421875 0.2841796875 0.349609375 0.2119140625 0.3427734375 0.205078125 0.3330078125 0.205078125 0.1123046875 0.2109375 0.1083984375 0.212890625 0.107421875 0.2998046875 0.1171875 0.4833984375 0.1201171875 0.486328125 0.1298828125 0.486328125
209 0.3635620921875 0.3962418296875 0.3594771234375 0.476919934375 0.6454248359375 0.4697712421875 0.646446078125 0.3911356203125 0.3635620921875 0.3962418296875
209 0.9589460781250001 0.3850081703125 0.6515522875 0.3890931375 0.646446078125 0.47385620937499995 0.9589460781250001 0.47283496718749995 0.9589460781250001 0.3850081703125
209 0.4279003265625 0.696486928125 0.42483660156249997 0.6985294125 0.4217728765625 0.76491013125 0.6638071890624999 0.770016340625 0.66176470625 0.7015931375 0.4279003265625 0.696486928125
209 0.4064542484375 0.8118872546875 0.40543300625 0.87111928125 0.669934640625 0.88745915 0.672998365625 0.8272058828125 0.4064542484375 0.8118872546875