984 0.4359375 0.2203125 0.08125 0.1703125
984 0.5296875 0.2078125 0.08515625 0.15546875
984 0.640625 0.2109375 0.08671875 0.15234375
984 0.3390625 0.3609375 0.0765625 0.09921875
984 0.43515625 0.3609375 0.06875 0.096875
984 0.5453125 0.3515625 0.08515625 0.0953125
984 0.63671875 0.353125 0.0796875 0.115625
984 0.7421875 0.35078125 0.08125 0.1171875
988 0.33828125 0.21953125 0.08359375 0.15703125
988 0.23359375 0.221875 0.08359375 0.15390625
988 0.24375 0.35546875 0.0765625 0.10078125
990 0.1453125 0.3375 0.0921875 0.15625
990 0.13203125 0.73046875 0.10078125 0.1609375
988 0.2578125 0.72578125 0.09609375 0.14921875
988 0.39140625 0.7265625 0.10390625 0.17265625
551 0.49375 0.675 0.0609375 0.1234375
551 0.49296875 0.778125 0.05703125 0.0671875
987 0.6640625 0.74609375 0.07421875 0.16015625
556 0.83359375 0.7234375 0.10390625 0.1828125