364 0.1890625 0.18203125 0.065625 0.175
91 0.50546875 0.1453125 0.0875 0.17265625
412 0.60546875 0.4859375 0.09140625 0.24765625
412 0.515625 0.47578125 0.075 0.26796875
412 0.57734375 0.165625 0.07578125 0.21171875
412 0.6484375 0.121875 0.09140625 0.24375
412 0.6875 0.50078125 0.04609375 0.20078125
754 0.81953125 0.1515625 0.09765625 0.2578125
754 0.92421875 0.15078125 0.09296875 0.2546875
754 0.77734375 0.49765625 0.08828125 0.25078125
754 0.86640625 0.490625 0.075 0.27109375
754 0.9578125 0.4953125 0.08359375 0.24375
745 0.115625 0.16171875 0.08203125 0.2078125
745 0.19453125 0.17421875 0.075 0.215625
745 0.278125 0.1796875 0.07421875 0.203125
745 0.35390625 0.1671875 0.06484375 0.1921875
745 0.06171875 0.4828125 0.09921875 0.24296875
745 0.1640625 0.48359375 0.08984375 0.23359375
745 0.26328125 0.4921875 0.0875 0.234375
745 0.34765625 0.47734375 0.0828125 0.23984375
412 0.428125 0.4875 0.075 0.2265625
412 0.42578125 0.171875 0.06953125 0.21015625
368 0.76484375 0.78828125 0.0921875 0.19140625
368 0.8546875 0.7953125 0.0734375 0.18515625
368 0.94609375 0.79609375 0.09140625 0.19140625
412 0.45546875 0.7859375 0.078125 0.20078125
412 0.53203125 0.7828125 0.0703125 0.19140625
412 0.60546875 0.784375 0.07421875 0.184375
412 0.68046875 0.78515625 0.07421875 0.196875
745 0.2171875 0.784375 0.06015625 0.17421875
745 0.29609375 0.79453125 0.08125 0.17734375
745 0.0328125 0.1765625 0.03984375 0.22890625
412 0.71328125 0.14375 0.09453125 0.20546875
745 0.37265625 0.78359375 0.078125 0.18125