313 0.1921875 0.31875 0.2390625 0.27421875
313 0.43515625 0.3 0.22421875 0.2328125
313 0.6375 0.30625 0.184375 0.23515625
313 0.36171875 0.60546875 0.2765625 0.265625
313 0.61484375 0.55703125 0.20390625 0.23046875
313 0.1484375 0.08515625 0.23046875 0.1703125
313 0.41328125 0.084375 0.20625 0.16796875
313 0.68046875 0.0890625 0.1875 0.13828125
313 0.1984375 0.8125 0.1671875 0.16796875
313 0.3609375 0.8125 0.17421875 0.1546875
313 0.6109375 0.81015625 0.20546875 0.16875
313 0.8640625 0.834375 0.18984375 0.178125