107 0.1648839328125 0.1295878171875 0.15972218437500002 0.1270424859375 0.1648839328125 0.26688351718750003 0.419743553125 0.2685180265625 0.411574975 0.1214154546875 0.1648839328125 0.1295878171875
107 0.28359375 0.3578125 0.25625 0.15859375
107 0.28203125 0.50390625 0.2328125 0.12421875
107 0.30390625 0.6421875 0.24765625 0.128125
107 0.321875 0.784375 0.22578125 0.1296875
107 0.5359375 0.3453125 0.24140625 0.15390625
107 0.52265625 0.48671875 0.2421875 0.1390625
107 0.5296875 0.634375 0.20390625 0.10859375
107 0.54375 0.75625 0.22109375 0.13046875
107 0.7859375 0.48203125 0.2515625 0.1625
107 0.759375 0.584375 0.2265625 0.05234375
107 0.7578125 0.65 0.2359375 0.06484375
107 0.765625 0.7109375 0.2265625 0.05703125
107 0.77421875 0.77578125 0.21171875 0.0640625
111 0.9964452359375 0.515323378125 0.9114920703125 0.5169578875 0.9196606484375 0.52186129375 0.8706491796875 0.5578197046875 0.8820851390625 0.62810201875 1 0.6313709750000001 0.9964452359375 0.515323378125