635 0.36015625 0.35859375 0.0125 0.00625
332 0.13240345625 0.21539690625 0.1186607890625 0.3631784765625 0.23444635156250002 0.3631784765625 0.24100758125000002 0.21504125312500003 0.13240345625 0.21539690625
332 0.24531312500000002 0.10441731875 0.21592070937500002 0.21388391874999998 0.31588222187500004 0.212340815625 0.342898853125 0.10470985625 0.24531312500000002 0.10441731875
332 0.24563899218750002 0.2825517171875 0.24062160625 0.37668056875 0.3872833203125 0.372437059375 0.381494040625 0.2945107078125 0.24563899218750002 0.2825517171875
332 0.39103414999999997 0.3099708171875 0.3930725984375 0.37668056875 0.5937676328125 0.3786094390625 0.5655930765625 0.31881445625 0.39103414999999997 0.3099708171875
332 0.3818800171875 0.0877358203125 0.3494600234375 0.13017096875 0.34085207500000003 0.19030586875 0.37686263124999997 0.19613831718750002 0.4370710875 0.159875546875 0.43745706406249996 0.138657971875 0.3818800171875 0.0877358203125
332 0.24338304531250002 0.22022210625 0.244481125 0.270592696875 0.3726171359375 0.2902671984375 0.3911428375 0.234715725 0.24338304531250002 0.22022210625
332 0.39461638125 0.270206928125 0.3968243890625 0.26847410156249996 0.4721927328125 0.2894956328125 0.5057705343750001 0.2378019 0.45057940468749996 0.2061684375 0.39461638125 0.270206928125
332 0.33132029687500003 0.22159939999999997 0.413142084375 0.23432995625 0.45057940468749996 0.19768141875 0.3915288140625 0.18842283437500001 0.33132029687500003 0.22159939999999997
332 0.4610001515625 0.19768141875 0.5049986421875 0.22970065 0.636222340625 0.20269646406250003 0.5868204296874999 0.162575953125 0.4610001515625 0.19768141875
332 0.5794873671875 0.314956715625 0.5837328609375 0.288338328125 0.5196648265625 0.233172621875 0.4860870234375 0.27097849375 0.48423811250000004 0.304243578125 0.5794873671875 0.314956715625
332 0.8222510749999999 0.1317140421875 0.7143225171875 0.18548067031249998 0.7751650171875 0.2408881046875 0.8419346453125 0.212340815625 0.8222510749999999 0.1317140421875
332 0.7041497765625 0.210026178125 0.6987464734375 0.2146554546875 0.7083952703125 0.3215148921875 0.7824980781249999 0.32961620156250004 0.785585646875 0.23741613125 0.7041497765625 0.210026178125
332 0.5300855140625 0.2327868546875 0.5868204296874999 0.275222003125 0.6385379578125 0.27097849375 0.6713438671875 0.22121363125000001 0.5571022046875 0.220442065625 0.5300855140625 0.2327868546875
332 0.7963923703125 0.3388747265625 0.78056831875 0.3257584609375 0.6605372609375 0.33115924531249996 0.678291071875 0.3701224796875 0.7180440671875 0.3917257640625 0.7832699125 0.373208625 0.7963923703125 0.3388747265625
332 0.658993478125 0.250918225 0.6255388468749999 0.28294969999999997 0.6319768453125 0.323829590625 0.6917993874999999 0.3176571515625 0.6856241328125 0.262877215625 0.658993478125 0.250918225
332 0.9376506625 0.348519078125 0.900985234375 0.3180429796875 0.8407427437500001 0.3273415359375 0.792146875 0.36433586875 0.785199671875 0.3921115328125 0.8828455671875 0.3921115328125 0.9376506625 0.348519078125
332 0.8403908609374999 0.23857346562499998 0.8596884546875 0.2902671984375 0.9384226140624999 0.2821659484375 0.8843893515625 0.23008641875000002 0.8403908609374999 0.23857346562499998
332 0.806427025 0.3141852390625 0.847337946875 0.2408881046875 0.8146866671874999 0.228907465625 0.789831140625 0.241273871875 0.785199671875 0.311098975 0.806427025 0.3141852390625
332 0.21553473437499998 0.15910401093749998 0.1248360421875 0.11821195 0.05189113125 0.1687483625 0.167676725 0.21889899375000002 0.21360497500000003 0.186108196875 0.21553473437499998 0.15910401093749998
332 0.0773639484375 0.18225045625 0.007892610937499999 0.186108196875 0.0028752546875 0.3168855859375 0.09743343593750001 0.3269157359375 0.123678175 0.2351014921875 0.0773639484375 0.18225045625
332 0.0785218171875 0.49149735312500004 0.04571590625 0.5497492484375 0.11209961875 0.5593936 0.13911625 0.481081465625 0.0785218171875 0.49149735312500004
332 0.1348882265625 0.5725259765625 0.0465915 0.5800744953125 0.0159079671875 0.724911778125 0.1260150765625 0.7253149078125001 0.1348882265625 0.5725259765625
332 0.1723971984375 0.5777667859375 0.1546510203125 0.6845980765624999 0.24015544218749998 0.6902419703125 0.25225512656250004 0.5817981546875 0.1723971984375 0.5777667859375
332 0.26354817812500003 0.5697040453125 0.2478186125 0.70072355625 0.328483175 0.6870168921875 0.338162896875 0.5805887171874999 0.26354817812500003 0.5697040453125
332 0.3511507796875 0.55990500625 0.3478426203125 0.6721008046875 0.43375039062500004 0.6676663046875 0.43536371875 0.5564004953125 0.3511507796875 0.55990500625
332 0.4681338140625 0.5568795828125 0.43294375625 0.6862106 0.5281279640625 0.7075768734375 0.5446641624999999 0.576557346875 0.4681338140625 0.5568795828125
332 0.5559572125 0.54269383125 0.5374043390625001 0.683791784375 0.6212954953125001 0.678147859375 0.631378565625 0.540678146875 0.5559572125 0.54269383125
332 0.5886263234375 0.46851663906249996 0.58943301875 0.5326154062499999 0.669290884375 0.526971496875 0.6733241140625 0.46246958437499996 0.5886263234375 0.46851663906249996
332 0.3148457 0.46813383281250004 0.365992146875 0.5564004953125 0.44222019375 0.5471283484375 0.3938214578125 0.45924447500000004 0.3148457 0.46813383281250004
332 0.185303578125 0.5338248296875 0.190546725 0.4701291703125 0.1504643671875 0.4792270515625 0.1147220859375 0.573332253125 0.2458019984375 0.5668820515624999 0.24701191718749999 0.5261652203125 0.185303578125 0.5338248296875
332 0.20593046093749998 0.45804908906249997 0.20062979531249997 0.514474240625 0.2647581578125 0.5140711109375 0.26758140625000004 0.457228790625 0.20593046093749998 0.45804908906249997
332 0.8392524046875 0.5306592484375 0.8128738296875 0.6426718218749999 0.880632134375 0.6567816171875 0.9165278406249999 0.553175403125 0.8392524046875 0.5306592484375
332 0.96653984375 0.5568036265625 0.9239642578125 0.5619219546875 0.8939417374999999 0.637431028125 0.9391139421875 0.6773415984375 0.9939657453124999 0.6620223796875 0.96653984375 0.5568036265625
332 0.1546510203125 0.8051360171875 0.0937492515625 0.831743084375 0.0800363 0.9401869453125 0.136098146875 0.9168049875 0.1546510203125 0.8051360171875
332 0.2320889859375 0.8373869781250001 0.22523251093750002 0.8148113125 0.1949833 0.8031203328125001 0.1555067390625 0.8574049640625001 0.1740105265625 0.913579878125 0.21918266874999998 0.8922136359374999 0.2119228453125 0.8381932703125001 0.2320889859375 0.8373869781250001
332 0.279681090625 0.80352349375 0.22004910312499998 0.8463117453125 0.2627415453125 0.9268834125 0.33735626406249997 0.8950356125000001 0.33896953124999996 0.8648003687499999 0.279681090625 0.80352349375
332 0.37083206875 0.8305337234374999 0.378495178125 0.831743084375 0.3736553171875 0.933333628125 0.45028664999999995 0.915998725 0.44544678906249996 0.819648975 0.37083206875 0.8305337234374999
332 0.4886023171875 0.7890105671875001 0.423264034375 0.774900771875 0.46278962031250004 0.8728631078125 0.5269179828125 0.8551250125 0.4886023171875 0.7890105671875001
332 0.5094812656250001 0.8110151406250001 0.549907371875 0.8639940453125 0.6100025062500001 0.8184396125 0.5757200671875 0.7781259125 0.5094812656250001 0.8110151406250001
332 0.6039526640624999 0.7744976109375 0.605969278125 0.8329524765625 0.676147421875 0.8341619 0.672517540625 0.7765132953125 0.6039526640624999 0.7744976109375
332 0.6801618515625 0.894774284375 0.745064871875 0.8778692343750001 0.719695609375 0.8068680468749999 0.678047746875 0.8062341 0.6606982593749999 0.8628551296875001 0.6801618515625 0.894774284375
332 0.7571152953125 0.8104603625 0.73470576875 0.8394102531250001 0.8492902265625 0.9194979453125001 0.8742367046874999 0.8846312796875001 0.7571152953125 0.8104603625
786 0.6514100093749999 0.8512437859374999 0.5836956 0.8390161859375 0.5522584921875 0.9239355015624999 0.6281548531250001 0.9421084421874999 0.6514100093749999 0.8512437859374999