574 0.4140625 0.5875 0.11484375 0.2328125
574 0.52109375 0.5859375 0.09140625 0.23125
574 0.61796875 0.58125 0.0875 0.22890625
574 0.3046875 0.5875 0.10703125 0.22890625
574 0.19453125 0.59296875 0.125 0.25078125
574 0.078125 0.1484375 0.15625 0.29609375
574 0.22734375 0.15 0.146875 0.2984375
574 0.36953125 0.165625 0.13203125 0.26875
87 0.19609375 0.9328125 0.115625 0.134375
87 0.31875 0.90546875 0.128125 0.1890625
613 0.4734375 0.87734375 0.178125 0.2453125
613 0.6234375 0.896875 0.11953125 0.20625
613 0.73671875 0.87265625 0.10390625 0.19921875
613 0.86171875 0.846875 0.146875 0.2546875
613 0.96953125 0.83515625 0.06015625 0.2546875