357 0.296875 0.146875 0.26640625 0.08828125
357 0.25546875 0.05703125 0.25 0.0796875
357 0.4421875 0.078125 0.1203125 0.10078125
357 0.5125 0.13828125 0.1203125 0.06328125
357 0.66640625 0.04140625 0.19765625 0.0828125
357 0.68515625 0.11875 0.19140625 0.0828125
529 0.28203125 0.40625 0.26640625 0.08671875
529 0.4578125 0.371875 0.17578125 0.06015625
529 0.6328125 0.353125 0.1265625 0.06171875
529 0.83203125 0.3265625 0.20078125 0.05078125
529 0.0890625 0.44296875 0.178125 0.08203125
477 0.6390625 0.6328125 0.24296875 0.0578125
477 0.3828125 0.60546875 0.1765625 0.03515625
477 0.4359375 0.6546875 0.1953125 0.0390625
493 0.20078125 0.6296875 0.1796875 0.07421875
493 0.221875 0.70625 0.18671875 0.0546875
357 0.07109375 0.16953125 0.13359375 0.0796875