693 0.4328125 0.478125 0.078125 0.26640625
957 0.1953125 0.48359375 0.0625 0.23515625
957 0.1328125 0.4609375 0.07734375 0.30078125
957 0.03828125 0.515625 0.06328125 0.196875
957 0.25546875 0.48984375 0.05546875 0.24765625
957 0.3140625 0.49296875 0.0578125 0.259375
468 0.496875 0.49453125 0.0484375 0.23828125
468 0.56015625 0.48203125 0.06640625 0.26640625
20 0.5953125 0.89453125 0.09140625 0.12265625
927 0.0609375 0.1203125 0.08359375 0.240625
927 0.13359375 0.121875 0.08828125 0.24375
927 0.2140625 0.1265625 0.08125 0.253125
663 0.2953125 0.13359375 0.07890625 0.20390625
799 0.384375 0.11796875 0.09921875 0.23515625
799 0.4796875 0.1203125 0.0921875 0.240625