497 0.0734375 0.3140625 0.134375 0.11015625
497 0.215625 0.3109375 0.15234375 0.10078125
497 0.35390625 0.3140625 0.10703125 0.09296875
497 0.45703125 0.315625 0.0953125 0.07578125
497 0.32734375 0.4796875 0.07265625 0.0671875
497 0.2515625 0.48515625 0.078125 0.0734375
497 0.175 0.47265625 0.06875 0.0578125
497 0.10625 0.471875 0.07109375 0.0765625
497 0.0390625 0.47734375 0.07109375 0.0703125
497 0.046875 0.64453125 0.0875 0.0671875
497 0.121875 0.6421875 0.06796875 0.059375
497 0.19296875 0.64375 0.06640625 0.04921875
497 0.26796875 0.64375 0.06640625 0.053125
974 0.43671875 0.8171875 0.05390625 0.05
974 0.49296875 0.81953125 0.05390625 0.04140625
974 0.3671875 0.82265625 0.06171875 0.0453125
974 0.3109375 0.8296875 0.05234375 0.05859375
497 0.17890625 0.77109375 0.05703125 0.025
497 0.16953125 0.80078125 0.0453125 0.01640625
497 0.10234375 0.77890625 0.0765625 0.0234375
497 0.09765625 0.815625 0.06640625 0.02265625
497 0.09375 0.90859375 0.065625 0.0203125
497 0.0921875 0.94296875 0.0671875 0.0234375
497 0.16328125 0.91484375 0.0578125 0.028125
497 0.15625 0.95703125 0.05625 0.03359375
497 0.29296875 0.92890625 0.03828125 0.0234375
497 0.290625 0.9609375 0.03984375 0.021875
497 0.334375 0.92890625 0.03984375 0.028125
497 0.3453125 0.97109375 0.05 0.02109375
497 0.2515625 0.77109375 0.075 0.028125
497 0.246875 0.8171875 0.08046875 0.02578125
497 0.2359375 0.91484375 0.06484375 0.02109375
497 0.23671875 0.94375 0.06328125 0.0203125
497 0.415625 0.95078125 0.04296875 0.021875
849 0.64453125 0.29765625 0.08125 0.053125
849 0.72578125 0.290625 0.078125 0.05234375
849 0.7265625 0.340625 0.0734375 0.03984375
849 0.6453125 0.3453125 0.0828125 0.0421875
849 0.80625 0.29375 0.0640625 0.046875
638 0.6625 0.1390625 0.09453125 0.05703125
638 0.75234375 0.14296875 0.08203125 0.05546875
638 0.8328125 0.13515625 0.06953125 0.04921875
638 0.74375 0.1859375 0.078125 0.05234375
638 0.65703125 0.18828125 0.0859375 0.0515625
638 0.60078125 0.02421875 0.0359375 0.0484375
638 0.66171875 0.02421875 0.0390625 0.0484375
638 0.7125 0.0234375 0.040625 0.046875
638 0.7640625 0.02578125 0.0484375 0.0515625
638 0.8125 0.0234375 0.0453125 0.046875
638 0.46015625 0.025 0.04609375 0.05
638 0.50546875 0.0234375 0.0359375 0.046875
638 0.45703125 0.11640625 0.1078125 0.04296875
638 0.45625 0.1546875 0.09921875 0.0359375
638 0.459375 0.1921875 0.09140625 0.0390625
638 0.2359375 0.115625 0.09921875 0.0296875
638 0.23125 0.16015625 0.1015625 0.0390625
638 0.24453125 0.190625 0.10546875 0.02734375
638 0.1234375 0.16015625 0.0984375 0.03984375
638 0.03828125 0.11953125 0.06484375 0.03046875
638 0.0328125 0.19453125 0.0609375 0.03046875
638 0.6453125 0.678125 0.0734375 0.0515625
638 0.64609375 0.64140625 0.0796875 0.04140625
638 0.6453125 0.6015625 0.0765625 0.05
638 0.55546875 0.6015625 0.084375 0.04140625
638 0.5625 0.64296875 0.07421875 0.03984375
638 0.56484375 0.68359375 0.06875 0.0453125
638 0.6390625 0.76328125 0.06953125 0.04140625
638 0.72421875 0.79609375 0.06953125 0.03359375
638 0.821875 0.7890625 0.07734375 0.04140625
638 0.821875 0.6109375 0.07265625 0.03984375
638 0.81796875 0.6484375 0.07578125 0.0375
638 0.590625 0.96796875 0.03671875 0.0640625
638 0.6359375 0.965625 0.04140625 0.05859375
638 0.7109375 0.96875 0.0390625 0.0625
638 0.753125 0.96953125 0.040625 0.0609375
638 0.79375 0.92578125 0.03671875 0.0484375
638 0.7921875 0.97578125 0.03828125 0.04765625
638 0.8375 0.97734375 0.0375 0.0453125
638 0.875 0.9265625 0.0359375 0.0515625
638 0.8765625 0.97890625 0.0390625 0.0421875
638 0.915625 0.92421875 0.02578125 0.053125
638 0.90625 0.65078125 0.07890625 0.0421875
638 0.91171875 0.68984375 0.0953125 0.0359375
638 0.9734375 0.64921875 0.053125 0.0453125
638 0.97734375 0.60390625 0.0453125 0.04765625
638 0.82890625 0.6078125 0.07421875 0.03671875
638 0.928125 0.121875 0.08671875 0.06640625
638 0.93125 0.184375 0.1109375 0.0625
638 0.8953125 0.3125 0.1046875 0.025
638 0.8953125 0.3546875 0.1140625 0.04140625
509 0.3625 0.1015625 0.1234375 0.18203125