51 0.859375 0.4328125 0.0484375 0.1359375
51 0.7953125 0.33046875 0.03125 0.07265625
51 0.81484375 0.4328125 0.04375 0.1359375
51 0.7265625 0.44375 0.05 0.1328125
51 0.7578125 0.3328125 0.040625 0.08203125
51 0.77265625 0.440625 0.04296875 0.13125
51 0.70383193125 0.510857484375 0.6971396578125 0.3911209015625 0.6574678125 0.39384259374999997 0.6572648765625 0.39820812499999997 0.6698128875 0.5145876078125 0.70383193125 0.510857484375
51 0.7163799421875 0.28481271874999997 0.6788069265625001 0.290955178125 0.6859858875 0.39000186718749996 0.7208414656250001 0.37731949375 0.7163799421875 0.28481271874999997
51 0.67845708125 0.29339198125 0.643660153125 0.2971060546875 0.656986021875 0.395224028125 0.685149353125 0.39000186718749996 0.67845708125 0.29339198125
51 0.6547552734375001 0.3890634625 0.6181369 0.3916059125 0.6260342609375 0.5162602749999999 0.6700917390625001 0.51141111875 0.6547552734375001 0.3890634625
51 0.640255340625 0.28184593125 0.606839721875 0.2881593234375 0.6198996953125 0.3941222953125 0.6561494875 0.3930032625 0.640255340625 0.28184593125
51 0.6306100734375 0.18751562500000002 0.59512413125 0.1925411265625 0.60607175625 0.2867366 0.6381388796875 0.278903365625 0.6306100734375 0.18751562500000002
51 0.619456303125 0.3874067109375 0.5716929484375 0.3921650828125 0.5762353578125 0.516841590625 0.6250331874999999 0.511992434375 0.619456303125 0.3874067109375
51 0.5996583125 0.2773684140625 0.5629062546875 0.2803309328125 0.5689854046875 0.393374884375 0.6116486421875 0.38777971718750004 0.5996583125 0.2773684140625
51 0.5704989296874999 0.40636938437500003 0.5290147234375 0.40670352187500003 0.5325760421875 0.5272250015625 0.5746815984375 0.528344034375 0.5704989296874999 0.40636938437500003
51 0.55078125 0.3671875 0.03359375 0.07265625
51 0.509375 0.4640625 0.04453125 0.12890625
51 0.5125 0.3515625 0.04140625 0.096875
51 0.51171875 0.265625 0.0328125 0.07265625
51 0.4703125 0.246875 0.0421875 0.09453125
51 0.471875 0.3484375 0.0390625 0.10625
51 0.4671875 0.4671875 0.04453125 0.12890625
51 0.425 0.47265625 0.0421875 0.12421875
51 0.43828125 0.3609375 0.02734375 0.08515625
51 0.43671875 0.2734375 0.0296875 0.09453125