51 0.171875 0.68515625 0.078125 0.12265625
969 0.37109375 0.69375 0.04609375 0.08125
51 0.0828125 0.684375 0.0875 0.1203125
969 0.2921875 0.6734375 0.040625 0.0921875
969 0.23306414531250003 0.7318157203125 0.25091910156249997 0.7377990296875 0.268964003125 0.7328129375 0.2649751296875 0.646339871875 0.25528786718749996 0.6460549531249999 0.2539582421875 0.6370799875000001 0.24522071093750003 0.63878950625 0.24806990624999997 0.6564545140625 0.23838264374999998 0.6759715 0.23306414531250003 0.7318157203125
969 0.21672876093750001 0.7188518828125 0.23420382343749999 0.7234105953125 0.23743291093750002 0.677396096875 0.24920958437500002 0.6574517328125 0.2438910859375 0.639216884375 0.2497794234375 0.6373649078125 0.25129899375 0.6286748625 0.23838264374999998 0.62838994375 0.23382393124999998 0.64064148125 0.217868440625 0.6486192281250001 0.21672876093750001 0.7188518828125
969 0.3204394578125 0.6362252296875 0.3172103703125 0.7093070796875 0.323288653125 0.7185669640625 0.348171621875 0.7187094234375 0.3540599578125 0.6942063468749999 0.345892265625 0.6644322593750001 0.36241759687499997 0.6528930203125001 0.35026103124999997 0.638219665625 0.3626075421875 0.6312391390625 0.34247323125 0.62482845 0.335065325 0.6303843796875 0.3396240359375 0.637934746875 0.3204394578125 0.6362252296875
969 0.4281390265625 0.7292514437500001 0.43383741562499994 0.6520382625 0.4213009578125 0.6461974125000001 0.4260496171875 0.6423509984375 0.42396020625 0.63223635625 0.412183534375 0.6346581718750001 0.4095242859375 0.6486192281250001 0.401166646875 0.6543176171875 0.396987828125 0.7259748703125 0.4281390265625 0.7292514437500001
969 0.431558059375 0.7006170359375 0.45112253124999996 0.6997622765625 0.45701086875 0.69206945 0.46023995624999997 0.6306693 0.452642103125 0.6265379671875 0.44751355156250006 0.6158534859375 0.4378262890625 0.6158534859375 0.431937953125 0.6228340140624999 0.43383741562499994 0.62838994375 0.423010475 0.6325212765625 0.42528983125 0.647337090625 0.43497709375 0.6538902390625 0.431558059375 0.7006170359375
969 0.53515625 0.6734375 0.04453125 0.0984375
969 0.58359375 0.671875 0.0421875 0.10078125
969 0.659375 0.67578125 0.03828125 0.10390625
969 0.709375 0.67578125 0.028125 0.096875
969 0.75 0.6765625 0.03984375 0.090625
969 0.8453125 0.6640625 0.04453125 0.09375
969 0.6192250328125 0.637934746875 0.609157878125 0.652465640625 0.610107609375 0.680672671875 0.6044092203125 0.695203565625 0.605548896875 0.7188518828125 0.6237837453124999 0.723837975 0.635940309375 0.722983215625 0.631761490625 0.701329334375 0.6403090765624999 0.67625641875 0.637649828125 0.656027134375 0.6431582703125 0.641496240625 0.639549290625 0.6349430921875 0.636320203125 0.630811759375 0.6414487546875 0.6289597828125 0.6338509015625 0.622406634375 0.6292921890625001 0.6228340140624999 0.6201747656250001 0.629529621875 0.6249234234375 0.633091115625 0.6239736921875 0.63807720625 0.6192250328125 0.637934746875
969 0.7998639921875 0.6338034140625 0.7985343687500001 0.6299570015625 0.798724315625 0.6241161515625 0.7878973734375 0.623688771875 0.7867576953125 0.6352280125 0.7770704328125 0.664147340625 0.7677630640625 0.71058921875 0.7837185546875001 0.720703859375 0.804802596875 0.71828204375 0.7964449578125 0.6377922875 0.7998639921875 0.6338034140625
214 0.8826999453125 0.8612865875000001 0.8956709593750001 0.7700422062500001 0.836854115625 0.768532646875 0.8270140343750001 0.86095113125 0.8826999453125 0.8612865875000001
214 0.8348413718750001 0.76953901875 0.776024528125 0.77121630625 0.7655135328125 0.8658152609374999 0.8270140343750001 0.8614543156250001 0.8348413718750001 0.76953901875
214 0.7758008890625 0.77356450625 0.7158658531250001 0.773396778125 0.7082621546875 0.8688343765625 0.7646189796875 0.867157090625 0.7758008890625 0.77356450625
214 0.7165367687499999 0.7760804375 0.6545889890625001 0.777086809375 0.646985290625 0.8708471203125001 0.7080385171875 0.869169834375 0.7165367687499999 0.7760804375
51 0.6536944359375 0.77758999375 0.6031522046875 0.778596365625 0.5942066765625 0.8762144375 0.6460907375 0.874033965625 0.6536944359375 0.77758999375
51 0.6009158218749999 0.7782609093749999 0.5514917828125 0.7787640953125 0.5423226156250001 0.8787303671875 0.5933121234375001 0.8767176234375 0.6009158218749999 0.7782609093749999
51 0.5499263156249999 0.780273653125 0.4973713390625 0.7829573109375 0.4879785359375 0.8819172109375 0.5416517015625 0.880072196875 0.5499263156249999 0.780273653125
51 0.49468768125 0.78329276875 0.436989028125 0.783460496875 0.43095079687500004 0.885607240625 0.4870839828125 0.883259040625 0.49468768125 0.78329276875
51 0.42983260625 0.786311884375 0.3768303546875 0.7879891703124999 0.3669902734375 0.8934904875 0.4242416515625 0.89030364375 0.42983260625 0.786311884375
51 0.374593971875 0.790337371875 0.31689531875 0.7905051000000001 0.3081734296875 0.897683703125 0.3647538921875 0.8950000453125 0.374593971875 0.790337371875
51 0.31040981093750003 0.790337371875 0.25360570937500004 0.7918469296875 0.247343840625 0.9028832921875001 0.30571340937499997 0.897683703125 0.31040981093750003 0.790337371875
51 0.2498038609375 0.7945305874999999 0.19165793125 0.797549703125 0.184725146875 0.906573321875 0.245331096875 0.9023801062500001 0.2498038609375 0.7945305874999999
51 0.188750634375 0.79939471875 0.12702649375 0.8014074625 0.1209882609375 0.9100956234375 0.1831596796875 0.9074119656249999 0.188750634375 0.79939471875
51 0.1205409859375 0.8040911203125001 0.057027739062500006 0.8061038640625 0.05456771875000001 0.9151274828125 0.11741005156249999 0.911437453125 0.1205409859375 0.8040911203125001
214 0 0.917475684375 0.0507658703125 0.9151274828125 0.054344081249999995 0.806439321875 0 0.8059361359375 0 0.917475684375
51 0.22271313906249998 1 0.22189030625 0.9495478859375 0.1505782171875 0.9577762046875 0.1500296640625 1 0.22271313906249998 1
51 0.2929281171875 1 0.2948480578125 0.9444051874999999 0.22627874218750002 0.9511935499999999 0.22189030625 1 0.2929281171875 1
51 0.3694514734375 1 0.369177196875 0.9367939937499999 0.2997850484375 0.9446108953125 0.2932023953125 1 0.3694514734375 1
51 0.3795997328125 0.9394681968749999 0.3664344234375 1 0.43939217656249996 0.9989177937499999 0.445700553125 0.9308284625000001 0.3795997328125 0.9394681968749999
51 0.45173465312500005 0.931239878125 0.44268350312500004 0.9987120859375 0.5068643828125 1 0.511527096875 0.92157160625 0.45173465312500005 0.931239878125
214 0.5181097515624999 0.93000563125 0.5074129375 1 0.5773536406249999 0.9999463343749999 0.58229063125 0.924657225 0.5181097515624999 0.93000563125
214 0.64592295625 0.9178688625 0.5847591265625 0.922805853125 0.57790219375 0.9997406249999999 0.635774696875 1 0.64592295625 0.9178688625
214 0.7043440125 0.914577534375 0.646471509375 0.9178688625 0.635774696875 0.9995349171875001 0.6966642484375 1 0.7043440125 0.914577534375
214 0.7043440125 0.9133432875 0.6969385265625 1 0.753988196875 0.9997406249999999 0.7627650703125 0.9096405437499999 0.7043440125 0.9133432875
214 0.7677020609375 0.909229128125 0.7586509109375 0.9997406249999999 0.8140549187499999 0.9935693875 0.8239289 0.9069663406249999 0.7677020609375 0.909229128125
214 0.879607184375 0.900795103125 0.82776878125 0.90717205 0.81570058125 0.990895184375 0.8691846484375001 0.98760385625 0.879607184375 0.900795103125
51 0 0.566503840625 0.0546712828125 0.5684720078125001 0.0588263015625 0.4407052171875 0 0.43873705156250004 0 0.566503840625
135 0.08125 0.50859375 0.0421875 0.1109375
135 0.15078125 0.5140625 0.0390625 0.10703125
135 0.234375 0.51328125 0.04140625 0.10703125
135 0.27578125 0.515625 0.0421875 0.103125
135 0.18828125 0.5125 0.03359375 0.10390625
135 0.126350478125 0.5071093531249999 0.1357413921875 0.48555293749999995 0.1320419421875 0.46079507187499996 0.11752871093749999 0.46100850312499997 0.106145784375 0.5135122484375 0.1055766390625 0.561747396875 0.12805791718749998 0.5623876875 0.126350478125 0.5071093531249999
135 0.3246979640625 0.560893678125 0.322990525 0.5162868375 0.32953570781249997 0.50284075625 0.327259121875 0.46271594218749995 0.30392412343749997 0.4603682125 0.294533209375 0.49729157968750004 0.2973789421875 0.5634548374999999 0.3246979640625 0.560893678125
135 0.32811284218750003 0.567510003125 0.36852222968750004 0.5677234343750001 0.369660521875 0.509883940625 0.3653919234375 0.46250251249999996 0.338926621875 0.46079507187499996 0.33351973125 0.4992124484375 0.3241288171875 0.512018240625 0.32811284218750003 0.567510003125
135 0.3707988140625 0.5649488453125 0.41291564062499997 0.5662294250000001 0.41490765312500005 0.51137795 0.40864704375 0.4981452984375 0.41234649375 0.4631428015625 0.384173753125 0.46100850312499997 0.3824663140625 0.4966512890625 0.37307539843750004 0.503694475 0.3707988140625 0.5649488453125
135 0.43671875 0.5140625 0.04453125 0.10703125
135 0.4828125 0.515625 0.04453125 0.10390625
135 0.52578125 0.515625 0.03984375 0.10390625
135 0.5640625 0.51640625 0.0328125 0.1015625
135 0.60078125 0.5171875 0.03828125 0.1015625
135 0.6421875 0.51953125 0.0390625 0.10234375
135 0.68125 0.5203125 0.0375 0.1015625
135 0.71796875 0.5203125 0.03671875 0.096875
116 0.75234375 0.5328125 0.03046875 0.07109375
116 0.785991040625 0.5655891343749999 0.7942436609375 0.498572159375 0.76806293125 0.498572159375 0.7677783578125 0.5662294250000001 0.785991040625 0.5655891343749999
116 0.8289615843749999 0.5679368640625 0.8355067671875 0.5015601765625 0.7985122578125 0.49835872812500004 0.7939590890625 0.500279596875 0.7874139062500001 0.56537570625 0.8289615843749999 0.5679368640625
116 0.8747778625 0.5039079046875 0.835791340625 0.5000661671875 0.8283924390624999 0.5664428546875 0.869370971875 0.568577153125 0.8747778625 0.5039079046875
116 0.9009585921875001 0.5039079046875 0.8742087156249999 0.50284075625 0.8682326796875 0.5664428546875 0.8952671296875 0.568577153125 0.9009585921875001 0.5039079046875
51 0.9410540125000001 0.4292372125 0.95297726875 0.32606792812499996 0.9068298515625 0.32391511875 0.893581790625 0.42658759999999996 0.9410540125000001 0.4292372125
51 0.90638825 0.32408071875 0.8527335984375 0.320437503125 0.841693546875 0.425759596875 0.8953481984374999 0.42642199999999997 0.90638825 0.32408071875
51 0.841693546875 0.4275812046875 0.85185039375 0.320768703125 0.8026117640624999 0.3182846921875 0.8021701609375 0.31712548749999997 0.792234115625 0.42460039062500005 0.841693546875 0.4275812046875
51 0.8023909625 0.317787890625 0.751165121875 0.3149726765625 0.74233308125 0.41482994531250006 0.792234115625 0.41632035156249997 0.8023909625 0.317787890625
51 0.749840315625 0.314641475 0.6986144765625 0.31083265781249997 0.6849248109375 0.4188043640625 0.739241865625 0.42261318125 0.749840315625 0.314641475
51 0.695081659375 0.31066705625 0.6423102109375 0.3065270375 0.63038695625 0.4169827546875 0.6833792046875 0.419135565625 0.695081659375 0.31066705625
51 0.6396605984375 0.30752064218749997 0.5842395390624999 0.30338062187500003 0.5731994874999999 0.41449874375 0.629724553125 0.41714835624999996 0.6396605984375 0.30752064218749997
51 0.5820315296875 0.30238701875 0.5255064640625 0.2985782 0.5168952234375 0.41201473125000004 0.5729786859375 0.41482994531250006 0.5820315296875 0.30238701875
51 0.516674421875 0.407046709375 0.5224152484375 0.2982469984375 0.46478617968749997 0.2942725796875 0.4634613734375 0.296756590625 0.459266153125 0.40307229062500005 0.516674421875 0.407046709375
51 0.45948695468749995 0.294106978125 0.39920827187499996 0.28947015781249996 0.3961170578125 0.407046709375 0.4548501328125 0.40936511875 0.45948695468749995 0.294106978125
51 0.39854586875 0.28947015781249996 0.336500778125 0.2853301375 0.3276687359375 0.40373469375 0.39302584218750003 0.407212309375 0.39854586875 0.28947015781249996
51 0.3323055578125 0.28665494375 0.2682732578125 0.280693315625 0.2601036203125 0.40141628125000006 0.32744793437499997 0.4053907 0.3323055578125 0.28665494375
51 0.260766021875 0.2801965140625 0.199383334375 0.2745660875 0.194084109375 0.39727626250000003 0.2589996140625 0.40108508125000003 0.260766021875 0.2801965140625
51 0.19585051874999998 0.275394090625 0.1262981921875 0.26810765625 0.1203365640625 0.3918114375 0.191213696875 0.3928050421875 0.19585051874999998 0.275394090625
51 0.1163621453125 0.3961170578125 0.11857015625 0.2715852734375 0.0463682171875 0.26595484687500004 0.0461474171875 0.26595484687500004 0.0437186046875 0.3916458359375 0.1163621453125 0.3961170578125
136 0.28184739531249997 0.138407203125 0.2428739921875 0.13472925 0.242615890625 0.22203225468749999 0.284428415625 0.225129478125 0.28184739531249997 0.138407203125
136 0.3303705734375 0.1442144984375 0.2890742515625 0.138407203125 0.28468651718750004 0.22396801875 0.32624094062500003 0.22667809062500002 0.3303705734375 0.1442144984375
136 0.3665048546875 0.1542804765625 0.331919184375 0.1486667578125 0.3303705734375 0.2156442296875 0.3659886515625 0.22145152499999998 0.3665048546875 0.1542804765625
136 0.40702687031250007 0.1566033953125 0.3752803234375 0.15234471249999998 0.3670210578125 0.218160725 0.40831737968750004 0.22338729062499998 0.40702687031250007 0.1566033953125
136 0.4596796796875 0.15640981874999998 0.4235453984375 0.1509896765625 0.41064029843750005 0.23480830312499998 0.45787296718750004 0.23984129375 0.4596796796875 0.15640981874999998
136 0.5009760015625 0.15911988906250002 0.468971353125 0.1550547828125 0.46045398593750003 0.22145152499999998 0.5017503078125001 0.2245487484375 0.5009760015625 0.15911988906250002
136 0.5417561203125 0.21099839375 0.5414980171875 0.16686295 0.5089771640625 0.16415287812499998 0.5004597984375 0.2230001375 0.540465609375 0.23190465625 0.5417561203125 0.21099839375
136 0.57685799375 0.20112599062499997 0.5794390140625 0.168992290625 0.546918159375 0.16608864375000001 0.5420142218749999 0.2309367734375 0.5789228093750001 0.237905528125 0.57685799375 0.20112599062499997
136 0.60266819375 0.2380991046875 0.6039587046875 0.1780903875 0.58021331875 0.17499316250000002 0.5773741968749999 0.196093003125 0.5784066046875 0.23732479843749998 0.60266819375 0.2380991046875
136 0.60266819375 0.240422021875 0.63957678125 0.24429355312499998 0.6424159031250001 0.205771828125 0.6460293312500001 0.17460600937499998 0.6153151921875 0.17112163281249998 0.6124760703125001 0.2007388390625 0.607830234375 0.2084818984375 0.60266819375 0.240422021875
136 0.670549021875 0.25455310781249996 0.67003281875 0.2193221828125 0.67158143125 0.1827362234375 0.6473198421874999 0.18196191718750002 0.6408672921874999 0.24351924687499998 0.6659031859375 0.24429355312499998 0.670549021875 0.25455310781249996
136 0.6684842062499999 0.255520990625 0.7087481203125 0.258037484375 0.70849001875 0.21428919375 0.7095224265625 0.18389768281250002 0.67958259375 0.1831233765625 0.6819055109375001 0.207514015625 0.67158143125 0.21835429999999997 0.6684842062499999 0.255520990625
136 0.709780528125 0.2586182140625 0.7448824015625 0.26229616875 0.7472053203125 0.2328725390625 0.746689115625 0.18757563593749998 0.719330303125 0.186607753125 0.7203627109374999 0.20615898124999998 0.7110710390625 0.21951575937499998 0.709780528125 0.2586182140625
136 0.745914809375 0.2615218625 0.7856625187499999 0.26558696875 0.7861787234375 0.2473907765625 0.7872111312500001 0.2069332875 0.790050253125 0.1928022015625 0.7606266234375 0.192221471875 0.75675509375 0.21970933593750003 0.749012034375 0.23442115000000002 0.745914809375 0.2615218625
136 0.786436825 0.2653933921875 0.8233454124999999 0.267716309375 0.8212805968750001 0.21970933593750003 0.8223130046874999 0.194544390625 0.7931474781250001 0.19667373125 0.79521229375 0.21874145312499998 0.7895340484375 0.2328725390625 0.786436825 0.2653933921875
136 0.8259264328125001 0.26887776875 0.8612864078125 0.2702328046875 0.8648998359375 0.23616333906250003 0.8599958984375 0.22029006562500003 0.863867428125 0.19648015624999998 0.8336694937500001 0.19822234375 0.8347019015624999 0.224355171875 0.8277331468750001 0.23442115000000002 0.8259264328125001 0.26887776875
136 0.8651579390625 0.2340339984375 0.8607702046875 0.27061995781250003 0.8979368937500001 0.2727493 0.9002598109375001 0.224355171875 0.9023246281249999 0.201706721875 0.8747077125 0.19938380312499998 0.8713523859375 0.20054526250000002 0.8723847953125 0.21874145312499998 0.8651579390625 0.2340339984375
136 0.8984530968750001 0.27352360625 0.9322644609375 0.2781694421875 0.9317482578125 0.23616333906250003 0.9330387671875 0.20286817968749998 0.9046475453125 0.20615898124999998 0.9054218531249999 0.22687166718750001 0.9000017093749999 0.237131221875 0.8984530968750001 0.27352360625
136 0.953686928125 0.2795244765625 0.9593651718749999 0.2493265421875 0.9552355406249999 0.23480830312499998 0.9603975796875 0.21003051093749997 0.935361684375 0.209062628125 0.9330387671875 0.23480830312499998 0.935361684375 0.277975865625 0.953686928125 0.2795244765625
51 0.3938636671875 0 0.3874111171875 0.06659031875 0.45296902812499995 0.07375265 0.4591634765625 0 0.3938636671875 0
51 0.4573567625 0.0005807296875000001 0.4596796796875 0.00077430625 0.45477574218749994 0.0739462265625 0.518785040625 0.0818828625 0.5200755515625 0 0.4573567625 0.0005807296875000001
51 0.52239846875 0 0.518010734375 0.0836250515625 0.5784066046875 0.08923877031250001 0.5840848484375 0 0.52239846875 0
51 0.5907955015625 0 0.5843429515625 0.0896259234375 0.6431902093749999 0.096594678125 0.6493846578125 0 0.5907955015625 0
51 0.6542885953125 0.000387153125 0.6434483109375 0.09717540625 0.6958430203125 0.1037570078125 0.7082319171875 0.0017421890624999999 0.6542885953125 0.000387153125
51 0.71339395625 0.0011614593750000001 0.6999726515625 0.10569277343750001 0.7557226859374999 0.112274375 0.76475625625 0.000387153125 0.71339395625 0.0011614593750000001
51 0.7714669093750001 0 0.7575294 0.111112915625 0.8078592921875 0.1173073640625 0.8225711062500001 0.0054201421875 0.7714669093750001 0
51 0.8264426359374999 0.0067751781250000006 0.8083754953125 0.11711378750000001 0.8571567765625 0.1229210828125 0.8747077125 0.015098967187500001 0.8264426359374999 0.0067751781250000006