330 0.671875 0.44609375 0.0859375 0.1
393 0.1046875 0.621875 0.021875 0.20703125
393 0.16171875 0.609375 0.07265625 0.1859375
393 0.28828125 0.42734375 0.0328125 0.103125
393 0.3296875 0.40859375 0.04921875 0.1265625
393 0.28359375 0.5390625 0.03984375 0.11796875
393 0.3296875 0.53359375 0.04609375 0.09296875
393 0.7890625 0.228125 0.10234375 0.07890625
393 0.8109375 0.31484375 0.0625 0.071875
363 0.4640625 0.36796875 0.0734375 0.0859375
363 0.45859375 0.484375 0.0671875 0.1
363 0.603125 0.61640625 0.04921875 0.12109375
420 0.5359375 0.621875 0.06015625 0.13203125
393 0.390625 0.509375 0.05546875 0.05390625
393 0.38125 0.56875 0.053125 0.071875
393 0.37890625 0.64375 0.053125 0.0265625
393 0.7953125 0.89375 0.04140625 0.16640625
393 0.88984375 0.8875 0.0375 0.1265625
312 0.3671875 0.8 0.03046875 0.06796875
330 0.5421875 0.7359375 0.05078125 0.0265625
330 0.5421875 0.784375 0.05703125 0.040625
330 0.5375 0.84921875 0.04296875 0.0234375
330 0.5390625 0.9125 0.03671875 0.0390625
296 0.671875 0.8375 0.0546875 0.16640625
385 0.8390625 0.74296875 0.02734375 0.059375
294 0.85546875 0.61171875 0.03828125 0.0625
294 0.9140625 0.62265625 0.0296875 0.04140625
438 0.5234375 0.346875 0.0328125 0.07890625
438 0.5265625 0.4765625 0.01640625 0.071875