974 0.33671875 0.0515625 0.43203125 0.10234375
974 0.778125 0.053125 0.44375 0.1046875
497 0.73515625 0.278125 0.259375 0.0515625
497 0.76796875 0.3359375 0.28828125 0.05546875
497 0.48515625 0.2765625 0.21875 0.0609375
497 0.49609375 0.36875 0.24453125 0.04921875
497 0.1734375 0.3390625 0.2375 0.0828125
497 0.2125 0.6796875 0.16953125 0.071875
497 0.4875 0.7421875 0.14296875 0.04609375
497 0.63359375 0.740625 0.14140625 0.0484375
497 0.50703125 0.64375 0.12109375 0.05234375
497 0.38515625 0.6578125 0.11640625 0.05625
497 0.475 0.596875 0.11953125 0.0359375
497 0.34453125 0.74375 0.140625 0.05390625
974 0.9 0.93984375 0.196875 0.1203125
974 0.72109375 0.97265625 0.1625 0.0546875
300 0.4515625 0.9546875 0.13203125 0.04375
300 0.36171875 0.890625 0.084375 0.05703125
477 0.92109375 0.715625 0.15703125 0.11171875
477 0.8875 0.6109375 0.225 0.0953125
477 0.85390625 0.54296875 0.19296875 0.03515625
477 0.8609375 0.4953125 0.209375 0.0625