107 0.10859375 0.2359375 0.20625 0.121875
107 0.10859375 0.3484375 0.21640625 0.09609375
107 0.121875 0.4453125 0.2125 0.08671875
107 0.13359375 0.5375 0.20625 0.0890625
107 0.33046875 0.24296875 0.2125 0.103125
107 0.32421875 0.34375 0.209375 0.09375
107 0.334375 0.4421875 0.20234375 0.0875
107 0.34296875 0.53125 0.209375 0.08984375
107 0.54296875 0.23671875 0.21171875 0.1015625
107 0.53984375 0.33828125 0.21015625 0.096875
107 0.54140625 0.4390625 0.2 0.09609375
107 0.5484375 0.53828125 0.19375 0.09765625
107 0.74296875 0.2859375 0.17890625 0.0875
107 0.740625 0.37109375 0.190625 0.07578125
107 0.73984375 0.453125 0.184375 0.09765625
107 0.740625 0.54609375 0.17109375 0.0765625
107 0.91796875 0.353125 0.16328125 0.09765625
107 0.91953125 0.44921875 0.16015625 0.08671875
107 0.91328125 0.5390625 0.16796875 0.0953125
107 0.10859375 0.04296875 0.20078125 0.0859375
107 0.3203125 0.04296875 0.203125 0.0859375
107 0.89765625 0.0296875 0.15625 0.059375