810 0.5785976421875 0.2793675453125 0.5747247640625 0.41468999687499997 0.7485602515625 0.41842856875 0.7590093640625 0.29825964374999997 0.5785976421875 0.2793675453125
810 0.9979144671875 0.36154861875 0.9774910890624999 0.3580770640625 0.974166453125 0.3345773734375 0.935219653125 0.3340432765625 0.9385443609375 0.3591452359375 0.8422443609375 0.37623099375 0.8426024 0.5044161296875 0.925245459375 0.5110921828125 0.9922148859375 0.50495020625 0.9979144671875 0.36154861875
570 0.371916740625 0.353003259375 0.3652673265625 0.30520274375 0.1843151625 0.299408259375 0.1667339171875 0.3166855421875 0.180982725 0.373031415625 0.34246921874999997 0.37810521874999997 0.371916740625 0.353003259375
570 0.16056320625 0.3682147078125 0.171483521875 0.41762745468749995 0.330120259375 0.42857621718749994 0.3367696734375 0.37944042968749997 0.16056320625 0.3682147078125
570 0.4830574875 0.44086010781249996 0.5224791328125 0.43231476874999997 0.5372029296874999 0.37089509062500003 0.36839282500000003 0.3595304 0.3400944171875 0.38745169218750003 0.350543528125 0.42563871718749996 0.40468904375000003 0.4381896875 0.4830574875 0.44086010781249996
570 0.5163047078125 0.43769746875 0.341078075 0.432344990625 0.35481821406249997 0.47241293906250004 0.43223668125000003 0.48656615781249996 0.5158297171874999 0.483094621875 0.5163047078125 0.43769746875
80 0.21755465156249998 0.5467343421875 0.24415242187500003 0.6343241921875 0.4056389484375 0.64901150625 0.4018392515625 0.5526092796875 0.21755465156249998 0.5467343421875
80 0.607099990625 0.5652817234375 0.606547159375 0.67010779375 0.6958396328124999 0.659693190625 0.718637740625 0.56916588125 0.607099990625 0.5652817234375
80 0.4657758484375 0.5572654375 0.45693467343750005 0.6201709140625 0.5975228703125001 0.628716271875 0.60369736875 0.5595523703125 0.4657758484375 0.5572654375
844 0.37286664687500004 0.8301497 0.391390140625 0.8186669234374999 0.3880654328125 0.76499145 0.3747665328125 0.737753165625 0.305450140625 0.7362958109375 0.289273646875 0.7607187796875 0.300197746875 0.819735075 0.332495059375 0.8373598687499999 0.37286664687500004 0.8301497
844 0.4650089828125 0.8357576 0.48733210156249995 0.8216043609374999 0.48685711249999997 0.76499145 0.4697585859375 0.7420258343749999 0.4087711515625 0.74297605 0.3966146609375 0.7612528968750001 0.39708964999999996 0.824541840625 0.43176176406250005 0.8392291546875 0.4650089828125 0.8357576
844 0.534828128125 0.8440359203125001 0.563800734375 0.838695078125 0.58137425 0.8298826828125 0.588973571875 0.7847525671875 0.5832740624999999 0.7487018875 0.511080115625 0.7465655828125 0.510130209375 0.74709961875 0.4920817046875 0.7743379218750001 0.49160671562499997 0.8296156234375 0.5039557109375 0.839496171875 0.534828128125 0.8440359203125001
844 0.6431190859375 0.8520471828125 0.6782661171875 0.8402973062499999 0.6891902171875001 0.807184084375 0.6901401234375 0.78662189375 0.6801660015625 0.7540427281250001 0.6112967625 0.7516393453125 0.5918233625 0.782349184375 0.5837490515625 0.8370928093750001 0.610821771875 0.854717603125 0.6431190859375 0.8520471828125
844 0.7599592687500001 0.854984621875 0.7846572609375 0.8435018031249999 0.7946313828125 0.7978376125 0.7903567703125 0.7607187796875 0.71398379375 0.758340596875 0.694414809375 0.7876900250000001 0.683965625 0.8400302890625 0.715788021875 0.8568539078124999 0.7599592687500001 0.854984621875
844 0.8445022124999999 0.867001515625 0.8668253296874999 0.82320663125 0.89912264375 0.7879571046875 0.8943730406249999 0.7657925624999999 0.8327435781249999 0.7616807156250001 0.799855975 0.793297946875 0.7870320625 0.8520471828125 0.8240789062499999 0.867001515625 0.8445022124999999 0.867001515625
844 0.9309449671875001 0.9121316500000001 0.9584926781249999 0.864598153125 0.9713166640625 0.816797596875 0.9603925625 0.774605 0.918250621875 0.7757092140624999 0.85637621875 0.8424336515625 0.8354779953125 0.889166015625 0.8820241171875001 0.9148020718750001 0.9309449671875001 0.9121316500000001
844 0.7523599484375 0.716122740625 0.8126798890625 0.7105148609375 0.8274036859375 0.69662868125 0.8430773171875 0.6328056109375 0.828828509375 0.5721870671875 0.7357363390625 0.5692495984375 0.7347864328125 0.5748574875 0.7067637328124999 0.6135785890625 0.69346483125 0.6800720609375001 0.6967896109375 0.7057080953125 0.7523599484375 0.716122740625
844 0.925245459375 0.7254692140625 0.9679918828125 0.7305430578125 0.989840084375 0.729207846875 0.9945896875000001 0.5785960718750001 0.9789160562499999 0.5785960718750001 0.9770160984375 0.5804653875 0.9214457625 0.6247943484375 0.8881985421874999 0.68861741875 0.8967478421875 0.707844440625 0.925245459375 0.7254692140625
147 0.7116085984375 0.0088179140625 0.6744664203124999 0.16502154062500002 0.9599175734375001 0.16261817812499998 0.996014509375 0.0042622171875 0.7116085984375 0.0088179140625