107 0.65703125 0.90703125 0.22265625 0.17734375
107 0.65 0.7140625 0.21640625 0.1875
107 0.6390625 0.5734375 0.2015625 0.0734375
107 0.6375 0.5 0.203125 0.06875
107 0.634375 0.428125 0.19375 0.0671875
107 0.6390625 0.35703125 0.1921875 0.06328125
107 0.4640625 0.76875 0.12421875 0.10390625
107 0.45625 0.65390625 0.1484375 0.09921875
107 0.45703125 0.5515625 0.15234375 0.0921875
107 0.47421875 0.471875 0.1078125 0.06015625
107 0.86875 0.7421875 0.215625 0.10859375
107 0.87890625 0.84921875 0.2140625 0.09921875
107 0.88515625 0.946875 0.22578125 0.09765625
107 0.9234375 0.53828125 0.153125 0.228125
107 0.78203125 0.553125 0.08515625 0.065625
107 0.2296875 0.91796875 0.21953125 0.08671875
107 0.234375 0.83203125 0.20703125 0.09765625
107 0.23671875 0.7421875 0.19921875 0.08671875
107 0.2390625 0.65390625 0.20703125 0.08515625
107 0.23359375 0.56875 0.1984375 0.08046875
107 0.2328125 0.4859375 0.1953125 0.078125
107 0.2375 0.39921875 0.19453125 0.06796875