693 0.19453125 0.1578125 0.059375 0.08125
599 0.24921875 0.1484375 0.04453125 0.096875
599 0.2953125 0.15 0.04296875 0.09453125
599 0.340625 0.15625 0.04453125 0.090625
729 0.42421875 0.171875 0.06015625 0.06328125
229 0.67265625 0.175 0.04453125 0.0828125
229 0.725 0.16953125 0.04296875 0.0828125
754 0.82890625 0.184375 0.03828125 0.06484375
754 0.82109375 0.309375 0.0375 0.065625
777 0.74453125 0.3046875 0.04140625 0.06953125
777 0.70859375 0.3140625 0.02734375 0.06875
777 0.784375 0.3078125 0.034375 0.06328125
730 0.05546875 0.3046875 0.03828125 0.03984375
634 0.61328125 0.4265625 0.04375 0.084375
634 0.57265625 0.4328125 0.034375 0.06796875
634 0.53515625 0.43359375 0.03671875 0.06796875
634 0.45703125 0.434375 0.02890625 0.06171875
634 0.41953125 0.43125 0.03828125 0.06875
20 0.30234375 0.28125 0.04921875 0.09375
20 0.3953125 0.296875 0.0375 0.06796875
754 0.63984375 0.6859375 0.0375 0.08984375
754 0.59765625 0.6859375 0.0375 0.090625
754 0.55625 0.68359375 0.034375 0.0875
754 0.42265625 0.6953125 0.034375 0.07265625
230 0.2125 0.5578125 0.04765625 0.084375
791 0.07265625 0.69765625 0.01875 0.0546875
20 0.88046875 0.7171875 0.05625 0.05
20 0.87890625 0.675 0.05546875 0.034375
20 0.878125 0.63671875 0.06015625 0.040625
20 0.871875 0.59375 0.05859375 0.0421875
20 0.9075016687499999 0.74468718125 0.8535722031249999 0.743895078125 0.8652257671875001 0.789320671875 0.910047034375 0.7889841921875 0.9075016687499999 0.74468718125
20 0.9091506218750001 0.7887894125 0.8631129984375001 0.7890758515625 0.90511670625 0.8416176906249999 0.93066484375 0.83320555 0.9091506218750001 0.7887894125
937 0.678125 0.7015625 0.034375 0.0625
656 0.72265625 0.69921875 0.04296875 0.06875
656 0.765625 0.6984375 0.03359375 0.06640625
20 0.7265625 0.56875 0.02578125 0.06796875
20 0.75390625 0.58125 0.021875 0.04609375
232 0.2484375 0.29375 0.03828125 0.06640625
232 0.19140625 0.29375 0.0375 0.06484375
232 0.34765625 0.2984375 0.034375 0.0640625
937 0.46953125 0.3 0.03203125 0.0671875
693 0.51796875 0.0484375 0.109375 0.09609375