243 0.21484375 0.3625 0.346875 0.175
243 0.56484375 0.371875 0.359375 0.17734375
243 0.22890625 0.5296875 0.34140625 0.16171875
243 0.23125 0.6640625 0.33203125 0.1453125
243 0.55234375 0.53203125 0.31484375 0.16015625
243 0.56484375 0.671875 0.31171875 0.11015625
243 0.93828125 0.2328125 0.12265625 0.08515625
243 0.82109375 0.5375 0.203125 0.12734375
243 0.81953125 0.66171875 0.171875 0.11875
243 0.93828125 0.3203125 0.12265625 0.1015625
243 0.82578125 0.4234375 0.11796875 0.0890625
243 0.9671875 0.5625 0.065625 0.0984375
243 0.953125 0.6703125 0.09375 0.10390625