599 0.50703125 0.62109375 0.09765625 0.25078125
599 0.41484375 0.61328125 0.0796875 0.2453125
599 0.32890625 0.6140625 0.08515625 0.25
599 0.2484375 0.64453125 0.06484375 0.15
599 0.1796875 0.64375 0.06328125 0.15546875
599 0.61015625 0.6234375 0.10078125 0.253125
599 0.7140625 0.6328125 0.10859375 0.26171875
599 0.828125 0.63046875 0.1171875 0.2625
497 0.92109375 0.6765625 0.065625 0.1828125
807 0.2953125 0.3234375 0.059375 0.253125
807 0.22890625 0.321875 0.06015625 0.2578125
807 0.14453125 0.31328125 0.06328125 0.25546875
807 0.07578125 0.3125 0.06171875 0.25546875
807 0.44609375 0.33125 0.05234375 0.25703125