477 0.0625 0.515625 0.125 0.06875
477 0.12734375 0.42890625 0.13828125 0.08984375
477 0.028125 0.66875 0.05625 0.125
477 0.7 0.80234375 0.3609375 0.1828125
477 0.665625 0.6453125 0.3 0.14609375
477 0.6375 0.50859375 0.26484375 0.11875
477 0.61875 0.425 0.22421875 0.04140625
477 0.60078125 0.3828125 0.19375 0.0390625
477 0.3001911328125 0.703280559375 0.12871136875 0.73909366875 0.0958389484375 0.8832211093750001 0.3160163640625 0.85514853125 0.3001911328125 0.703280559375
477 0.5069514703125 0.70880303125 0.3336515453125 0.7197769703125 0.3431945234375 0.8638924578125 0.5165842734375 0.8491658609374999 0.5069514703125 0.70880303125
477 0.259897165625 1 0.2881073765625 0.8610398703125 0.09309204374999999 0.8853486687500001 0.045224165625 1 0.259897165625 1
477 0.1291668015625 0.7499415234375 0.0012045078125 0.752201428125 0.0008446546875000001 0.9096329937500001 0.0816910453125 0.9105534125 0.1291668015625 0.7499415234375
477 0.20210059375 0.6614598796875 0.0703782703125 0.6687256953125 0.024926554687499998 0.749819425 0.1831790859375 0.7300305765624999 0.20210059375 0.6614598796875
477 0.5040510078125 0.582304446875 0.3599788734375 0.58456008125 0.3162121453125 0.703338615625 0.4885697828125 0.7088610859375 0.5040510078125 0.582304446875
477 0.43125 0.5453125 0.12578125 0.07578125
477 0.434375 0.48203125 0.12265625 0.04609375
477 0.290625 0.553125 0.13125 0.1109375