907 0.42109375 0.23203125 0.13203125 0.1640625
907 0.296875 0.253125 0.1453125 0.171875
907 0.18125 0.253125 0.13984375 0.15
907 0.5546875 0.23828125 0.140625 0.1703125
907 0.665625 0.20859375 0.0984375 0.17421875
907 0.846875 0.203125 0.2109375 0.1546875
10 0.09453125 0.50078125 0.10703125 0.12421875
724 0.30625 0.5125 0.13828125 0.1015625
854 0.53125 0.49921875 0.11015625 0.12109375
854 0.63984375 0.5 0.11171875 0.10390625
854 0.746875 0.484375 0.084375 0.11328125
854 0.85 0.46484375 0.071875 0.1140625
139 0.39453125 0.46953125 0.090625 0.0921875
907 0.04453125 0.27421875 0.08828125 0.13046875
907 0.184375 0.475 0.0671875 0.065625