20 0.0402508328125 0.03853484375 0.0331006171875 0.009663084375 0.0052009609375000005 0.0102394515625 0.08055179999999999 0.3977874640625 0.25800616718749997 0.3820724359375 0.198854678125 0.042189500000000005 0.0402508328125 0.03853484375
20 0.209989975 0.042237734375 0.2606061921875 0.3681847625 0.3451082640625 0.350276946875 0.324957728125 0.0443823015625 0.209989975 0.042237734375
20 0.451060878125 0.00308469375 0.46341114218749996 0.044016828125000004 0.40502713281249997 0.0413234984375 0.401659628125 0.368550221875 0.5706637703124999 0.36526108281249997 0.58431414375 0 0.451060878125 0.00308469375
20 0.5870618109375 0.002011321875 0.5752138625 0.3608754515625 0.694166796875 0.3542971171875 0.72536758125 0.0027192265625 0.5870618109375 0.002011321875
20 0.82677000625 0.3542971171875 0.8982717593749999 0.0071048078125 0.7365663109375 0.0050147578125 0.704567090625 0.35283519375 0.82677000625 0.3542971171875
20 0.9925240687500001 0.0060084281250000005 0.91452215625 0.0016228328125 0.9104984281249999 0.00566826875 0.83782035625 0.3407748484375 0.9684735984374999 0.3385820328125 0.995124290625 0.13465227500000002 0.9925240687500001 0.0060084281250000005
652 0.41803920625 0.8128745578125001 0.32786609843750003 0.823660525 0.2851735328125 0.8613024015624999 0.31037219375 0.99267580625 0.4414052671875 0.9836599859374999 0.41803920625 0.8128745578125001
652 0.4481524125 0.799818059375 0.44919393124999996 0.9715529953125 0.55365385625 0.9504302234375 0.5554864578125 0.779129634375 0.4481524125 0.799818059375
652 0.5810401484375001 0.77339803125 0.563275190625 0.9434751703125 0.683770628125 0.9251859375 0.6933919640624999 0.758264453125 0.5810401484375001 0.77339803125
644 0.7150734671875 0.7534219109375 0.690642990625 0.9208068125000001 0.791437640625 0.894274553125 0.8083893828125 0.7389448375 0.7150734671875 0.7534219109375
644 0.8441257515625 0.72941384375 0.79968441875 0.8916986046875 0.890857734375 0.8826827843749999 0.922928759375 0.7139581328125 0.8441257515625 0.72941384375
652 0.1537373421875 0.8468586 0.18804415624999998 1 0.27280329375 0.9919030140625 0.23111100156250003 0.837861271875 0.1537373421875 0.8468586