632 0.2828125 0.44375 0.084375 0.203125
632 0.371875 0.44375 0.090625 0.19765625
632 0.4453125 0.4578125 0.05390625 0.1625
632 0.50625 0.47421875 0.06171875 0.13515625
632 0.575 0.459375 0.06953125 0.15546875
632 0.63671875 0.47890625 0.04921875 0.1375
632 0.68984375 0.475 0.053125 0.128125
599 0.1140625 0.46171875 0.07265625 0.17578125
599 0.04296875 0.48125 0.06796875 0.1390625
599 0.175 0.48203125 0.04296875 0.1375
599 0.21875 0.496875 0.04453125 0.10625
599 0.81953125 0.4609375 0.07578125 0.16875
904 0.3421875 0.81796875 0.05859375 0.15546875
904 0.28046875 0.81875 0.06484375 0.1453125
599 0.22265625 0.8078125 0.04921875 0.15078125
194 0.7265625 0.8203125 0.078125 0.1375