632 0.196875 0.62109375 0.03046875 0.10390625
632 0.22578125 0.62265625 0.02265625 0.11484375
632 0.2640625 0.6265625 0.02109375 0.09765625
632 0.29140625 0.63046875 0.0265625 0.0984375
632 0.31875 0.62890625 0.03359375 0.10234375
632 0.34140625 0.63125 0.01640625 0.11171875
632 0.36875 0.63984375 0.0171875 0.1
37 0.01953125 0.48046875 0.02265625 0.12265625
37 0.04921875 0.48671875 0.02890625 0.1265625
37 0.0765625 0.48984375 0.01796875 0.11640625
37 0.096875 0.4828125 0.0203125 0.11484375
37 0.1234375 0.484375 0.0203125 0.1140625
37 0.15 0.484375 0.0296875 0.121875
37 0.221875 0.484375 0.02734375 0.1140625
138 0.5421875 0.15859375 0.04375 0.1203125
138 0.5890625 0.1546875 0.04609375 0.1171875
138 0.63828125 0.153125 0.05078125 0.1265625
138 0.690625 0.1515625 0.05546875 0.10703125
693 0.62578125 0.6046875 0.0546875 0.07109375
693 0.6890625 0.62734375 0.05859375 0.09140625
693 0.74609375 0.61640625 0.04765625 0.08671875
693 0.79375 0.6203125 0.0421875 0.0765625
693 0.853125 0.62734375 0.05 0.065625
693 0.921875 0.621875 0.0609375 0.06015625
693 0.7703125 0.33203125 0.05859375 0.06640625
693 0.7703125 0.265625 0.0640625 0.0515625
693 0.840625 0.2703125 0.06484375 0.04765625
693 0.84453125 0.334375 0.0703125 0.0546875
693 0.91875 0.26796875 0.07109375 0.0515625
693 0.9171875 0.33515625 0.0671875 0.05703125
971 0.0125 0.1453125 0.0171875 0.11015625
971 0.03203125 0.13671875 0.0203125 0.11015625
971 0.0625 0.14140625 0.02421875 0.103125
971 0.165625 0.62734375 0.0234375 0.08671875
971 0.1296875 0.62890625 0.0203125 0.078125
971 0.2828125 0.52109375 0.0359375 0.078125
971 0.0921875 0.07890625 0.00625 0.015625
904 0.4046875 0.3015625 0.02421875 0.12421875
904 0.2765625 0.2984375 0.02890625 0.1015625
904 0.30234375 0.3015625 0.0234375 0.11796875
904 0.328125 0.303125 0.03046875 0.1171875
904 0.3546875 0.30078125 0.02421875 0.12109375
904 0.3796875 0.30078125 0.0265625 0.1203125
904 0.4390625 0.2921875 0.02578125 0.1203125
904 0.3140625 0.51796875 0.0234375 0.05390625
904 0.353125 0.51953125 0.0359375 0.0640625
904 0.38671875 0.515625 0.0265625 0.06484375
904 0.37265625 0.43203125 0.03671875 0.053125
904 0.30625 0.434375 0.0328125 0.05234375
904 0.3390625 0.4375 0.0265625 0.04921875
904 0.40546875 0.43515625 0.025 0.046875
904 0.2421875 0.30078125 0.0421875 0.1046875
904 0.20234375 0.303125 0.04140625 0.09296875
904 0.1671875 0.13046875 0.03203125 0.10859375
710 0.19765625 0.1390625 0.02109375 0.096875
904 0.24375 0.12421875 0.02421875 0.1265625
904 0.26875 0.1234375 0.0265625 0.13046875
904 0.29375 0.121875 0.0234375 0.1328125
904 0.32109375 0.11953125 0.0234375 0.1265625
233 0.38203125 0.1296875 0.021875 0.11796875
233 0.40859375 0.121875 0.0296875 0.11796875
632 0.246875 0.75703125 0.0203125 0.06953125
632 0.27109375 0.76171875 0.02421875 0.06796875
632 0.2265625 0.76171875 0.03203125 0.06484375
632 0.1953125 0.75390625 0.0203125 0.06171875
632 0.32109375 0.77578125 0.0203125 0.04140625
632 0.34453125 0.778125 0.01484375 0.0421875
632 0.365625 0.78203125 0.025 0.040625
728 0.69296875 0.78828125 0.0515625 0.10078125
728 0.640625 0.7828125 0.05234375 0.1
728 0.7609375 0.79140625 0.059375 0.09921875
728 0.8296875 0.77890625 0.07734375 0.12578125
728 0.9046875 0.8046875 0.06640625 0.09453125
728 0.58671875 0.7765625 0.0546875 0.0859375
728 0.54375 0.765625 0.0421875 0.0890625
693 0.5625 0.50703125 0.05 0.078125
693 0.50859375 0.51328125 0.046875 0.075
693 0.540625 0.625 0.03671875 0.08671875
693 0.60703125 0.50078125 0.04609375 0.0859375
693 0.78359375 0.50859375 0.0578125 0.05703125
693 0.9234375 0.490625 0.06640625 0.06171875
693 0.95859375 0.13046875 0.06015625 0.11640625
693 0.90703125 0.1359375 0.0453125 0.11328125
693 0.8625 0.1359375 0.04375 0.11171875
693 0.78125 0.1453125 0.05078125 0.115625
693 0.73359375 0.146875 0.03984375 0.10390625