497 0.1140625 0.57734375 0.17421875 0.25546875
497 0.28515625 0.58203125 0.159375 0.25234375
497 0.4015625 0.59296875 0.065625 0.2109375
497 0.478125 0.59765625 0.07734375 0.21875
497 0.5609375 0.5796875 0.08046875 0.22890625
497 0.66328125 0.575 0.08671875 0.259375
497 0.75859375 0.5765625 0.0953125 0.2625
497 0.85546875 0.5890625 0.08671875 0.26640625
497 0.93984375 0.6265625 0.0765625 0.21875
807 0.5109375 0.340625 0.0484375 0.2421875
807 0.5828125 0.34140625 0.05546875 0.240625
807 0.43671875 0.33203125 0.0484375 0.2375
807 0.78515625 0.3375 0.05703125 0.21640625
807 0.86640625 0.34765625 0.0640625 0.2140625
807 0.9265625 0.36171875 0.053125 0.23515625
807 0.98203125 0.36953125 0.03515625 0.23046875
163 0.34140625 0.4078125 0.075 0.09296875