567 0.58515625 0.7890625 0.11171875 0.29765625
567 0.68671875 0.784375 0.08984375 0.28359375
567 0.8203125 0.846875 0.07421875 0.2125
567 0.89921875 0.8484375 0.084375 0.2125
754 0.90546875 0.41875 0.11640625 0.28125
754 0.7765625 0.4125 0.13828125 0.2703125
212 0.67265625 0.44375 0.07421875 0.2171875
212 0.58359375 0.440625 0.09765625 0.21640625
212 0.46640625 0.415625 0.13515625 0.271875
212 0.3046875 0.3734375 0.190625 0.35859375
212 0.13203125 0.38671875 0.15234375 0.3328125
212 0.02890625 0.40078125 0.05625 0.3109375