497 0.36261484843749997 0.3384940171875 0.2559659328125 0.07008090624999999 0.011851784375 0.098333334375 0.004155890625 0.10342415 0 0.373504396875 0.36261484843749997 0.3384940171875
497 0.62627481875 0.305150775 0.5788753265625 0.116761496875 0.46926398750000003 0.0667466328125 0.2637036359375 0.06916666875000001 0.2618910109375 0.0684137375 0.3537275703125 0.33182534375 0.62627481875 0.305150775
762 0.51962590625 0.025067515624999998 0.51962590625 0.07674954843750001 0.5266665984375 0.07958333437500001 0.632199896875 0.3101522484375 0.99362150625 0.27180753125 0.99658370625 0.01339736875 0.51962590625 0.025067515624999998
497 0.0930300234375 0.7119382984375 0.324102859375 0.67859505625 0.25004108125 0.5102117046875 0.013043393750000002 0.5402206109375001 0.0048487718749999995 0.5801875375 0.0930300234375 0.7119382984375
497 0.51962590625 0.6485861500000001 0.4988886984375 0.49187294687499994 0.2566997390625 0.5099360296875 0.31521535625 0.6819293921875 0.51962590625 0.6485861500000001
497 0.48703876875 0.48186993593749994 0.49703696875 0.4900000015625 0.5107384015624999 0.6452518125 0.72699888125 0.61691010625 0.703299021875 0.4651983140625 0.48703876875 0.48186993593749994
497 0.8810475140625 0.5985712859375 0.9491844390624999 0.4235192609375 0.7118517843750001 0.4587500015625 0.706261675 0.460196840625 0.7181113781249999 0.62191158125 0.8810475140625 0.5985712859375
497 0.220416371875 0.8069665531249999 0.0044443765625 0.8337500015625 0.024893325 0.9570111453125 0.2648534359375 0.9186664921875 0.220416371875 0.8069665531249999
497 0.19967893750000001 0.8002978781250001 0.2155554875 0.8025000015625 0.2648534359375 0.9203336296875 0.51962590625 0.8769874390625001 0.4751888390625 0.7719561734375 0.19967893750000001 0.8002978781250001
497 0.49000119375000006 0.7686219000000001 0.47851845156249995 0.76916666875 0.51962590625 0.8803217125 0.72699888125 0.8369755218750001 0.6766369640625001 0.7419472671875 0.49000119375000006 0.7686219000000001
497 0.6914493187499999 0.7402800671875001 0.6859258578125 0.742083334375 0.706261675 0.8419769328125 0.8454979515625001 0.8186367640625001 0.8277229437500001 0.7136054984375 0.6914493187499999 0.7402800671875001
497 0.8454979515625001 0.7186071 0.8414814140625 0.710833334375 0.8366104468750001 0.8169695000000001 0.958071490625 0.8036322796875 0.9610341421875 0.688598065625 0.8454979515625001 0.7186071