107 0.453125 0.39921875 0.26015625 0.1296875
107 0.203125 0.40546875 0.24296875 0.13203125
107 0.45625 0.26640625 0.2625 0.1171875
107 0.721875 0.26875 0.2671875 0.12109375
107 0.71796875 0.3953125 0.26328125 0.13046875
107 0.7171875 0.5375 0.2734375 0.13046875
107 0.70703125 0.65390625 0.2421875 0.09140625
107 0.4578125 0.52734375 0.25859375 0.1140625
107 0.45546875 0.6421875 0.2515625 0.1109375
107 0.2046875 0.528125 0.25 0.1234375
107 0.21328125 0.2875 0.225 0.1
107 0.23203125 0.63671875 0.23203125 0.0890625
107 0.92890625 0.2875 0.14140625 0.1375
107 0.92578125 0.42578125 0.1484375 0.1234375
107 0.9265625 0.5484375 0.14296875 0.1234375
107 0.83203125 0.94765625 0.2890625 0.1046875
107 0.80390625 0.86171875 0.22421875 0.06953125