20 0.1883030671875 0.78872803125 0.16718887031250002 0.7424926046875 0.026674946875 0.76914574375 0.035503075 0.8109085296874999 0.0643961484375 0.8615175562499999 0.207750340625 0.8365254406249999 0.1883030671875 0.78872803125
20 0.3327685171875 0.7639993421875 0.32721215312499996 0.724324365625 0.18783624062499998 0.7488269171875 0.198860125 0.7843054375 0.2088615953125 0.829603696875 0.34777068125 0.8102347671875 0.3327685171875 0.7639993421875
20 0.4933473859375 0.741194025 0.4600092046875 0.696833028125 0.333714996875 0.7160041968749999 0.3583277375 0.7615001203125 0.3627728453125 0.8064859359375 0.490569203125 0.7846178328125 0.4933473859375 0.741194025
20 0.6333678109374999 0.7193259234375 0.598918290625 0.67996334375 0.47820443125 0.69724835625 0.5000150046875 0.7330715921875 0.5066827078125 0.77930701875 0.6300339593750001 0.76056293125 0.6333678109374999 0.7193259234375
20 0.7433837375000001 0.7090166890625 0.7033780234375 0.668092115625 0.6183655609375001 0.6777765312499999 0.612968615625 0.6823999828125 0.6433691968749999 0.722137540625 0.63447898125 0.7621249375 0.731715340625 0.741506446875 0.7433837375000001 0.7090166890625
20 0.8372862453125001 0.6905849984375 0.788390315625 0.65403405 0.7185570484375 0.6683331031249999 0.752273953125 0.7077670781250001 0.7400498859375 0.741194025 0.83339689375 0.7258863734375 0.8372862453125001 0.6905849984375
20 0.9556368875000001 0.717188090625 0.9267437296875001 0.6722022765625 0.8435959828125 0.6777110234375 0.8722914359375 0.7181253171875001 0.8650680640624999 0.7549886625 0.9545255484374999 0.7499902453125 0.9556368875000001 0.717188090625
20 0.06279730624999999 0.8691768906249999 0.08495467500000001 0.9156119875 0.23053137812500002 0.8893702593749999 0.20497215937500002 0.839698434375 0.06279730624999999 0.8691768906249999
20 0.21562267031250001 0.83948014375 0.23942159375 0.8862462453125 0.3755524984375 0.86094173125 0.3522157890625 0.8150187390625 0.21562267031250001 0.83948014375
20 0.369996134375 0.8118947249999999 0.37777500937499997 0.856255709375 0.49612556718749995 0.8343876078125 0.49168045937500005 0.790026621875 0.369996134375 0.8118947249999999
20 0.5059908609375 0.7863385968750001 0.5122390718750001 0.830326390625 0.6294782890625 0.8090830828125 0.6289226171875 0.76815851875 0.5059908609375 0.7863385968750001
20 0.6407550453125 0.764456784375 0.6361459921875 0.812207096875 0.733938021875 0.7894017921875001 0.7300485 0.748164796875 0.6407550453125 0.764456784375
20 0.7435648359375 0.74570094375 0.7383830453125 0.7878397859375 0.835063734375 0.7697205265625 0.8361750750000001 0.7272339156250001 0.7435648359375 0.74570094375
656 0.140518309375 0.526427325 0.0405681625 0.539386703125 0.0893997828125 0.6695071796875001 0.178301596875 0.6576359625 0.140518309375 0.526427325
656 0.018833984375 0.5448590171875 0.0030564828124999997 0.54563865 0.0038318203125 0.6838776656250001 0.075508875 0.6666955859375 0.018833984375 0.5448590171875
693 0.4823723953125 0.4987490484375 0.48223465781249997 0.555480671875 0.587249978125 0.5495450390625 0.5861386359375 0.48675235 0.4823723953125 0.4987490484375
693 0.47681510937500005 0.5597055296875 0.48723543593749996 0.6148369484375 0.574470325 0.6064020953125 0.57335906875 0.5539186640625 0.47681510937500005 0.5597055296875
693 0.703933525 0.47488108437500004 0.6567044359375 0.44114172968750004 0.5657316859375 0.4518594484375 0.58502738125 0.48081671718749996 0.590028159375 0.5373613765624999 0.6961546484375 0.5239281046875 0.703933525 0.47488108437500004
693 0.5879608281250001 0.54563865 0.592250671875 0.6045277390625 0.7050448640625 0.585158809375 0.703933525 0.52923894375 0.5879608281250001 0.54563865
693 0.8639568921875 0.435830903125 0.7983917015625 0.3961559375 0.672709440625 0.4096588078125 0.71949144375 0.4486393578125 0.715601921875 0.5117444671875 0.8461764609375001 0.49706158437500003 0.8639568921875 0.435830903125
693 0.7213356921875 0.519067875 0.7178244328125001 0.5823471921875 0.83895325625 0.5723503546875001 0.8456207906250001 0.5033096125000001 0.7213356921875 0.519067875
693 0.992864421875 0.41240079218750003 0.9367452859375 0.37522501406250003 0.815809553125 0.39481043437499996 0.8667350734375001 0.426458859375 0.8561780171875 0.49018876093749997 0.9756398296875 0.47862989218749996 0.992864421875 0.41240079218750003
693 0.8656237328125 0.502060003125 0.8550666765624999 0.5679767296875 0.9700834671875 0.55516825 0.9834187062499999 0.491438371875 0.8656237328125 0.502060003125
588 0.4962656109375 0.0001563 0.49834816406250004 0.10282958281250001 0.6955989781249999 0.09751871875 0.7017110125 0.005360289062500001 0.4962656109375 0.0001563
588 0.47112193125 0.112826371875 0.4883466921875 0.0684653734375 0.4833459140625 0.004423075 0.232294528125 0.0087527265625 0.22997579375 0.0662785734375 0.26664774062499996 0.11220162656249999 0.36777362343750003 0.120948828125 0.47112193125 0.112826371875
588 0.232753975 0.1143883796875 0.23386523124999997 0.077525021875 0.22330817500000003 0.056281712500000004 0.128849996875 0.05347009375 0.0488383140625 0.058780934375 0 0.07049069999999999 0.0054986609375 0.13250772187499998 0.135517615625 0.128758865625 0.232753975 0.1143883796875
588 0.26998159374999997 0.22685292812500002 0.2733154453125 0.20342281875 0.257201940625 0.1262596921875 0.001667159375 0.1439510734375 0.041059437500000004 0.22997694375000002 0.068285584375 0.24903340312500002 0.1544092171875 0.246846603125 0.26998159374999997 0.22685292812500002
588 0.478900890625 0.208108840625 0.48501284062499994 0.1799926859375 0.4833459140625 0.1159503859375 0.27275977500000004 0.1290712625 0.2899845359375 0.20623441250000002 0.3394361359375 0.2224792796875 0.41500271250000004 0.22154211250000003 0.478900890625 0.208108840625
588 0.6350346515624999 0.21060806250000003 0.6894871140625 0.20154839062500002 0.70615620625 0.1831167 0.7161575906250001 0.1037667484375 0.6917096265625 0.102204740625 0.4879296828125 0.111128353125 0.4933473859375 0.1843663109375 0.5050157828125 0.20560962031250002 0.572247728125 0.21217006875000002 0.6350346515624999 0.21060806250000003
588 0.9295219124999999 0.0222299484375 0.8045037359375 0.013170325 0.72550365625 0.02281960625 0.7172689328125 0.0709645953125 0.83339689375 0.07877463125 0.9278550718749999 0.074088609375 0.9295219124999999 0.0222299484375
588 0.902295765625 0.117199996875 0.90896346875 0.08002421875 0.7129997640625 0.0853390734375 0.71949144375 0.13844330625 0.82061715625 0.140942503125 0.8878491859375 0.1334448875 0.902295765625 0.117199996875
588 0.8656237328125 0.1937383546875 0.8950725609375001 0.18499112812500002 0.9150753328125001 0.1584370046875 0.9078521281249999 0.1356317359375 0.71577840625 0.145514059375 0.712823740625 0.18717795312500002 0.7678317031249999 0.200611178125 0.8156164625000001 0.1984243765625 0.8656237328125 0.1937383546875
588 0.9967539437499999 0.072526603125 0.9116727359375 0.08143160625 0.910074640625 0.121261225 0.9700834671875 0.1331324671875 0.9961982734375001 0.13032087187500002 0.9967539437499999 0.072526603125
588 0.9241766296874999 0.13379165937499998 0.917853515625 0.17811828125 1 0.1840539625 0.992864421875 0.13688129843750002 0.9241766296874999 0.13379165937499998