168 0.0266299828125 0.5286263984375 0.05596047656249999 0.449823828125 0.00116844375 0.44899533593749996 0 0.5257722375 0.0266299828125 0.5286263984375
168 0.0364722546875 0.5243451578125 0.0332628171875 0.5277701640625 0.07156210625000001 0.5294826546875 0.083116084375 0.458699484375 0.054231146875000004 0.45470365625 0.0484705453125 0.4712236296875 0.048668109375000004 0.48353066875 0.047170378125 0.500370240625 0.0446028359375 0.5109306140625 0.0364722546875 0.5243451578125
168 0.028658446875 0.40514667031249996 0.067385653125 0.4002945734375 0.082710228125 0.3224950078125 0.0299422171875 0.31980725468750004 0.0380727984375 0.3414988796875 0.0307980703125 0.3943008421875 0.028658446875 0.40514667031249996
168 0.0352356265625 0.276107034375 0.06347866875 0.26040916406250003 0.08038170781250001 0.1859155765625 0.0876564359375 0.188484325 0.0908658734375 0.17592601562500002 0.040713117187499995 0.1837529625 0.0393009 0.19190931875 0.0228257953125 0.263834146875 0.0352356265625 0.26440498125 0.0352356265625 0.276107034375
168 0.04149015625 0.6605854515625 0.046625259375 0.59979183125 0.044057715625 0.5949397671875001 0.052830175 0.586948109375 0.055825653125 0.578385634375 0.005135946875 0.577509309375 0.0014791765625 0.5855210296875 0 0.661441696875 0.04149015625 0.6605854515625
168 0.04698539375 0.5995165578125 0.041533675 0.6605102515625 0.0761784125 0.66074485625 0.086202515625 0.5927134109375001 0.08919215781249999 0.5800454890625 0.055889287499999996 0.5787392609374999 0.052261240625000004 0.588490771875 0.043292290625 0.594824734375 0.04698539375 0.5995165578125
168 0.040037467187499995 0.714894728125 0.0052168843749999996 0.712548815625 0.0053206921875 0.698344984375 0 0.699646303125 0.00011689687500000001 0.78316075625 0.0403891984375 0.781518634375 0.040037467187499995 0.714894728125
168 0.07784770468749999 0.7852720718749999 0.07591324375 0.7812840296875 0.091389040625 0.70222680625 0.054130379687499994 0.7001038921875 0.04249953125 0.782926159375 0.041620225 0.7920752359375001 0.076968396875 0.79184063125 0.07784770468749999 0.7852720718749999
168 0.0353773515625 0.906353028125 0.0786392953125 0.9047108796875 0.0905978875 0.8141586953125 0.049513246875 0.8158986484374999 0.0501497265625 0.8477052296875 0.046984226562499995 0.8749178093750001 0.035553225 0.9004882484375001 0.0353773515625 0.906353028125
168 0.037354517187500005 0.8864082109375 0.037882107812499996 0.8254145093749999 0.0370028 0.819549734375 0.035244184375 0.807820178125 0.013085628125000002 0.81086986875 0.006754615625 0.8052396734375 0.00048369531249999997 0.8047588984375 0.0004235875 0.9037679703125001 0.035244184375 0.9070522328124999 0.037354517187500005 0.8864082109375
168 0.12486309531249999 0.904826253125 0.1264458515625 0.9008382109375 0.130842390625 0.888404871875 0.135063071875 0.8630690281250001 0.140163059375 0.8328067656249999 0.1304906734375 0.8138048890625 0.10381952187500001 0.81472604375 0.097252834375 0.8813671375000001 0.0888114734375 0.904591665625 0.12486309531249999 0.904826253125
168 0.12503896718750002 0.9050608406249999 0.17639055312500002 0.9067029906249999 0.178325015625 0.8349180890625 0.173225040625 0.82975708125 0.179556040625 0.8255344421874999 0.18360086250000002 0.8126319328125 0.177797425 0.8095822406250001 0.17164227031249998 0.8105206046875001 0.12822436718750002 0.8088630171875 0.140514778125 0.8337451328125001 0.129787225 0.891923740625 0.12503896718750002 0.9013073859375 0.12503896718750002 0.9050608406249999
168 0.1054719953125 0.728670734375 0.0959754671875 0.7542411687499999 0.09579960937500001 0.763624815625 0.08946858125 0.7835650656250001 0.086127221875 0.7861455640624999 0.14117188593750002 0.7880223 0.1397650015625 0.7706625515625001 0.150844271875 0.7152990453125 0.11707885625 0.7115455765625 0.11745105625 0.6992244390625 0.1102202515625 0.699581428125 0.1102202515625 0.7075575296875 0.1084616359375 0.7141260890625001 0.1054719953125 0.728670734375
168 0.1826430484375 0.7265639734375 0.187215446875 0.7657406984375 0.184929240625 0.7826312546875 0.230477403125 0.7826312546875 0.23417047968750002 0.7669136546875001 0.2220360421875 0.7075620890625001 0.21201192500000002 0.70545076875 0.21177248125 0.6880846890625001 0.1891499203125 0.693017434375 0.1710361734375 0.693017434375 0.1826430484375 0.7141306468749999 0.1826430484375 0.7265639734375
168 0.276553128125 0.7591721390624999 0.27356348750000004 0.735243846875 0.282356565625 0.69114070625 0.2670565875 0.69043693125 0.250701484375 0.6923136624999999 0.24947043125 0.7059199578124999 0.2368369171875 0.70626006875 0.23346704375 0.7680866109375 0.22977394062499998 0.7821620796875 0.275322103125 0.7826312546875 0.276553128125 0.7591721390624999
168 0.1920596 0.8813431406250001 0.18800076875 0.9068103890625 0.19085698906249998 0.9118236281250001 0.228589115625 0.9168368656249999 0.2300923875 0.8939764984374999 0.23219697031250003 0.8342187093750001 0.2327982703125 0.8215853453124999 0.22813812812499998 0.8197805796875001 0.228196996875 0.8199706000000001 0.1988243234375 0.8147673421875 0.1973210515625 0.832213415625 0.1971707265625 0.838429821875 0.1920596 0.8813431406250001
168 0.27188334375 0.9034013796875 0.274438925 0.8867574312500001 0.2751905609375 0.826799109375 0.2797003765625 0.82018164375 0.282255934375 0.8129625734375001 0.225565834375 0.81170123125 0.22813812812499998 0.8197805796875001 0.23234730625000002 0.820582696875 0.2300923875 0.905607215625 0.27188334375 0.9034013796875
168 0.12354545312500001 0.41331521093749995 0.12524671406250001 0.40196820312500003 0.1251332984375 0.3638422578125 0.1294431515625 0.3599086234375 0.1280694265625 0.3288136265625 0.10052173125 0.32632147968749997 0.08384938750000001 0.40090915312500003 0.08180787187500001 0.41149969375 0.12354545312500001 0.41331521093749995
168 0.1693660578125 0.403935021875 0.176624759375 0.3273805359375 0.13715554218749998 0.32374949218750004 0.127644040625 0.323898059375 0.1298968234375 0.35930345468749997 0.12524671406250001 0.3641448453125 0.1250198828125 0.4024220875 0.1693660578125 0.403935021875
168 0.0878782953125 0.53041883125 0.08583678125000001 0.5326882328125 0.13959659687499998 0.5337472828125 0.1550213625 0.4770122453125 0.15910437500000002 0.45931090937499996 0.137668496875 0.4570415078125 0.10325526562500001 0.45699649062500003 0.099560275 0.48533338437499995 0.0972919296875 0.4997062625 0.0977456 0.5016730765624999 0.0878782953125 0.53041883125
168 0.1239510984375 0.6615767140625 0.1301392890625 0.66379140625 0.1321014078125 0.6619793859375 0.1396479984375 0.6235242015625 0.15172254375 0.5862770359375 0.10533015625 0.589033728125 0.10146225625000001 0.601578578125 0.0816901796875 0.6615767140625 0.0816901796875 0.6633887328125 0.1239510984375 0.6615767140625
168 0.14310419375 0.246751903125 0.147444853125 0.23034619687500002 0.1389443796875 0.2202132453125 0.10313384375000001 0.21297543124999999 0.09184755156249999 0.2813462625 0.0986123125 0.28221720625 0.1398486859375 0.285112325 0.14310419375 0.246751903125
168 0.232334315625 0.42048183593750005 0.23179172656249997 0.44822679687500006 0.23703670625 0.44822679687500006 0.24101564843749998 0.420723103125 0.246260628125 0.371747221875 0.2533142203125 0.3560652875 0.1974428453125 0.346768615625 0.19616206249999998 0.3987683890625 0.187842446875 0.41999932187500005 0.1930874125 0.41686292812500003 0.232334315625 0.42048183593750005
168 0.8030034687500001 0.8078358203124999 0.8009074890625 0.8165730953124999 0.8462328749999999 0.81412666875 0.846756859375 0.8095832749999999 0.84020695 0.7931572078125 0.83732499375 0.77568265625 0.836277003125 0.75506268125 0.8352290140624999 0.7302488234375 0.7930637578125 0.742097003125 0.796191565625 0.76694538125 0.8009074890625 0.7865169 0.8030034687500001 0.8078358203124999
168 0.765822215625 0.816980784375 0.7730011375 0.8105965359375 0.8041098484375 0.8096143515625001 0.7921449609375 0.7857962359374999 0.79159274375 0.7678712328125 0.790304209375 0.7531383671875 0.791224584375 0.7438075546875 0.7891997609375 0.739878784375 0.7825730562500001 0.742579815625 0.77649856875 0.7474907703125 0.7617836015624999 0.744462321875 0.76655850625 0.7921804546875 0.759195496875 0.8152619671875 0.765822215625 0.816980784375
168 0.8060929625 0.913455028125 0.8467125453125 0.9156080671875 0.8455020265625001 0.904125228125 0.8398529484375 0.8476081343749999 0.837162909375 0.8422255546875 0.7977625796875001 0.8358890046875 0.8017888937500001 0.854605484375 0.8035374234375 0.8748798765625001 0.8056894531250001 0.895154259375 0.8060929625 0.913455028125
168 0.795698296875 0.9298280484375001 0.7997333546875 0.9258808281249999 0.7979848359374999 0.9145774046874999 0.79583280625 0.8892792796875 0.7936807671875 0.8487305109375001 0.7670493890625 0.847653990625 0.756228209375 0.843512046875 0.7638213406250001 0.9145774046874999 0.7583067625 0.9265985078125001 0.795698296875 0.9298280484375001
168 0.81968095625 0.5427670953125 0.8170327859375 0.5344404218750001 0.8124930796875001 0.5157684546875 0.8111689875 0.499367396875 0.8102232125000001 0.487760525 0.8116564468749999 0.4682991140625 0.791496878125 0.4736303765625 0.7678525171875 0.4766582546875 0.7763644875 0.5432717546875 0.81968095625 0.5427670953125
168 0.8177481999999999 0.5135693265625 0.8192616109375 0.5211960390625 0.8185889890625001 0.539141234375 0.8201024015625 0.544300484375 0.8629826906250001 0.543403221875 0.8587787406249999 0.5279254859375 0.8562563703125001 0.5021292671875 0.854742959375 0.47588441562500006 0.8117493234375001 0.4695750796875 0.8110218796875 0.47992209218750004 0.81337608125 0.4871001640625 0.8177481999999999 0.5135693265625
168 0.8120730421875001 0.441864659375 0.8097188281250001 0.448145484375 0.8152680328124999 0.449267059375 0.8593254359375001 0.442986234375 0.8594935921875001 0.4402944609375 0.851590171875 0.42638693281249995 0.847386221875 0.41943316406250003 0.845872796875 0.408666065625 0.847049896875 0.403282484375 0.847218053125 0.3781592171875 0.8495722671875001 0.37053250625 0.847386221875 0.36941093125 0.82972963125 0.37658901093749997 0.8277117281249999 0.375243115625 0.809226534375 0.374830346875 0.8132501421875 0.3920667375 0.80753276875 0.39475851875 0.8083735578125 0.4059742671875 0.8120730421875001 0.441864659375
168 0.7701902921875 0.6705136 0.803031365625 0.668808990625 0.81529884375 0.6708545171875 0.81568220625 0.668297603125 0.80980403125 0.6611382484375 0.8090373156249999 0.6594336390625 0.8041814437499999 0.64511491875 0.8054593062500001 0.6263642171875 0.804564796875 0.609147659375 0.806481590625 0.60352245 0.8075038843750001 0.5926129578125 0.7633620890625 0.5966904953125 0.7653344203125 0.6217617703125 0.7690402234375 0.6463081468749999 0.7701902921875 0.6705136
168 0.8043759265625001 0.6451544078125 0.8093595921875 0.6599845109375 0.815109975 0.66697340625 0.8163878375 0.6695303203125 0.84220065625 0.6693598609375 0.8540847828125001 0.66595064375 0.836961421875 0.6340744484374999 0.836705853125 0.6233354109375 0.832488903125 0.6052665546875 0.828399746875 0.5936752171874999 0.8074556671875 0.59818158125 0.8046315046875 0.6091871546875 0.8053982203125001 0.6209489609375 0.8043759265625001 0.6451544078125
168 0.8177090124999999 0.24982963281249998 0.8194468031250001 0.2485652 0.81739305625 0.2422430171875 0.80696630625 0.25509811875 0.77744519375 0.242530103125 0.77789778125 0.27659354375 0.7794775921875 0.2839694234375 0.7696827578125001 0.32780323437500003 0.8110738124999999 0.3280139703125 0.8158132437500001 0.298721184375 0.8177090124999999 0.24982963281249998
168 0.8109158328125 0.327171009375 0.8598899609374999 0.3261173125 0.8557824671875001 0.31536960468749997 0.8529388015625001 0.25299072499999997 0.819504996875 0.2491775546875 0.81739305625 0.25088333125 0.8159712234375001 0.2993534015625 0.8109158328125 0.327171009375
168 0.71299474375 0.298088984375 0.7137846484375 0.301460796875 0.742537215625 0.296824534375 0.763390715625 0.2892379109375 0.76354869375 0.28544461875 0.7589672515625 0.27827945781249996 0.7605470624999999 0.24456114687500002 0.755965609375 0.2234872078125 0.7567555140625 0.22032611562499999 0.7638646640625 0.20810322656250002 0.763706684375 0.20409917812499997 0.7520160812500001 0.20810322656250002 0.7415893312499999 0.208313965625 0.7243693890625 0.212950234375 0.71285005 0.2146792890625 0.7180501453125 0.2352886171875 0.7164703343750001 0.247090021875 0.7158384078125 0.2953493578125 0.71299474375 0.298088984375
168 0.6760271765625 0.3141051703125 0.677764965625 0.316212565625 0.7221576515625 0.3187414328125 0.71852408125 0.3109440796875 0.7145745546875 0.30946889375 0.7133107125 0.30209302031249996 0.7136266703125 0.2970352875 0.7159963874999999 0.29513861406249997 0.716154365625 0.2513048109375 0.7159963874999999 0.2483544640625 0.7183661031249999 0.23549935312499998 0.716800234375 0.23100671093749997 0.681556515625 0.22622682656249998 0.6869278624999999 0.2382389640625 0.677448996875 0.306097065625 0.6760271765625 0.3141051703125
168 0.6798187125 0.42466115625 0.69624875 0.42192153593750004 0.7251592953125 0.42381819375 0.725791221875 0.41496714375000004 0.721683703125 0.392418021875 0.7204198625 0.37281924843750003 0.7209479265625001 0.34582536875000003 0.67729101875 0.3412083328125 0.679660734375 0.35322048125 0.6836102625 0.40906643281250005 0.6798187125 0.42466115625
168 0.7267391062499999 0.3795629109375 0.7248433249999999 0.3869387921875 0.7246853468750001 0.41222752500000004 0.725475253125 0.41728527499999996 0.72342150625 0.4248718921875 0.76734024375 0.4174960109375 0.769709959375 0.41054161875000006 0.7668663062500001 0.40190128906249994 0.76354869375 0.359121184375 0.7649705265625 0.3433157265625 0.7665503375 0.3397331625 0.7667083156250001 0.33256801875 0.7490144375 0.336150590625 0.719762871875 0.33792500312499996 0.721525725 0.35153456875 0.7246853468750001 0.3635467171875 0.7242114109375 0.37113333437499996 0.7267391062499999 0.3795629109375
168 0.7237374625 0.54478609375 0.7528059875 0.545839790625 0.751858103125 0.537199478125 0.75312194375 0.507274475 0.7513841546875 0.491679765625 0.750752228125 0.48535758125 0.75091020625 0.47165950937499995 0.7442750046875 0.47165950937499995 0.7341642125 0.4752420828125 0.721683703125 0.4718702515625 0.7159963874999999 0.472291728125 0.706924775 0.4698611203125 0.711256953125 0.48198574218749995 0.7114149328125 0.5361457796875 0.7098351218750001 0.5420464828125 0.7237374625 0.54478609375
168 0.7182081250000001 0.5473149687500001 0.7177341765625 0.544364621875 0.7101510906249999 0.5414142828124999 0.7106250265625 0.5306665578125 0.709045215625 0.5106463109375 0.7054116578125 0.49484085625 0.704937709375 0.48535758125 0.7088998671875 0.4780248328125 0.671445721875 0.47734947656250004 0.67507928125 0.5367779968749999 0.6717616796875 0.5500545796874999 0.7182081250000001 0.5473149687500001
168 0.7128668125 0.649666678125 0.7134248125 0.664553846875 0.71156478125 0.6742305109375 0.7281190609375 0.675967340625 0.7381632312499999 0.6764635906249999 0.7439293250000001 0.6772079390625 0.7550895109375 0.683162809375 0.7569495421875 0.682170328125 0.7530434796875001 0.6722455484375 0.7519274640625 0.6648019734374999 0.7517414640625 0.6077344890624999 0.7519274640625 0.6005390187499999 0.7396512625 0.600042778125 0.7283050609374999 0.600042778125 0.7147268437500001 0.600042778125 0.7060454843749999 0.5987813921875 0.7110067812499999 0.6094713171875 0.711936796875 0.6149299484374999 0.711936796875 0.6342832671874999 0.7128668125 0.649666678125
168 0.6688036328125 0.6097656390624999 0.6738915140625 0.6685155640625 0.6745275015625001 0.697148196875 0.6812053375 0.6890886515625 0.713640571875 0.6876039859375 0.7192054406249999 0.68887654375 0.7196824328125 0.6835742046875 0.7106196406249999 0.6748783703125001 0.713322584375 0.6676671859375001 0.709665665625 0.65918345 0.708234696875 0.632671753125 0.707598721875 0.615067978125 0.708234696875 0.604675396875 0.70808801875 0.6048690828125001 0.6964689859375001 0.6067963328125 0.68931415625 0.609129359375 0.6780254125 0.61082610625 0.6688036328125 0.6097656390624999
168 0.42409163281250006 0.3116507328125 0.4244439296875 0.315175390625 0.4445251375 0.30953593437500004 0.47218082812500006 0.31118078437499996 0.47165236874999994 0.291207728125 0.470067021875 0.2745243625 0.46848167500000004 0.2296437140625 0.4688339703125 0.2042661796875 0.47535154999999996 0.19322225937499998 0.4688339703125 0.1927522984375 0.44241131874999995 0.2000365875 0.4381837078125 0.20050654375 0.416710146875 0.1991423203125 0.42814309687499996 0.2176598734375 0.43008075312500005 0.23316837031249998 0.427438490625 0.2552562171875 0.42409163281250006 0.3116507328125
168 0.3900945 0.3313888171875 0.403658115625 0.32809913281249997 0.4129941203125 0.3236345640625 0.426029290625 0.32222470468750003 0.4290238515625 0.3215197828125 0.42426778125000003 0.31329558281250003 0.423915471875 0.3024866203125 0.42867155468749996 0.2423324734375 0.427438490625 0.23316837031249998 0.4249723875 0.2254141171875 0.40647654062500005 0.2258840734375 0.389742203125 0.23058361718749998 0.38675951875000003 0.2358465234375 0.3872760875 0.27052973125 0.390270646875 0.283453475 0.38780453125 0.30530635625 0.3900945 0.3313888171875
168 0.20110717031249997 0.620570034375 0.19512475625 0.6815804640625001 0.21210709374999998 0.6818378890625 0.21210709374999998 0.6736002015625 0.240861296875 0.6743724734375001 0.239510434375 0.656352515625 0.241247253125 0.638075134375 0.24703668906249998 0.6125897609375001 0.250241678125 0.593901778125 0.206124678125 0.5845301187499999 0.2014931265625 0.60203521875 0.20110717031249997 0.620570034375
168 0.25039311875000003 0.5952183640625 0.24593256874999997 0.6156869406250001 0.24093674843750001 0.6373455578125 0.2400446390625 0.6525779671875 0.23950938125 0.6597181562500001 0.240401490625 0.674474578125 0.25003626562500003 0.6761406171875 0.2502147 0.68351881875 0.2776916734375 0.6854228796874999 0.272517446875 0.6580521171875 0.281328946875 0.5877600921874999 0.2685921546875 0.588316178125 0.2569947265625 0.5918862765624999 0.25039311875000003 0.5952183640625
168 0.1793565421875 0.524819003125 0.2340221390625 0.5265092546875 0.23130696093749997 0.512263003125 0.23673731875 0.5045362421874999 0.23528923124999998 0.494153390625 0.24090059843749997 0.48208031562500003 0.25664863125 0.467109709375 0.25664863125 0.4555195546875 0.2332980890625 0.45479516875000003 0.1978336234375 0.46382956249999996 0.19094130781250002 0.4922217015625 0.186053978125 0.5175751578125001 0.1793565421875 0.5219214640625001 0.1793565421875 0.524819003125
619 0.32376105625 0.8980814125000001 0.31876990781250003 0.9051555062500001 0.31876990781250003 0.9070280625 0.36727768125 0.9078603109375001 0.36805755 0.88601385625 0.369929228125 0.8668721984375001 0.371177021875 0.8554288171875 0.37211287187500003 0.848146665625 0.37211287187500003 0.8429451296874999 0.3725807734375 0.8210986734375 0.3491847515625 0.819018059375 0.338266603125 0.81839386875 0.335771015625 0.818185809375 0.320227878125 0.8219091281249999 0.3200176890625 0.8614625953124999 0.320485615625 0.8756107828124999 0.32360508593750004 0.886221915625 0.32376105625 0.8980814125000001
619 0.329179809375 0.7683798109375 0.319509453125 0.786689228125 0.37207253749999997 0.7844005625 0.3730083875 0.764634721875 0.374412140625 0.7238546593749999 0.3751920078125 0.7015920796875 0.3536676640625 0.7018001390624999 0.35351168125 0.704296878125 0.3293928453125 0.7049095359375 0.3319873375 0.7161563796875 0.33401498749999997 0.72323046875 0.33120746875 0.7517348921875 0.329179809375 0.7683798109375
619 0.29190212656250003 0.7434124328125 0.29314991875 0.7565203046875 0.2822317703125 0.7764942109375 0.2816078734375 0.7837763640625 0.321225159375 0.7854408609375 0.3280879984375 0.771292675 0.3329231765625 0.7407076359375 0.333859015625 0.721982103125 0.32802785 0.703869540625 0.2922140796875 0.7047130015625 0.2911222578125 0.7211498546875 0.29564549375000004 0.7344657921875 0.29190212656250003 0.7434124328125
102 0.311934890625 0.27929677656249996 0.3110249015625 0.2894124859375 0.3346846546875 0.283545371875 0.3636526953125 0.2815222296875 0.36061939375 0.2659440515625 0.35925439375 0.2410593921875 0.35697941875 0.2050474734375 0.35864774375 0.171867940625 0.32876971250000003 0.1801628234375 0.323461434375 0.17874662187499998 0.3039873046875 0.175505646875 0.3045032984375 0.18299522031249998 0.3096599140625 0.1927062984375 0.31345154062499997 0.2273020296875 0.311934890625 0.27929677656249996
102 0.27872023281249997 0.26108849218749997 0.2737152921875 0.30316984062499996 0.27690025625 0.30316984062499996 0.29055011406250003 0.300135128125 0.29874003125000004 0.301753646875 0.303593309375 0.30195595937499997 0.3037449734375 0.289210175 0.311934890625 0.2890078484375 0.312238228125 0.26675329531249997 0.31345154062499997 0.2268974 0.3108133671875 0.2096359578125 0.3051099609375 0.20828449375 0.281753534375 0.19392019375 0.281601871875 0.20626135156249997 0.27872023281249997 0.26108849218749997
102 0.3315636359375 0.35821123125 0.3304434921875 0.3652554421875 0.328523228125 0.3752881265625 0.32756310312500003 0.3861746171875 0.328203190625 0.40261111562499996 0.3243626765625 0.4090149453125 0.3242026578125 0.421609146875 0.3413249328125 0.41776684218750004 0.359887403125 0.4192610796875 0.3718890015625 0.41990145312499993 0.376369603125 0.4243841453125 0.376369603125 0.419047621875 0.3722090515625 0.41029570781249997 0.3702887875 0.3964207515625 0.36932866249999996 0.380411178125 0.36916864375 0.363334296875 0.370928875 0.352234325 0.37140894375 0.3362247515625 0.36948868125 0.3323824546875 0.37252908906250004 0.33195553125 0.3666083046875 0.32789976875 0.3550867640625 0.33046130156250003 0.341965021875 0.3308882265625 0.3350841 0.33174206562499997 0.32133612500000003 0.3276180078125 0.3245226953125 0.3311016828125 0.32756310312500003 0.34860548593749996 0.32900329687499996 0.3533016296875 0.3315636359375 0.35821123125
102 0.291795221875 0.359969653125 0.29083509531249996 0.36551963593750003 0.28827474531249997 0.394763809375 0.28667453125 0.402875309375 0.2828340296875 0.425929103125 0.2801136609375 0.4310521703125 0.28059372968749996 0.43489445781249997 0.2905150453125 0.43318677968749997 0.3058770890625 0.43873676093749997 0.3061971390625 0.4229406453125 0.3241195203125 0.42230025624999995 0.32555971562499997 0.4005272421875 0.32812005312500003 0.3836638203125 0.32828007187499997 0.371283084375 0.3313204796875 0.35932927187499997 0.327337921875 0.3500247109375 0.3156383984375 0.349296603125 0.294195540625 0.34097162187499996 0.291475171875 0.34396007968750003 0.291795221875 0.359969653125
102 0.288634703125 0.52558219375 0.286554421875 0.5313456484375 0.2812737125 0.5394571578125 0.28271390625000004 0.5443667671875 0.2964757375 0.5458609875 0.31151774374999996 0.5484225296874999 0.31215783125 0.5460744453124999 0.33248053125 0.549489834375 0.33088031875 0.53689563125 0.33152040625 0.523234125 0.32928010625000004 0.49185535781249995 0.32848 0.46069005625 0.30543694062500004 0.460476590625 0.294728165625 0.45725679062499996 0.2935953609375 0.493989984375 0.2927952546875 0.5040226359375 0.289274778125 0.5191783640625001 0.288634703125 0.52558219375
102 0.331098403125 0.5116491609375 0.3323294859375 0.53026081875 0.33123518750000003 0.5371945828125 0.33315020624999997 0.5501497625 0.34231493281250003 0.550332228125 0.3536682390625 0.5419387312499999 0.3613283125 0.5386543140625 0.3773323734375 0.5298958890625001 0.37760594375 0.5271588796875 0.3732287671875 0.522962125 0.3718608984375 0.5162108453124999 0.37049302968750003 0.460375828125 0.368851590625 0.45125246093750004 0.347102475 0.4570914109375 0.328377234375 0.4604099 0.329183384375 0.47588555 0.32973053281250003 0.49449721406249997 0.33041446875 0.5039855171875 0.331098403125 0.5116491609375
102 0.275726003125 0.66443831875 0.28676795781250003 0.6648208953125 0.295515471875 0.66769026875 0.32161461562500004 0.6648208953125 0.3249128640625 0.6600386078125 0.3241958546875 0.6535347093749999 0.32376564375 0.649135 0.3241958546875 0.6405268828125 0.329071521875 0.5854349359375 0.30942545312499997 0.58409589375 0.3098354125 0.5778144234375 0.29164362499999996 0.578931021875 0.2877717671875 0.62005870625 0.2844735296875 0.646456915625 0.275726003125 0.66443831875
102 0.376394153125 0.646265628125 0.3742431234375 0.643013678125 0.37510354375 0.639953003125 0.37539034375 0.6127896171875 0.374816721875 0.576444234375 0.349578 0.5785484390625 0.34900437812499996 0.5858175140624999 0.3345763484375 0.585224753125 0.33193955937499997 0.65487374375 0.3280677015625 0.6594647421875 0.3752469328125 0.6600386078125 0.376394153125 0.646265628125
102 0.47804212343749997 0.2606135203125 0.4810129984375 0.316491940625 0.47952756093750004 0.3256068734375 0.5004722265625 0.31153817968749997 0.5019576625 0.3008380671875 0.5108702875 0.304008471875 0.5078994125 0.2780507734375 0.5181489328125 0.274484053125 0.5211198078125 0.2687376859375 0.5177033093750001 0.2310891015625 0.5205256312500001 0.2142463140625 0.52305088125 0.20592399687500001 0.5226052453125 0.200573934375 0.498838246875 0.2045369515625 0.47805597187500004 0.2050739171875 0.477745040625 0.2146426171875 0.478933384375 0.22038898593749998 0.47804212343749997 0.2606135203125
102 0.5242452671875 0.2086006578125 0.524690903125 0.226037896875 0.5223142046875 0.2504103984375 0.5220171109375 0.2589308671875 0.523205465625 0.2745847703125 0.545338484375 0.2692346921875 0.546823921875 0.28885158906249997 0.570739471875 0.29915540625000003 0.5628666499999999 0.2129599734375 0.5646491703125001 0.2107803109375 0.5634608156249999 0.2056284015625 0.5576676078125 0.20305245156249999 0.535386046875 0.198494984375 0.518169440625 0.1912075328125 0.5175607984374999 0.195919028125 0.52112585 0.200674640625 0.5230569234375 0.2000801953125 0.5242452671875 0.2086006578125
633 0.8998921062499999 0.4120493953125 0.902398925 0.435714575 0.9022060953125 0.44857608437499996 0.901627590625 0.4624665078125 0.90876241875 0.46118035625 0.910305071875 0.4241392171875 0.9380730187499999 0.4249109046875 0.945207846875 0.37346486875 0.947907496875 0.3490279984375 0.9131975671875001 0.35854551562500003 0.8901199999999999 0.35750734687499997 0.888322128125 0.3598316703125 0.8968067671875 0.3752654765625 0.8998921062499999 0.4120493953125
633 0.9347220171874999 0.5583692953125 0.9380747953125 0.5449519609375 0.9380747953125 0.5378367234375 0.9307596531250001 0.4831509703125 0.9251209078124999 0.483354259375 0.9132338062500001 0.4916892671875 0.8979939390625 0.485183896875 0.8890509609375 0.485775221875 0.8920503875 0.50205719375 0.8946411718749999 0.524419396875 0.898908328125 0.5595890484375 0.9347220171874999 0.5583692953125
633 0.9065249718749999 0.672428378125 0.9065249718749999 0.6653131390625 0.90271500625 0.6386817765624999 0.8969238624999999 0.60025944375 0.8562334093749999 0.591924446875 0.8585193906249999 0.5949738390625 0.8723876781250001 0.672225071875 0.9065249718749999 0.672428378125
633 0.9068297765625 0.6665328781250001 0.9063725765624999 0.673038246875 0.94599623125 0.672225071875 0.9418814718749999 0.645797021875 0.94050989375 0.6177426171875 0.9362427140625 0.6106273703125 0.93534974375 0.5967906859375 0.92008845625 0.5994462734375 0.8953998765625 0.5911112703125 0.8969238624999999 0.6004627359375 0.9068297765625 0.6665328781250001
633 0.8912311109375001 0.7958289703125 0.89038570625 0.8091738140625001 0.93195154375 0.8074822328125 0.932374240625 0.79225781875 0.9302607234375 0.766131990625 0.9277245093750001 0.74639665625 0.9241478781250001 0.7243990953125 0.88249524375 0.7236540296875 0.8870040765624999 0.7403820765625 0.8898221 0.7740261265624999 0.8912311109375001 0.7958289703125
4 1 0.8866957843750001 0.9847706484375 0.830816815625 0.9504185843749999 0.8336190140624999 0.968212459375 0.9138935203124999 0.968706734375 0.916201209375 1 0.915212190625 1 0.8866957843750001
811 0.8985260921875 0.917132053125 0.8992605484375 0.9406455687499999 0.941271415625 0.93986178125 0.9314297015624999 0.8983212343750001 0.9239382546874999 0.877159071875 0.919177071875 0.8497105109374999 0.8847183218750001 0.855017178125 0.8948538140625001 0.8896996171874999 0.8985260921875 0.917132053125
811 0.89720406875 0.9024361046875 0.8926504468750001 0.8799023187499999 0.8842846312500001 0.8514245265625 0.858277909375 0.8465915031250001 0.871057440625 0.920463128125 0.8988198703125001 0.9192874546875001 0.89720406875 0.9024361046875
102 0.6856744124999999 0.7114174140625 0.6675434375 0.78736106875 0.6684499859375 0.7960679984375 0.70235491875 0.798970296875 0.7177662484375 0.8013888843749999 0.7193980390625 0.792923828125 0.7148652953125 0.78590991875 0.7239307828125 0.7169801640625 0.730844975 0.7094015406249999 0.728644834375 0.7058546625 0.692745496875 0.70391979375 0.6856744124999999 0.7114174140625
102 1 0.7938247421875 0.999521103125 0.7251368421875 0.9924500187499999 0.7142531953125 0.9866481125 0.714495065625 0.9865341796875 0.71091270625 0.9545562765625 0.7118346078125 0.96779189375 0.792131746875 0.9696049921875 0.794550334375 1 0.7938247421875
811 0.682426534375 0.9333078578125 0.7083925703125 0.9334819 0.7083925703125 0.9305229234375 0.7402303125 0.928956415625 0.735271990625 0.9084175953125 0.7316184734375 0.891011825 0.7284868796875 0.874998515625 0.720657925 0.8777834390624999 0.693778515625 0.8774353296875 0.6821655734375 0.8795240156249999 0.6696392375 0.8809164828125 0.6692477968749999 0.880568359375 0.669117315625 0.8986703593750001 0.672770821875 0.9120728046875 0.6751195125 0.9371371156249999 0.682426534375 0.9333078578125
192 0.6244078828124999 0.2727869703125 0.6270250500000001 0.29257032031249997 0.6261526609375 0.3179395328125 0.6266760859375 0.323059940625 0.64499625625 0.3104916921875 0.647089996875 0.3100262078125 0.6671549453125001 0.3044403171875 0.671167940625 0.2988544265625 0.6688997234375 0.2825622578125 0.6633164390624999 0.24159908125000001 0.665061215625 0.238340653125 0.66628255625 0.22251397499999997 0.632084909375 0.2236777015625 0.6160525406249999 0.227207821875 0.6139392140625 0.22926358281249998 0.6228375796875001 0.2516071359375 0.6244078828124999 0.2727869703125
192 0.5822017500000001 0.3225573078125 0.5808594484375 0.325939490625 0.5820526015625 0.337478690625 0.5827983234375 0.3657298140625 0.575490253125 0.420441515625 0.571165065625 0.4272058828125 0.5707176328125 0.431980709375 0.5722090765625001 0.4339702265625 0.5884658078125 0.42839958906250003 0.59801105 0.429394346875 0.5990550671875 0.42050236406249997 0.61963698125 0.4191097078125 0.618891259375 0.3950365609375 0.621128425 0.3797172765625 0.6205318453124999 0.35285880468749997 0.6215758625000001 0.3506703390625 0.631209140625 0.335928865625 0.597265328125 0.3384734484375 0.588913246875 0.33310174375 0.5822017500000001 0.3225573078125
192 0.6190404015625 0.3961694203125 0.6197861234375 0.4192478234375 0.63842916875 0.4188499046875 0.6385783218750001 0.4224310328125 0.6508081546875 0.423624746875 0.666020875 0.41805410312499997 0.67347809375 0.41845199843750003 0.6745221109374999 0.4144729671875 0.6687054781249999 0.4085044171875 0.66452943125 0.4025358671875 0.663485425 0.3838344171875 0.66154654375 0.3786616703125 0.6616956984375 0.3382744890625 0.6639328640625 0.3329027953125 0.632327909375 0.335282465625 0.620681 0.353394821875 0.621128425 0.380253290625 0.6190404015625 0.3961694203125
192 0.6397714703124999 0.5324731859375 0.6397714703124999 0.5346616515625 0.6693020578125 0.5332689953124999 0.666766596875 0.5030283359375 0.664827728125 0.48691325625 0.6633362843749999 0.47219083125 0.666319171875 0.46164639531249996 0.649018428125 0.46124849062499995 0.630524525 0.461447446875 0.617597459375 0.4662032328125 0.623365590625 0.490295434375 0.6264976203125 0.5117822109375 0.6270941999999999 0.5332689953124999 0.6397714703124999 0.5324731859375
192 0.5780257093750001 0.47497615781249997 0.57772741875 0.5000440609375 0.5778765609375001 0.5324731859375 0.594282440625 0.54182390625 0.5999499312500001 0.5416249578125 0.6006956531250001 0.5330700312500001 0.626795915625 0.5330700312500001 0.6264976203125 0.5141696328124999 0.6264976203125 0.5103895640625 0.62261986875 0.48691325625 0.6171015328125 0.463834859375 0.59801105 0.4602537328125 0.5869743656249999 0.4654264796875 0.5830966140625 0.47497615781249997 0.5780257093750001 0.47497615781249997
192 0.591299553125 0.5817760171875 0.5771308390625001 0.583168671875 0.5795171531250001 0.59570263125 0.5780257093750001 0.6136082796875 0.575490253125 0.6456394984375 0.5722090765625001 0.6557860296875 0.57280565625 0.6617545796875001 0.579069715625 0.6591682015625 0.5907029734375 0.65857135625 0.5983093453125 0.6615556312499999 0.6266467734375001 0.6651367515625 0.6264976203125 0.660162959375 0.6168032375 0.64922061875 0.618592975 0.6392730375 0.6184438343750001 0.62335690625 0.6168032375 0.6004774671875001 0.625304471875 0.58993303125 0.61963698125 0.5843623859375 0.6054682671875 0.5821739140625 0.591299553125 0.5817760171875
192 0.617250675 0.60167118125 0.6182946796875 0.6388751328125 0.6163558109375 0.64981748125 0.6235147328124999 0.65518916875 0.637683446875 0.6553881171875 0.6496149953125 0.6603619078125 0.66154654375 0.6637440953125 0.6690037625 0.666131509375 0.6700477796875 0.6637440953125 0.6688546203125 0.6541944109375 0.6666174546875 0.64384893125 0.6640820062499999 0.631314971875 0.6566247875 0.6104250484375 0.6578179359375 0.6092313421875 0.6572213671875 0.6000795609375 0.6531944625 0.5921214953125 0.6524657406250001 0.587030221875 0.6259010515625001 0.58396448125 0.62560275625 0.5901319796875 0.617250675 0.60167118125
192 0.49129693124999996 0.3824987921875 0.48448801250000006 0.4010680375 0.48448801250000006 0.40490298593749996 0.5002241828125 0.4047011484375 0.51762475625 0.4047011484375 0.53593318125 0.40591218281249997 0.53593318125 0.39501284999999997 0.53759758125 0.37684728437500004 0.5427421 0.3627185140625 0.5474326875 0.338699596875 0.5477353125 0.3318370515625 0.55454423125 0.3213413984375 0.541682940625 0.31669908125 0.5291242609375 0.3142770046875 0.527005928125 0.3156898828125 0.5182299953125 0.3112494109375 0.51293416875 0.312662290625 0.512026315625 0.306607103125 0.502279015625 0.30120598906249996 0.5002241828125 0.313469646875 0.5015859687499999 0.3324425765625 0.49432311718750005 0.3471768625 0.49129693124999996 0.3824987921875
192 0.5480379265625 0.3368830421875 0.5474326875 0.34253455625 0.541682940625 0.3655442640625 0.53759758125 0.3772509578125 0.536689728125 0.3909760578125 0.5357818734375 0.3998569953125 0.5371436593750001 0.41741704999999996 0.5428934078125 0.41741704999999996 0.5431960328125001 0.42004095625 0.5605966046875 0.424077746875 0.5710369390625 0.4289219015625 0.571642190625 0.42468327187500005 0.568616003125 0.418829921875 0.5702803921874999 0.408536096875 0.571490871875 0.35989275625 0.5731552828125 0.34334190625 0.57587885625 0.3403143125 0.5742144437500001 0.32638738906250003 0.567102909375 0.335268321875 0.55259771875 0.3266806203125 0.552123284375 0.326185540625 0.5475840062499999 0.332644409375 0.5480379265625 0.3368830421875
192 0.4819157578125 0.4954912546875 0.4808565859375 0.5229414390625 0.47495553125 0.537070209375 0.49326395625 0.5340426171875 0.5174734484375 0.5354555109375 0.51792736875 0.5324279171875 0.520197009375 0.5273819265624999 0.5235258218750001 0.51042738125 0.5242823671875 0.4749036140625 0.5226179671875 0.460573009375 0.5074870359375 0.46198587968749993 0.5071973859375001 0.4535493296875 0.48327754375 0.45714173125 0.48297491875 0.47288521875 0.48463931875000005 0.48216983593749996 0.4819157578125 0.4954912546875
192 0.52125618125 0.5239506359375 0.5194404625 0.52960214375 0.5167169015625 0.534849978125 0.53759758125 0.5350518140625 0.551669353125 0.5364647015624999 0.5689186171875 0.5380794078125 0.5681620703125 0.5201156890624999 0.5674055250000001 0.5069961140625 0.566497659375 0.49892252968750006 0.566800296875 0.49205998125 0.5663463640625 0.4730870546875 0.5689186171875 0.46198587968749993 0.5731552828125 0.4559306921875 0.568616003125 0.4529030984375 0.55757041875 0.45189389999999996 0.545465671875 0.45149022812500006 0.5456169796875 0.45633436875 0.52535751875 0.4593504828125 0.5242823671875 0.480555121875 0.5239797421875 0.5106292265625 0.5223153421875 0.5144641734375 0.52125618125 0.5239506359375
192 0.4804026640625 0.7093658046875 0.4810079046875 0.73378839375 0.4808565859375 0.7454950890625 0.48131051874999997 0.749733725 0.47994873125000004 0.7580091453125 0.47783040000000004 0.7709268828125 0.47495553125 0.792321878125 0.4852445578125 0.7852574921875 0.5194404625 0.7872758875 0.5173221406249999 0.7606330578125 0.5150525015625 0.75276131875 0.5158090484375 0.7392380640625 0.515203809375 0.7263203265625 0.5159603546875 0.71986146875 0.5214074875 0.7127970828125 0.51684495625 0.710565659375 0.503552984375 0.7142099546875 0.4961388359375 0.71098051875 0.489027290625 0.7091639640625 0.4804026640625 0.7093658046875
192 0.5194404625 0.7848538109375001 0.5173221406249999 0.792321878125 0.545011740625 0.7919182046875 0.5578730328125 0.798982590625 0.558478271875 0.7935329125 0.5616557656250001 0.75013740625 0.5619583796875001 0.73035711875 0.5413803140625 0.725311128125 0.5324530734375 0.7297516015625 0.5223308296875 0.7246902078125 0.5239797421875 0.7327791953125 0.5232231953125 0.75881650625 0.520348328125 0.7812207 0.5194404625 0.7848538109375001
192 0.5192891562499999 0.8814972687499999 0.5159603546875 0.8932039640625 0.51293416875 0.9069290562500001 0.51263154375 0.9208559984375 0.5489457796874999 0.9246909390625 0.5595374328125 0.9297369296875001 0.560142671875 0.9273148593749999 0.5574191109375 0.9214615078125 0.556813871875 0.908341934375 0.5580243390625 0.8498084484374999 0.5613531515625 0.8429459109374999 0.5610505375 0.8354778406250001 0.5162774531250001 0.8402088328125 0.5144472625 0.8433495843750001 0.518835234375 0.8492029328124999 0.5192891562499999 0.8814972687499999
192 0.575852790625 0.8772586406249999 0.5732805375 0.9133879234375 0.6186733328125 0.9154063203125 0.61610106875 0.9061217015624999 0.612318334375 0.8917910843750001 0.6115617875 0.8778641578125 0.6151932140625 0.8437532609374999 0.614834009375 0.8379388171875 0.6046015625 0.83850543125 0.5720700578125 0.835276 0.575852790625 0.8772586406249999
192 0.40946247968750005 0.9151975828125 0.46413082499999997 0.919069715625 0.4621956671875 0.9080986890625 0.45784154375 0.897342784375 0.457035225 0.877336796875 0.45639018125 0.8450690890624999 0.455422590625 0.8181793296875 0.46058303125 0.8123711390624999 0.4483270046875 0.8112955484375 0.424782515625 0.817318853125 0.41510670312500003 0.8155979109375 0.41173386718750005 0.8186021515625 0.41591302187499996 0.8261386953125 0.41623555625 0.859481996875 0.4167193390625 0.8982032515625 0.40946247968750005 0.9151975828125
192 0.3799512578125 0.8885229390625 0.379789996875 0.9044416796875 0.37866114375 0.9216511265625 0.41897703125 0.9235871921875001 0.4194608265625 0.9158429531250001 0.40946247968750005 0.9149824593749999 0.4167193390625 0.898418375 0.41591302187499996 0.824632871875 0.41314515781249994 0.8212903218750001 0.383982846875 0.8214061015624999 0.3851116859375 0.837970190625 0.38124135937500003 0.87626120625 0.3799512578125 0.8885229390625
811 0.4722967765625 0.35871410625 0.4717305234375 0.3300108984375 0.4264549265625 0.33168716875 0.42850698437499996 0.3541820140625 0.4264307484375 0.40529385468749995 0.4715417921875 0.40579743125 0.4722967765625 0.35871410625
811 0.3850947 0.371555028125 0.381885971875 0.40504207656249996 0.42661949374999997 0.40453851875 0.4286957453125 0.35619628125 0.42551102500000004 0.33105790156250003 0.40396960625 0.330262678125 0.3854722078125 0.332780503125 0.3850947 0.347635671875 0.3850947 0.371555028125
811 0.38332141875 0.5504568187500001 0.3841020921875 0.5637865093750001 0.39050361875 0.5579547734375 0.42485328281249995 0.5577465015625 0.42735143750000004 0.48609933125 0.4265707640625 0.47214480468750003 0.39005054375000003 0.4742602390625 0.385663440625 0.5138001296875 0.3858195734375 0.527338109375 0.38332141875 0.5504568187500001
811 0.426417353125 0.5276979984375 0.42469987187499997 0.5516498109375 0.42594894375000003 0.5585229453125 0.430789121875 0.5537325765625 0.4651387984375 0.5520663578125 0.4696667 0.54415185625 0.46982284375 0.526656615625 0.46982284375 0.47125503437500005 0.427333925 0.47061648749999996 0.42844709999999997 0.48333508125 0.42797870156249995 0.4941654578125 0.426417353125 0.5276979984375
811 0.3850019046875 0.687251275 0.38562644687500003 0.6887092046875 0.41107641875 0.6874595484375 0.41669728125 0.6882926578124999 0.4329352953125 0.6907919703125 0.43558959531249997 0.689542315625 0.43262303125 0.6843353984375 0.4274705765625 0.6837105796875 0.43043714062499994 0.664132565625 0.42434787968750004 0.6635077375 0.42559696249999995 0.6547601171874999 0.4285635265625 0.64538766875 0.42694352343749997 0.595805365625 0.3904666234375 0.592901971875 0.3890614078125 0.6489283734375 0.388905275 0.6805864296874999 0.3850019046875 0.687251275
811 0.42934420156249997 0.642680075 0.42793898593749996 0.647886990625 0.425128553125 0.6543435703125 0.424972421875 0.6612166968750001 0.44870491250000005 0.66059186875 0.47477945000000005 0.6562180546875 0.4755601234375 0.6535104765625 0.47306195625 0.6501780390625 0.47196901718750006 0.6439297390625 0.471656753125 0.6324745265625 0.4713444640625 0.5820715812499999 0.47446716093749997 0.577697771875 0.4630693359375 0.577697771875 0.44183498906249996 0.5804053734375 0.4281147296875 0.5812303609375 0.43199848906250005 0.5974840515625 0.43106168125 0.6187282640625 0.42981259843749997 0.6299752046875 0.42934420156249997 0.642680075
12 0.6059546250000001 0.752762859375 0.607134521875 0.7565402796875 0.610674209375 0.7644099140625 0.6064265953125 0.76913169375 0.6033588578125 0.790851884375 0.653858415625 0.7902223109375 0.6526785203125 0.76913169375 0.653858415625 0.754966353125 0.6543303671875 0.7193956140625 0.657162128125 0.7049154890625 0.6550383125 0.701767634375 0.6526785203125 0.7077485546875 0.637811821875 0.7102668421875 0.6057412375 0.7030201640625 0.6066625703125 0.714673834375 0.6080784421875001 0.7282096015625 0.60831441875 0.7313574546875 0.6059546250000001 0.752762859375
12 0.568567384375 0.7176319265625 0.56796223125 0.7270497203125 0.5705845453125 0.7429254281250001 0.574417153125 0.7466925484375 0.574618865625 0.7897453140625 0.5721982640625 0.8158460578125 0.602657396875 0.812078946875 0.6048762703125 0.786516365625 0.60689343125 0.7682189296875 0.610120884375 0.7649899796875 0.6060865640624999 0.75288139375 0.6077002984375001 0.73592935625 0.608103725 0.7273188109375 0.6068121265624999 0.7176230578125 0.5913612875 0.723013521875 0.5857132468749999 0.7265115640625 0.574215425 0.71924640625 0.568567384375 0.7176319265625
12 0.61415445 0.8766719875 0.6149834296875001 0.887951346875 0.6166413890625 0.900336528125 0.618630946875 0.9078561078125 0.621117884375 0.9209047859374999 0.6443293078125001 0.9231164265625 0.6481426046875 0.9266550640625001 0.6609088953125 0.9346169468750001 0.6565982046875 0.9158180078125 0.654774440625 0.8996730375 0.6511269359375 0.8527862734375 0.64996636875 0.8410645796875 0.6464846468750001 0.838852940625 0.6154535546875 0.838292575 0.6158124093749999 0.84283389375 0.612993884375 0.87003706875 0.61415445 0.8766719875
12 0.4825825703125 0.6191333859375 0.4825825703125 0.6612482765625 0.481407028125 0.671552996875 0.4809032359375 0.6836498140625 0.49215477031250005 0.67894549375 0.510795378125 0.67760140625 0.5260773296875 0.67737739375 0.5275887203125 0.6740171625 0.523222453125 0.662144340625 0.520031715625 0.6404148468749999 0.5220469249999999 0.6359345390625 0.523222453125 0.60502041875 0.5233903843750001 0.5978519234374999 0.5289321921875 0.5915794953125 0.5260773296875 0.583962978125 0.5143219890624999 0.583962978125 0.503742178125 0.5911314625 0.49249064374999996 0.5859791109375 0.48167103281249996 0.5859610109375 0.48174290312499995 0.6012121546875 0.4822466953125 0.6043483734375 0.4825825703125 0.6191333859375
12 0.5217718734375 0.6365694390625001 0.5202789515624999 0.6423447437500001 0.5277435625 0.673212809375 0.5259520484375 0.6765983484375 0.5229662046875 0.67759409375 0.5223690453125001 0.6821745078125 0.5558105 0.6799838734375 0.5622300703125 0.6809796171875 0.56252865 0.665047709375 0.5607371484375 0.65011154375 0.5546161578125 0.6307941031250001 0.556407659375 0.6118749609374999 0.5583484640624999 0.5943498640625 0.5607371484375 0.5893711421875001 0.5598413859375 0.58558731875 0.5396869375 0.591561784375 0.5284328234375 0.5883587109375 0.5284900234375 0.5919600765624999 0.5229662046875 0.5979345421875 0.5217718734375 0.6365694390625001