439 0.25625 0.59609375 0.3296875 0.24375
439 0.10859375 0.2578125 0.21640625 0.0765625
439 0.446875 0.3203125 0.4046875 0.07734375
439 0.796875 0.43125 0.40546875 0.12734375
910 0.53359375 0.14375 0.128125 0.05625
439 0.48125 0.4328125 0.16015625 0.08046875
439 0.18671875 0.359375 0.06796875 0.0734375
439 0.0609375 0.41796875 0.10546875 0.0890625
439 0.5328125 0.27421875 0.115625 0.04765625
439 0.2359375 0.20703125 0.15859375 0.05859375
910 0.64765625 0.11015625 0.08671875 0.0265625
910 0.7296875 0.259375 0.1125 0.03125
910 0.87578125 0.23203125 0.1296875 0.02265625