51 0.2421875 0.3671875 0.10234375 0.18359375
51 0.33984375 0.3578125 0.08671875 0.2078125
51 0.43046875 0.35234375 0.090625 0.21015625
51 0.52109375 0.35078125 0.09140625 0.21171875
51 0.61015625 0.353125 0.08359375 0.2046875
51 0.70234375 0.35078125 0.0875 0.20703125
51 0.79140625 0.35078125 0.08359375 0.20703125
49 0.8765625 0.3359375 0.07578125 0.21171875
116 0.83984375 0.634375 0.08828125 0.17890625
116 0.75234375 0.6328125 0.08203125 0.171875
116 0.66328125 0.6234375 0.09140625 0.19296875
116 0.57109375 0.62265625 0.09140625 0.1921875
116 0.478125 0.621875 0.0875 0.1921875
116 0.38359375 0.621875 0.1 0.19375
49 0.2921875 0.6203125 0.08359375 0.20703125
51 0.19453125 0.6375 0.096875 0.16953125
51 0.10546875 0.6375 0.07890625 0.16640625
214 0.03515625 0.3859375 0.06640625 0.15859375
116 0.703125 0.87734375 0.07265625 0.178125
116 0.621875 0.87578125 0.07890625 0.18125
116 0.54765625 0.88125 0.06875 0.18515625
116 0.475 0.87890625 0.065625 0.17734375
116 0.41171875 0.8640625 0.05625 0.1703125
116 0.3515625 0.875 0.078125 0.17734375
116 0.284375 0.85078125 0.05390625 0.15546875
136 0.21796875 0.8546875 0.08046875 0.1546875
136 0.13671875 0.87109375 0.084375 0.19296875
136 0.06171875 0.8515625 0.06328125 0.15078125
818 0.32421875 0.1 0.05625 0.1359375
818 0.17890625 0.1 0.06015625 0.134375
818 0.23359375 0.11328125 0.04921875 0.115625
818 0.27734375 0.11328125 0.03125 0.11171875
51 0.56953125 0.0796875 0.0921875 0.159375
51 0.67265625 0.0796875 0.09609375 0.15859375