937 0.37421875 0.440625 0.0828125 0.2765625
329 0.9546875 0.42109375 0.090625 0.3640625
693 0.8671875 0.44296875 0.12109375 0.32109375
693 0.1 0.453125 0.0890625 0.3359375
693 0.371875 0.409375 0.0875 0.2859375
391 0.70078125 0.43984375 0.09609375 0.30390625
404 0.77265625 0.4453125 0.06796875 0.3015625
404 0.56328125 0.471875 0.05390625 0.22109375
404 0.6140625 0.403125 0.07734375 0.32890625
295 0.22421875 0.3890625 0.03359375 0.42890625
441 0.29375 0.35078125 0.059375 0.40859375
327 0.50625 0.4109375 0.0828125 0.34453125
693 0.8625 0.41796875 0.0921875 0.284375