63 0.35546875 0.5859375 0.21015625 0.234375
63 0.57421875 0.5984375 0.146875 0.18828125
63 0.35546875 0.2859375 0.203125 0.2265625
63 0.5765625 0.275 0.23828125 0.2671875
597 0.76328125 0.303125 0.13359375 0.2234375
63 0.15625 0.3046875 0.16015625 0.1734375
63 0.14609375 0.60625 0.18828125 0.209375
63 0.7453125 0.6125 0.19140625 0.17734375
63 0.9328125 0.61484375 0.134375 0.1578125
63 0.5296875 0.8921875 0.20390625 0.18671875
63 0.3359375 0.89375 0.19375 0.20546875
63 0.1265625 0.90546875 0.2 0.1890625
63 0.73671875 0.8953125 0.18828125 0.18203125
63 0.91484375 0.871875 0.16953125 0.18359375