782 0.55625 0.70625 0.065625 0.296875
782 0.82265625 0.7265625 0.07265625 0.21171875
782 0.94296875 0.6921875 0.06796875 0.28203125
782 0.1263162984375 0.5813528234375 0.051996846875 0.58296623125 0.071781346875 0.8133158015624999 0.1254641640625 0.81103605 0.1263162984375 0.5813528234375
782 0.15741822187500001 0.5813528234375 0.126795609375 0.5812574890625 0.12589023125 0.79393804375 0.15741822187500001 0.760311984375 0.15741822187500001 0.5813528234375
782 0.290347103125 0.5294888828125 0.24059201562500002 0.5317039343750001 0.2562627875 0.6873604578125 0.2911992375 0.6856506578125 0.290347103125 0.5294888828125
782 0.3440299203125 0.52720914375 0.29876883125 0.5282864484375 0.3099456046875 0.6867905328125 0.3367870125 0.6856506578125 0.3440299203125 0.52720914375
782 0.5212472 0.5607525703125 0.4998229765625 0.5696200296875 0.498118746875 0.8283698390625001 0.52240383125 0.8272299890625 0.5212472 0.5607525703125
782 0.3906272171875 0.5310018703125 0.33973923125 0.5543118140625001 0.3430464546875 0.812226165625 0.404221740625 0.8128756640624999 0.3906272171875 0.5310018703125
782 0.642889890625 0.592086890625 0.5891572 0.587187615625 0.5906941875 0.7939956703125 0.6259397453125 0.7911164125 0.642889890625 0.592086890625
194 0.3390625 0.96171875 0.184375 0.0453125