163 0.927210421875 0.260147825 0.93299528125 0.2751731609375 0.95835959375 0.2751731609375 0.9663693953125 0.1646534640625 0.8395477640625 0.1589772203125 0.833489965625 0.2750483546875 0.852007446875 0.275507053125 0.847557565625 0.2638206796875 0.927210421875 0.260147825
163 0.8342079203124999 0.272835884375 0.83960956875 0.160305790625 0.7162860531249999 0.15563825625 0.71050119375 0.160980596875 0.7047163671875001 0.2711664015625 0.8342079203124999 0.272835884375
163 0.9372328156249999 0.436984625 0.9412377484375 0.44099140937500003 0.9519174390625 0.441993071875 0.9599272390625 0.3311394796875 0.836271603125 0.33012478437500004 0.8304356859375 0.44266089218750004 0.8557999984375 0.4416591796875 0.8562449796875 0.43731852968749996 0.9372328156249999 0.436984625
163 0.8314616859375 0.44244269375 0.8364459078125 0.3287507125 0.71585363125 0.32606051875 0.7105052046875 0.440281725 0.8314616859375 0.44244269375
163 0.7096823828125001 0.44182525625 0.716086578125 0.32605034375 0.5944857234375001 0.32359087343750004 0.5870802281249999 0.439046909375 0.7096823828125001 0.44182525625
480 0.5619838078125 0.5049895515625 0.58543455625 0.5932794703125001 0.5903715578125001 0.5966752078125 0.617936471875 0.5957490921875 0.68623161875 0.5938968609375 0.6936371296875 0.5448126078125 0.6961056234375 0.5182639 0.7055682171875 0.48677588906249997 0.7125622859375 0.4768972953125 0.717910715625 0.46671000156250003 0.591098040625 0.466083796875 0.5903715578125001 0.46516647187500004 0.5603381515625 0.49881543281249996 0.5619838078125 0.5049895515625
480 0.714207959375 0.5306121390625 0.7121508765625 0.547590965625 0.7072138578125 0.5636436781249999 0.704745365625 0.579078978125 0.7026882828125001 0.595440390625 0.73272170625 0.60037968125 0.7471212859375 0.60099711875 0.7722176921874999 0.6006883953125 0.8191191890624999 0.6019232125 0.815005021875 0.5877227421875 0.826936109375 0.557160846875 0.837632934375 0.522277075 0.8545010078124999 0.47967565468749995 0.85491241875 0.4688709390625 0.7186583578125 0.4676268640625 0.7068024484375 0.48677588906249997 0.71585363125 0.5127072 0.714207959375 0.5306121390625
480 0.8257018468749999 0.5966752078125 0.836398671875 0.599144865625 0.9063394921875 0.601305796875 0.9145678234375 0.597601334375 0.9211505140625 0.5898836859375 0.9408985218750001 0.5287598953125 0.9388414390625 0.5207335453125 0.9388414390625 0.514250725 0.949949675 0.50838530625 0.9524181359374999 0.49418484375 0.96064646875 0.478132125 0.863963603125 0.47874954374999995 0.861135003125 0.47187030312499995 0.85614668125 0.47288412031249993 0.85491241875 0.48060177031249995 0.8257018468749999 0.5676568546875 0.8257018468749999 0.5966752078125
480 0.538770990625 0.741721353125 0.5391209109374999 0.7477604062500001 0.5513683484375 0.7456598624999999 0.551313703125 0.65661541875 0.4698353953125 0.65822499375 0.4694854734375 0.746710134375 0.538770990625 0.741721353125
480 0.3806643140625 0.6802806312499999 0.3166277265625 0.6815934671874999 0.31376145312500003 0.689426503125 0.31487809218749996 0.752224040625 0.38241394687499997 0.7509112046875 0.3806643140625 0.6884202187499999 0.3806643140625 0.6802806312499999
480 0.3876957640625 0.647428315625 0.388712640625 0.7312186671875 0.4663963796875 0.73016839375 0.46569653593749993 0.6432586640625 0.3876957640625 0.647428315625
480 0.170671921875 0.752802546875 0.1703220015625 0.692149534375 0.174171190625 0.6847976546875 0.1069852546875 0.68506021875 0.099636796875 0.692149534375 0.098958221875 0.6923795 0.10068656250000001 0.7606795625 0.1444274109375 0.7591041640625 0.14512728125000002 0.7556907828125 0.170671921875 0.752802546875
480 0.232931346875 0.7555671375 0.24344031875 0.7549446 0.24261067500000003 0.690408790625 0.24537619687499998 0.683560940625 0.176054715625 0.6846322812500001 0.16960088125 0.6920688734375 0.1715367390625 0.75286949375 0.232931346875 0.749964340625 0.232931346875 0.7555671375
480 0.3113466421875 0.6895266390625 0.31466526093749997 0.682886296875 0.2469329921875 0.68385435 0.24331479687500002 0.689941653125 0.24331479687500002 0.754477471875 0.3132824984375 0.7524023640624999 0.3113466421875 0.6895266390625
163 0.633050353125 0.6422087515625 0.54973768125 0.6414615875 0.5524115953125001 0.6452409859375 0.5500695984374999 0.746564084375 0.6347099671875001 0.7445716124999999 0.6347099671875001 0.6459446265625 0.633050353125 0.6422087515625
163 0.70789665625 0.7456485125000001 0.7185194953125 0.7456485125000001 0.7208801078125 0.6477845296875 0.7155687109375 0.641585003125 0.634228659375 0.6422339953125 0.636782778125 0.6482273546874999 0.63589755625 0.7438772124999999 0.7067163609375 0.7432129703125 0.70789665625 0.7456485125000001
163 0.8049774390625 0.6482273546874999 0.793764453125 0.640920765625 0.718339953125 0.6411272671875 0.7229456484375001 0.6491130046875 0.7199948859374999 0.7445414546875 0.8017316046875 0.7423273375 0.8049774390625 0.6482273546874999
163 0.8624016703124999 0.6695355000000001 0.8514837578125001 0.6633359750000001 0.8054515390624999 0.662671740625 0.8042957921875 0.670178865625 0.8013204375 0.7421585375 0.8612213531249999 0.7421585375 0.8624016703124999 0.6695355000000001
163 0.92407305 0.6726352671875 0.906958496875 0.662671740625 0.855319784375 0.6640002078125 0.8638770609374999 0.670642559375 0.8624016703124999 0.7419371296875 0.922892709375 0.7419371296875 0.92407305 0.6726352671875
166 0.421225559375 0.42446414062500004 0.41706456718749996 0.43695292812500003 0.5566887625 0.44007509687499996 0.557613446875 0.4279332421875 0.549291459375 0.42446414062500004 0.5553017890625 0.41752595000000003 0.55160311875 0.3915076890625 0.554377103125 0.35612285 0.558075771875 0.331839140625 0.5774936937499999 0.31484053749999996 0.5682470578125 0.3103307078125 0.5691717421875 0.2978419546875 0.5650107484375 0.2929852 0.5381954906249999 0.2926383015625 0.5210892265625 0.2929852 0.5150788984375 0.29749502968749997 0.44576186562500003 0.295739190625 0.44110580781250003 0.32871694375 0.417989215625 0.3477970015625 0.418451540625 0.3915076890625 0.421225559375 0.42446414062500004
166 0.286355025 0.39035015624999997 0.2817949703125 0.40631770468750006 0.2886350375 0.42912849375000006 0.31599524687499997 0.4294136234375 0.3148552546875 0.435971734375 0.41669605625 0.43796766875 0.4231561265625 0.4251366 0.4197360921875 0.418008228125 0.42125610937499997 0.41087985781249997 0.4193560953125 0.34957587343749996 0.4391162421875 0.3293312921875 0.44557628281249995 0.29568538125 0.4090959953125 0.2934042984375 0.4090959953125 0.288557009375 0.2722948953125 0.285990796875 0.2704170578125 0.287971371875 0.271914896875 0.307946178125 0.2749549328125 0.3227731921875 0.280274953125 0.332182640625 0.286355025 0.39035015624999997
166 0.1715713703125 0.4322688078125 0.2243918015625 0.4334093515625 0.22591182031249998 0.42799178437499996 0.2867123078125 0.4282769375 0.2810122625 0.41145397656249993 0.2760722109375 0.40603640937499996 0.2741721953125 0.395486428125 0.2692321734375 0.3698243015625 0.26543214375 0.363836453125 0.26733215781249997 0.3330418796875 0.27455219375 0.324202703125 0.270372165625 0.30082164218749996 0.170051353125 0.29711489062499996 0.1723313953125 0.40090397343750006 0.1708113765625 0.4080323453125 0.1715713703125 0.4322688078125
166 0.4241282671875 0.5386984390625 0.43521316250000003 0.5979944749999999 0.4484435171875 0.601482484375 0.5432015390625 0.601482484375 0.551068259375 0.601482484375 0.5575046375 0.5985310828125 0.554644034375 0.5564067625 0.557862209375 0.524746440625 0.557862209375 0.5161605875 0.554644034375 0.50489165625 0.5889714640625 0.465987021875 0.51817111875 0.4651820953125 0.5138802 0.465987021875 0.49135280937500003 0.4643771734375 0.4277040421875 0.463035634375 0.408242415625 0.4651066765625 0.41161305625000005 0.484231953125 0.41697671875 0.5000621125 0.42019489375 0.5175021265625 0.4241282671875 0.5386984390625
166 0.295023790625 0.6011463984375001 0.303605653125 0.604366084375 0.3293512453125 0.6032928484375 0.405515225 0.601951309375 0.4166001203125 0.5928288390625001 0.42196378125 0.5796817828124999 0.42732744375 0.5579488312499999 0.4212486390625 0.52333711875 0.4176728640625 0.5029457328125 0.40837585625 0.46430939687499995 0.3136178328125 0.46296785468749996 0.31218751718750004 0.47423678750000003 0.2848577140625 0.47449464375000006 0.28572678125 0.5072386484375 0.285369209375 0.5238737359375001 0.287872240625 0.5346060484375 0.295023790625 0.6011463984375001
166 0.15698287187499999 0.60409818125 0.248880290625 0.603561553125 0.2685470515625 0.60329325 0.276771315625 0.600610171875 0.2789167734375 0.553924615625 0.2821349765625 0.528435371875 0.2839228640625 0.502946134375 0.2846380359375 0.4742371890625 0.22027409531250003 0.47235903125 0.2206316671875 0.46189503125 0.19059515625 0.461358409375 0.1757784859375 0.4681242375 0.18737695468749999 0.53460645 0.151619209375 0.5453387625 0.15877075937500001 0.5737793890625 0.15698287187499999 0.60409818125
166 0.157108071875 0.9106491390624999 0.184162409375 0.910354915625 0.176320575 0.81209025 0.17122337031249998 0.8009104390624999 0.13946394374999999 0.8009104390624999 0.1406402 0.7920842703125001 0.10696077500000001 0.7949264703125001 0.094373390625 0.81562071875 0.09986268125 0.91771005625 0.157108071875 0.9159448265625001 0.157108071875 0.9106491390624999
166 0.2684621078125 0.9100607140625 0.27395142968749997 0.9032939984375 0.2727751421875 0.8435702515625 0.2676779359375 0.7891422140625 0.23238967812500003 0.790024828125 0.2300371640625 0.8006162265625001 0.18441175625 0.8011764703124999 0.1814177484375 0.813561278125 0.190435871875 0.9112375406250001 0.2480733484375 0.9135911953125 0.2684621078125 0.9100607140625
166 0.3549386984375 0.89476203125 0.3447443484375 0.832390440625 0.339255028125 0.8076771656249999 0.34827315 0.7876711859375 0.27656861875 0.7894117656249999 0.27534408906249996 0.8023814671875 0.2757361734375 0.89976351875 0.319650440625 0.898292490625 0.3549386984375 0.89476203125
166 0.3478135515625 0.874461840625 0.35173446875000003 0.8847590359374999 0.35840001718750003 0.9065302562499999 0.39564873437500003 0.8988809140624999 0.43799465625 0.89123155 0.430152821875 0.862693615625 0.42780027656249997 0.8176801609375 0.42936862031249995 0.79149585625 0.4144691515625 0.78472913125 0.3486274421875 0.7868382359375 0.3387954296875 0.8106192218749999 0.34467680624999997 0.8403339828125 0.3466372640625 0.8629878171875 0.3478135515625 0.874461840625
166 0.5126002921875 0.8988809140624999 0.5153449218749999 0.836803525 0.5145607515624999 0.826506328125 0.511816090625 0.8132670765625001 0.4792724921875 0.816503334375 0.46437299374999996 0.8159149203125 0.4471568546875 0.817352940625 0.440455403125 0.8341556703125 0.43457402656250005 0.8771096953124999 0.43927911562500005 0.8965272609375001 0.5126002921875 0.8988809140624999
166 0.5733744859375001 0.9006461437500001 0.5843530671875 0.8950562328125 0.5878819281250001 0.8668124875000001 0.592194903125 0.84857175 0.5851372390625 0.84739494375 0.5816084359375 0.8406281953124999 0.5878819281250001 0.834449871875 0.5804321484375 0.823270059375 0.512992378125 0.8088539921875 0.512843128125 0.814411765625 0.516521209375 0.831802028125 0.5149528375 0.889760521875 0.5733744859375001 0.9006461437500001
933 0.666799653125 0.895985184375 0.6732294484375 0.8946067203125001 0.7344654187499999 0.8952959437500001 0.73599631875 0.8879442078125 0.73630249375 0.85899675625 0.7396704671875 0.824076015625 0.6623004203125 0.826880284375 0.664044053125 0.8665782312499999 0.665268753125 0.8812816937499999 0.6671058515625 0.8851873046875 0.666799653125 0.895985184375
933 0.8033558859375001 0.894147234375 0.8119289078125 0.83832000625 0.8125412828125 0.8270626562500001 0.8036620609374999 0.8190216953125 0.781923296875 0.8164945359375 0.7727379015625 0.8141971187499999 0.768145203125 0.8116699593750001 0.755898009375 0.8105212515625 0.7491620390625 0.8176432453125001 0.744263165625 0.8204001468750001 0.7384753046875 0.8234351890625 0.7369148437499999 0.8576183000000001 0.7369148437499999 0.8679566781249999 0.73630249375 0.895066196875 0.8033558859375001 0.894147234375
933 0.8716339796874999 0.892309303125 0.875001978125 0.8739299671874999 0.880207025 0.8440635500000001 0.8811255734375001 0.8291303390625 0.880207025 0.818791953125 0.8756143281250001 0.8091428015625001 0.8753081296874999 0.8144268625000001 0.8676536328125 0.812588928125 0.861836234375 0.8139673765625 0.8599991359375 0.817183759375 0.8572435359374999 0.8213191125 0.8526508390625 0.8220083359375 0.849589040625 0.820629884375 0.8410159953124999 0.820629884375 0.8134598078125 0.818791953125 0.8131536328125 0.8289005875000001 0.810398009375 0.85164501875 0.8042744125000001 0.887484721875 0.8716339796874999 0.892309303125
933 0.8782370593750001 0.8615276890624999 0.8730320109375 0.88679929375 0.9091612203125001 0.8909346250000001 0.9410039296875 0.8918535953125 0.944678078125 0.8900156640624999 0.944678078125 0.8845018765624999 0.9431471796875 0.8808259953125 0.9428410046875 0.8757716765625 0.9428410046875 0.8677307171875001 0.9483522515624999 0.8601492421874999 0.9529449484375 0.82936385 0.95263875 0.81420090625 0.9449842765625001 0.8022543265625 0.93671740625 0.8024840687499999 0.929062909375 0.8047814859375 0.9192651640625 0.8052409718750001 0.9091612203125001 0.8052409718750001 0.8984449250000001 0.8045517437499999 0.8883410046875 0.801565103125 0.8808725765625001 0.8050613484375001 0.8809926828125001 0.81672805625 0.8800741328124999 0.8289043656249999 0.8794617828125 0.848202671875 0.8782370593750001 0.8615276890624999
933 0.8016910796875001 0.973037921875 0.803221978125 0.9771732703125 0.801078728125 1 0.8727247953124999 0.9980797703125001 0.8846658156249999 0.9365089953125001 0.8854660359375 0.92937186875 0.813325921875 0.9307654578125 0.8041405265625 0.93903615 0.8016910796875001 0.973037921875
933 0.803282578125 0.9319148531250001 0.757661775 0.9332932953125 0.7564370515625 0.9424829625 0.737709728125 0.94544898125 0.7267376140625 1 0.7993022296875 0.999229165625 0.804201103125 0.95144289375 0.803282578125 0.9319148531250001
933 0.738066259375 0.943401934375 0.6688696171874999 0.942253225 0.6688696171874999 0.9371989062500001 0.658855325 0.9376975156249999 0.652029725 0.9803903625 0.652029725 0.9980804578125 0.7264314390625 1 0.738066259375 0.943401934375
163 0.398900771875 0.952874571875 0.334603003125 0.9554017281249999 0.3352153765625 0.9629832015625001 0.333990653125 1 0.3995131453125 0.9972147187499999 0.398900771875 0.952874571875
163 0.46473833750000004 0.9595947718750001 0.46290126249999997 0.9504051046875001 0.4004731796875 0.952913353125 0.40044056718750004 0.9614327046875 0.3998282171875 0.9997995718749999 0.46473833750000004 1 0.46473833750000004 0.9595947718750001
163 0.52781140625 0.954310715625 0.522912509375 0.9469589781250001 0.46401604843750005 0.9506166234375 0.4656568859375 0.9591352875 0.46412598593750004 1 0.5281175578124999 0.9997995718749999 0.52781140625 0.954310715625
933 0.987381434375 0.08729133125 0.9693511328125 0 0.89406499375 0.0010626765625 0.9049571999999999 0.077241240625 0.8982602546875 0.088837540625 0.985320821875 0.09231640625000001 0.987381434375 0.08729133125
933 0.8163511640625 0.041292685937500004 0.8137754062500001 0.059460225 0.8070784218749999 0.083039390625 0.8982602546875 0.08922404843750001 0.9049571999999999 0.07646812187499999 0.8934209484375 0.0010626765625 0.8173814515625001 0 0.81480569375 0.015394281249999999 0.8163511640625 0.041292685937500004
933 0.8062862296875 0.082943940625 0.8109438093750001 0.068646946875 0.8151779796874999 0.056573953125 0.816871653125 0.04291240625 0.8139077468749999 0.020037253125 0.816871653125 0.000339203125 0.72479843125 0 0.721179428125 0.0499020265625 0.7194857546875 0.0654698421875 0.7258370078125 0.0797668359375 0.8062862296875 0.082943940625
933 0.72336941875 0.045454087500000004 0.72336941875 0 0.6332193125 0.0004764234375 0.6276771937500001 0.07404802656250001 0.7127839953125 0.0781782828125 0.7199820703124999 0.059751056250000004 0.72336941875 0.045454087500000004
933 0.634451859375 0.0000215046875 0.528406215625 0 0.5294444406250001 0.071188628125 0.619632265625 0.07468345 0.6331815953125 0.07468345 0.634451859375 0.0000215046875
933 0.3506139921875 0 0.3546376390625 0.063311375 0.45061349687499996 0.0669731625 0.4511557265625 0 0.3506139921875 0