797 0.8238505843749999 0.24933175156249998 0.7195828515625 0.23994660781250002 0.6988159031250001 0.46730177968750003 0.719026971875 0.4723283359375 0.80021390625 0.473242278125 0.8238505843749999 0.24933175156249998
797 0.6551368015625 0.4747290984375 0.656964009375 0.4613233296875 0.6989898718750001 0.4686355578125 0.716614475 0.241232034375 0.61402453125 0.23301869218750002 0.5972750875 0.4714792296875 0.6551368015625 0.4747290984375
797 0.5979335515625 0.46416696875 0.610114965625 0.27364230625 0.502642878125 0.2650912640625 0.49652327500000004 0.46741686875 0.52971763125 0.46985427968750004 0.5294131 0.4605108390625 0.5979335515625 0.46416696875
797 0.429130103125 0.4662048296875 0.429130103125 0.4572676484375 0.496127878125 0.4552364703125 0.5028276703125 0.26674295625 0.3914690234375 0.257984259375 0.38862691875 0.4552364703125 0.4032446 0.45483024062500005 0.404158215625 0.46539236875 0.429130103125 0.4662048296875
797 0.3890679015625 0.45483024062500005 0.390590578125 0.25496211406249997 0.275476234375 0.24724364687499997 0.27572638125000004 0.2488466828125 0.2785215875 0.4592988296875 0.334860625 0.46295495937500003 0.33455609375 0.4544239796875 0.3890679015625 0.45483024062500005
797 0.1795148640625 0.6858743578125 0.24870114999999998 0.6849560515625 0.273140109375 0.6771502984375 0.2814011390625 0.6748544953125 0.269353775 0.6587838703125 0.2662559015625 0.638580828125 0.2662559015625 0.5931238953125 0.265567465625 0.5692475546875 0.2597158984375 0.553636084375 0.25248748593750003 0.5146074265625 0.1778141859375 0.5136471968749999 0.16953275625 0.5990929984375 0.16918855156249998 0.68036444375 0.17744960625 0.680823596875 0.1795148640625 0.6858743578125
797 0.2650371125 0.5693783796874999 0.2656736109375 0.633056359375 0.260581721875 0.64366935625 0.2580358 0.6559804390624999 0.26185469375000003 0.673385746875 0.27553910312499996 0.675932859375 0.28699580625 0.6878194296875 0.2968613 0.6907910546875 0.3417333984375 0.68654585625 0.3528718625 0.67423480625 0.36273738125 0.5545201843750001 0.367192746875 0.54220911875 0.36878395625 0.5303225484375 0.3678292453125 0.5167379265625 0.3334591140625 0.512492728125 0.3331408765625 0.5006061578125001 0.26376414062500003 0.49678548906250003 0.2589905125 0.5120681968749999 0.2523281234375 0.5168045109375 0.258672275 0.552397584375 0.26153645625 0.5596144265625 0.264718875 0.5647086671875 0.2650371125 0.5693783796874999
797 0.35620264375 0.67882153125 0.361371303125 0.6820874406249999 0.37279674375 0.6900708468750001 0.381773890625 0.6889821921875 0.4244832953125 0.6875306609375 0.43536467500000003 0.6770071234375 0.44869436875 0.6737411859375 0.4481503078125 0.6338242234375 0.443797740625 0.613139996875 0.44352570937499997 0.5957216796875 0.441349446875 0.5768518609375 0.43971722187499995 0.5587077921875 0.44352570937499997 0.5340318484375 0.444341821875 0.5296772828125 0.44651808437499996 0.5151620359375 0.42883584375000006 0.5147991390625 0.42856381250000003 0.5028240578125 0.40326461875 0.5028240578125 0.40272053750000003 0.51262185 0.3660151453125 0.513414303125 0.3665399625 0.538386428125 0.36245944531249996 0.5561676203125 0.35212212656249997 0.67918440625 0.35620264375 0.67882153125
797 0.4474183 0.6332649921875 0.4474183 0.6728190515625 0.47516580937499997 0.6793509281250001 0.4762539515625 0.67027889375 0.5110743734375001 0.6717304093750001 0.5146108093749999 0.625644475 0.5170591250000001 0.6067746546875 0.5200515 0.5850017734375 0.5216837015625 0.566494815625 0.5238599859375 0.54726210625 0.5284845640625 0.539641609375 0.52957270625 0.5302066796875 0.528756615625 0.518231596875 0.5254921890625 0.5069822734375 0.49720059843750003 0.5058936359375 0.49611247656249996 0.5120626109375 0.4485064421875 0.5153285421875 0.44687421875 0.515691425 0.44143352968749994 0.5356499 0.44117715 0.5542262515624999 0.44333778281249997 0.589719228125 0.4441538734375 0.6045973578125 0.4441538734375 0.6154837984375 0.4474183 0.6332649921875
797 0.606768984375 0.647511771875 0.6070410140625 0.6271903937500001 0.6054088125 0.6017886984375 0.6016003249999999 0.5600573484375 0.600240153125 0.535018521875 0.5975198078124999 0.5317525921875 0.6026884671875 0.5110683515625001 0.5926232 0.5088910609374999 0.5912630265625001 0.5208661515624999 0.52923915625 0.516511584375 0.52923915625 0.5263093703124999 0.5286950953125 0.5335669984375 0.523798465625 0.5477193703125 0.5153654015625 0.6224729234375 0.5115569140625 0.6696475015625001 0.6054088125 0.6721876734375 0.606768984375 0.647511771875
797 0.270020109375 0.7340417031250001 0.268922534375 0.743704859375 0.200872840625 0.74458333125 0.2015313921875 0.7346273531249999 0.1847526578125 0.734107334375 0.1898970828125 0.8772321484375001 0.2851666578125 0.88103885625 0.2840690828125 0.7355058171875 0.270020109375 0.7340417031250001
797 0.376547353125 0.74392635 0.376547353125 0.7339703578125001 0.2850095453125 0.734848825 0.2851975109375 0.737766528125 0.2863266328125 0.8909234921875001 0.382693784375 0.8953158374999999 0.3855474875 0.745683278125 0.376547353125 0.74392635
166 0.4747007015625 0.7318475 0.44199294218749996 0.7318475 0.44067585468750003 0.7432675953125 0.38756344062500003 0.746914509375 0.386675115625 0.89231450625 0.472066509375 0.8902647546875 0.477115365625 0.742681953125 0.4747007015625 0.7318475
166 0.565481053125 0.74239263125 0.5630663890625 0.730386896875 0.476481834375 0.7326436562499999 0.478553059375 0.74239263125 0.473723715625 0.8888041421875 0.5569199593749999 0.8873400265625 0.565481053125 0.74239263125
166 0.650114625 0.741733021875 0.6185044421875 0.73909760625 0.6185044421875 0.7308985640625 0.562106953125 0.7311799796875 0.5666988546875 0.744954065625 0.5561621375 0.8860947546875 0.638919340625 0.8831665234375 0.650114625 0.741733021875
166 0.182314821875 0.3661955640625 0.168708671875 0.3739741234375 0.170263665625 0.44657399375000006 0.168708671875 0.45694540625 0.1897010234375 0.45487115468750006 0.1908672765625 0.44709259531249995 0.26123050625 0.4517596984375 0.26123050625 0.46005686093750003 0.27950161093750003 0.45798257031249995 0.2756674859375 0.24637701406249998 0.16948618437500002 0.2391457671875 0.1710411484375 0.30448565 0.182314821875 0.3661955640625
932 0.721323878125 0.5139628640625 0.721061259375 0.52692499375 0.7132072515625001 0.5293620703124999 0.7005766265625 0.6877254390624999 0.792232284375 0.6884260828125 0.8116664171875 0.5167654828125 0.721323878125 0.5139628640625
932 0.606873259375 0.6365770562499999 0.6052975218750001 0.67371181875 0.6079237578125001 0.6726608109375001 0.6079237578125001 0.6884255593749999 0.6179034437500001 0.6884255593749999 0.6173782046875 0.6814190046874999 0.6788321421875 0.677915728125 0.679882640625 0.6887758828125 0.7006298937500001 0.6863235984375 0.7129732171875001 0.5283257796874999 0.6517818984375 0.5160643078125 0.6517818984375 0.5097584078125 0.6038720078125001 0.5100998046874999 0.5971561921874999 0.5328800359375 0.60030766875 0.53498201875 0.606873259375 0.6365770562499999
890 0.0631974765625 0.673225546875 0.05322332187499999 0.7014987890625 0.05322332187499999 0.7089828953125 0.0647559390625 0.7089828953125 0.0650676375 0.7023303734375 0.1351983875 0.7064882046875 0.1364451609375 0.7131407265624999 0.1623156296875 0.7148038640625 0.1632506921875 0.7027461515625 0.17104299843749998 0.6836201234375 0.1682377875 0.629984125 0.1707313109375 0.575932334375 0.17727684375 0.516475375 0.16013376875000002 0.5177227125 0.156393471875 0.55846944375 0.1105747171875 0.5617957046875001 0.0716131703125 0.5601325828125 0.065379325 0.5472433 0.054158407812499997 0.548490653125 0.057750573437499994 0.555527853125 0.0647559390625 0.5713587109375 0.05821040625 0.6150159265624999 0.061015628125 0.6461996531249999 0.0631974765625 0.673225546875
890 0.061639015625 0.9039074234375001 0.12241900937500001 0.9064021312499999 0.1230424078125 0.91513356875 0.1401854828125 0.9109757390625 0.1457959296875 0.9030758703125 0.1585753078125 0.898086471875 0.1579519328125 0.8847814125 0.156393471875 0.8752184062499999 0.14860116406249999 0.8660711781250001 0.146731015625 0.8573397406250001 0.150159625 0.8490240796874999 0.1538999234375 0.8298980531250001 0.1585753078125 0.7991301281250001 0.15919870625000002 0.7700253171875 0.050074065625 0.7720196953125 0.05665194375 0.808277340625 0.0588337921875 0.83738214375 0.060392253124999996 0.8590028640625 0.061639015625 0.9039074234375001
890 0.14279396875 0.1934272703125 0.14436019687499999 0.1798467921875 0.13574582968749999 0.1798467921875 0.13574582968749999 0.13544904687499998 0.133004903125 0.09888619843749999 0.1294808328125 0.074336853125 0.12517365 0.0257605015625 0.08758360937500001 0.0262828203125 0.08484268125 0.013746996875 0.062915178125 0.00852374375 0.062915178125 0 0.0069513828124999994 0.00208868125 0.012012031250000001 0.1516411578125 0.040204531249999995 0.1526858546875 0.040987675 0.1845477375 0.14279396875 0.1934272703125
146 0.7189184187500001 0.8688787078125 0.7197714125 0.8663754296875 0.7433140625 0.7685198609375 0.7515028171875 0.7587343140625 0.751844009375 0.7523623171875 0.7445082625 0.7314257765625001 0.6824102390625 0.7314257765625001 0.6836044265625 0.738935621875 0.6559674 0.7387080546875 0.656531125 0.7445605890625 0.6416370859375 0.8468043109375 0.6493140390625001 0.869561428125 0.6523848250000001 0.87206470625 0.7189184187500001 0.8688787078125
844 0.8808790515625 0.7685195203124999 0.7734017078125001 0.7644232515625 0.7744253 0.8163094515625 0.76623655625 0.8338324265624999 0.7858554375 0.8299637171875001 0.8834654125 0.8267460640625 0.885314634375 0.8194954421875 0.8873618171875 0.790593921875 0.8808790515625 0.7685195203124999
844 0.88766019375 0.850027390625 0.8891955734374999 0.8386488406250001 0.8823716156250001 0.8277254218750001 0.824709175 0.82795299375 0.8108906499999999 0.8277254218750001 0.801678315625 0.8288632781249999 0.783936021875 0.8295459968750001 0.775756940625 0.8349930484374999 0.77984164375 0.8459311046875 0.7781356546875 0.8784737765624999 0.8825422250000001 0.8716466437499999 0.88766019375 0.850027390625
844 0.8851136593750001 0.8221660921874999 0.88340766875 0.8255796578125001 0.8849430625 0.8283105046875001 0.8970555859375 0.8278553687500001 0.8977379843750001 0.8260347937500001 0.93612275 0.8244418031249999 0.9487470890624999 0.8233039468750001 0.9596654109375 0.8230763703124999 0.970924953125 0.8203455171874999 0.9794549015625 0.8171595265624999 0.9883260421875001 0.8073739718749999 0.9898614218749999 0.775969159375 0.9942970046875 0.7598116125 0.988667234375 0.758901328125 0.9763841140625 0.7550326187499999 0.939705325 0.75662561875 0.926057409375 0.75867375625 0.9192334499999999 0.7614046109375 0.9076327296875 0.7614046109375 0.9045619437499999 0.760039184375 0.8893786328125 0.7611770390625 0.8768536046875001 0.7604858015625 0.8823840781250001 0.7714177390625 0.886307859375 0.788940709375 0.887502046875 0.8046431171874999 0.8851136593750001 0.8221660921874999
844 0.8932595843750001 0.8719388468749999 0.90247193125 0.8723939812499999 0.9222614078125 0.8723939812499999 0.9400037156250001 0.8719388468749999 0.98077685625 0.8692079921874999 0.9858948249999999 0.8475887390624999 0.9906716 0.8291554765625 0.990500990625 0.8218732078125001 0.9828240375 0.8134530718749999 0.977023684375 0.8186872093750001 0.9686643187499999 0.820280209375 0.9591107937500001 0.82323863125 0.94887485625 0.8234661984375 0.8970127703124999 0.8255143421875 0.896330371875 0.8275624859375 0.8834654125 0.8295898515625 0.8881416156249999 0.8389410406250001 0.88234125 0.8696631359375001 0.8820000562500001 0.8723939812499999 0.8932595843750001 0.8719388468749999
844 0.80014508125 0.9989294031249999 0.8106064906249999 0.9467375828125 0.805375784375 0.9299915421874999 0.8045388843750001 0.9188275140625001 0.76543149375 0.9229192953125 0.7614378640624999 0.9383645625 0.7637393875 0.9687865312499999 0.7616471046875 0.998371209375 0.80014508125 0.9989294031249999
844 0.8493688390624999 1 0.851042671875 0.96613445625 0.852925728125 0.9549704296874999 0.8525072625 0.9474347078124999 0.8499965296875001 0.9438064015625001 0.8575287578124999 0.9359915734375001 0.8598302484375001 0.922315646875 0.8453934999999999 0.9153381296875001 0.8204953578125 0.9172918359375 0.81672924375 0.9206410359375001 0.8148461875 0.9167336328125 0.804406715625 0.918385265625 0.805849384375 0.9309677640625 0.80961548125 0.9446437015625 0.7987356218749999 1 0.8493688390624999 1
844 0.8497383171875 0.9179098078125 0.8605265031249999 0.9218797203125 0.857178440625 0.93577441875 0.8508543328125 0.943962359375 0.8527143625000001 0.9481803937500001 0.8517843484375 0.9605863687499999 0.849366315625 1 0.88898496875 0.99954113125 0.890659 0.9853983171875 0.89270503125 0.9754735390624999 0.893635046875 0.9655487578124999 0.8945650625000001 0.956368334375 0.8964250921874999 0.9456991984374999 0.8967971078125 0.941233040625 0.895495078125 0.93627065 0.8906842156250001 0.9165894531250001 0.8871249375 0.9139398999999999 0.8508543328125 0.9151804968749999 0.8497383171875 0.9179098078125
844 0.8971285874999999 0.9394962109374999 0.8934085265625 0.9677818281249999 0.8891304625 0.99904488125 0.8924785109375 0.99954113125 0.903638696875 0.9970599265625 0.9084747890625 0.9968118296874999 0.9175889296875 0.9945787312500001 0.9289351296874999 0.9948268562499999 0.930609146875 0.9930900375 0.9317251765625001 0.987383271875 0.935259225 0.9700149078125 0.9393513015625 0.937511246875 0.9412113312500001 0.9154286140625001 0.9188909593749999 0.9131955390625001 0.9116368359375 0.9131955390625001 0.905498728125 0.9134436687499999 0.8988026187499999 0.91691733125 0.8932421828124999 0.9190699062500001 0.893222525 0.9193985265625001 0.891920509375 0.922872203125 0.8971285874999999 0.9394962109374999
844 0.9323805859375 0.9912931031250001 0.9329385859375 0.996751734375 0.94242475625 0.9952630203125 0.967163159375 0.9907968625000001 0.9693951921874999 0.9766540687499999 0.9718132374999999 0.9295113453124999 0.964931128125 0.9084211874999999 0.9383326796875 0.9101580203124999 0.9383554249999999 0.9144190562500001 0.9413087265625 0.9148722906250001 0.9398207093750001 0.939436125 0.9323805859375 0.9912931031250001
844 1 0.9044512843750001 0.966047159375 0.9081730765625 0.9716272515625001 0.9297594609375001 0.96958120625 0.978887128125 0.966791159375 0.990300640625 0.976463315625 0.9905487374999999 0.9846474687500001 0.9907968625000001 0.991901578125 0.9898043812499999 1 0.9875713109375001 1 0.9044512843750001
844 0.877682853125 0.6483478296875 0.8711727453125 0.6498365421875001 0.856106496875 0.6485959453125 0.8462483265625 0.64685910625 0.8034676125000001 0.645866634375 0.8027235968750001 0.6677011484375 0.800863565625 0.71608445 0.9262296609374999 0.71509196875 0.9332977843749999 0.70888898125 0.9350998296874999 0.6527312484375 0.9267876749999999 0.6485959453125 0.888471025 0.6471072312499999 0.877682853125 0.6483478296875
844 0.8055691421875 0.5732395703125001 0.797385009375 0.6444498671875001 0.846117825 0.647427303125 0.927401175 0.648419775 0.9325418624999999 0.587619353125 0.826029484375 0.5868861421875 0.8250994687500001 0.5744801671875 0.8055691421875 0.5732395703125001
844 1 0.586268625 0.9330069468750001 0.5879294093749999 0.9277300437499999 0.6415992703125 0.9682787265625 0.64383235 1 0.6418473953125 1 0.586268625
844 0.9292223843749999 0.714533425 0.9336864625000001 0.716518396875 0.9383365390625 0.7162702640624999 1 0.713044703125 0.9999035781250001 0.6430750171875 0.9690270515625 0.6450599609375 0.9281235562499999 0.641879265625 0.927176353125 0.6490298734375 0.9351744921874999 0.6522554265625 0.9338724624999999 0.709322909375 0.9292223843749999 0.714533425