844 0.47421875 0.17890625 0.2421875 0.17734375
864 0.2046875 0.14921875 0.221875 0.14375
864 0.7609375 0.171875 0.19765625 0.17734375
318 0.21796875 0.41875 0.2109375 0.1578125
318 0.459375 0.4125 0.19765625 0.1390625
318 0.70859375 0.4296875 0.196875 0.1359375
318 0.25703125 0.53125 0.203125 0.11953125
318 0.44453125 0.534375 0.18203125 0.1328125
318 0.6703125 0.5421875 0.2234375 0.15078125
318 0.871875 0.540625 0.1875 0.121875
318 0.26640625 0.7203125 0.1703125 0.103125
318 0.45234375 0.725 0.1875 0.0890625
318 0.628125 0.796875 0.14296875 0.2046875
318 0.828125 0.740625 0.19296875 0.08515625
318 0.13125 0.884375 0.17578125 0.0859375
318 0.29921875 0.88515625 0.11875 0.07734375
318 0.46328125 0.8890625 0.165625 0.0734375
318 0.64296875 0.90703125 0.15 0.08671875