147 0.2265625 0.5390625 0.32265625 0.16640625
147 0.23203125 0.43125 0.30546875 0.05703125
147 0.20703125 0.37578125 0.35078125 0.04921875
974 0.57734375 0.53515625 0.371875 0.1859375
974 0.8828125 0.54921875 0.234375 0.1765625
974 0.79765625 0.80234375 0.284375 0.1859375
974 0.240625 0.775 0.21015625 0.09296875
974 0.06640625 0.7734375 0.13203125 0.1
974 0.421875 0.1515625 0.2875 0.17578125
147 0.21015625 0.1421875 0.10546875 0.06953125
147 0.0475487328125 0.20125528125 0.0557135640625 0.24334470625 0.279734253125 0.24210355625000002 0.2681611796875 0.1775627109375 0.0475487328125 0.20125528125
147 0.73984375 0.1953125 0.28515625 0.10078125