762 0.2984375 0.375 0.121875 0.184375
762 0.4125 0.37734375 0.10546875 0.18515625
762 0.52421875 0.38203125 0.1015625 0.1859375
762 0.6421875 0.384375 0.1078125 0.1765625
762 0.759375 0.38984375 0.1125 0.1953125
762 0.33984375 0.59296875 0.1234375 0.171875
762 0.46640625 0.59609375 0.109375 0.17421875
762 0.57734375 0.61328125 0.1078125 0.1484375
762 0.33671875 0.77421875 0.08515625 0.1234375
762 0.41484375 0.77734375 0.065625 0.12734375
762 0.490625 0.77890625 0.075 0.1265625
762 0.5765625 0.784375 0.0859375 0.12734375
762 0.665625 0.78359375 0.07421875 0.12890625
269 0.6859375 0.6171875 0.09921875 0.15
497 0.175 0.67734375 0.08203125 0.09921875
497 0.0984375 0.67109375 0.0703125 0.1015625
497 0.03125 0.66953125 0.06171875 0.1109375
497 0.121875 0.4375 0.09140625 0.1046875
497 0.040625 0.428125 0.0734375 0.1140625
497 0.04453125 0.22578125 0.0828125 0.12421875