214 0.44436886875 0.8533886203125001 0.4457888484375 0.724730225 0.3421010703125 0.727162440625 0.3378688109375 0.8541877281250001 0.44436886875 0.8533886203125001
214 0.55796893125 0.851790403125 0.555128971875 0.726328440625 0.46015660625 0.726184696875 0.4585688765625 0.72792671875 0.4401088234375 0.8525895125 0.55796893125 0.851790403125
214 0.5693289796875 0.7255293328125 0.5702249390625 0.726184696875 0.559388909375 0.851790403125 0.6531089390625 0.8501921265625001 0.6758290375 0.7255293328125 0.5693289796875 0.7255293328125
214 0.789428990625 0.751101165625 0.7738091125000001 0.7207346218749999 0.672988971875 0.7207346218749999 0.6714167921875001 0.720193075 0.678668996875 0.7534985515625 0.6587889640625 0.848593909375 0.75960910625 0.8493930171875 0.789428990625 0.751101165625
214 0.7783964953125 0.720004771875 0.7865890328125 0.7503020578124999 0.7652890218749999 0.8533886203125001 0.8675290328124999 0.8541877281250001 0.8888290453125001 0.748703840625 0.8774692125 0.7175381265625 0.7783964953125 0.720004771875
214 0.975449178125 0.7175381265625 0.8830436125000001 0.7191139265625 0.8916692203125001 0.740712634375 0.876049125 0.851790403125 0.9768692671875 0.8541877281250001 0.9939092328125 0.7862624828125 0.9995891484375001 0.7399135265625 0.975449178125 0.7175381265625
365 0.6147689609375 0.58534005625 0.6900289374999999 0.5933312625 0.7241090859375 0.57415241875 0.7468289671874999 0.44629316093750004 0.7297890015624999 0.42231954375 0.7340490484375 0.3192329203125 0.6701490140625 0.3168355640625 0.6678662015625 0.3177557359375 0.6417489984375 0.41273003125 0.6133489828124999 0.43910100312499994 0.5991489750000001 0.56536204375 0.6147689609375 0.58534005625
365 0.55796893125 0.54698230625 0.6048289984374999 0.5501788015625 0.611929003125 0.44069925000000004 0.651688959375 0.3943502640625 0.6531089390625 0.314438209375 0.575008896875 0.31603645625 0.575550825 0.31675713125 0.575008896875 0.3847608109375 0.5494489484375 0.415926525 0.53098889375 0.534196390625 0.55796893125 0.54698230625
365 0.4358488859375 0.578947128125 0.48838887187499996 0.5781480203125 0.5281489359375 0.5693576453125 0.5437689234375 0.45028876249999994 0.513948928125 0.3999441140625 0.5153689078125 0.31044260625 0.45714889843749995 0.30804525 0.45305542499999996 0.3087683015625 0.437268865625 0.40713618125 0.4046088046875 0.4319089359375 0.4046088046875 0.561366440625 0.4358488859375 0.578947128125
365 0.323668803125 0.572554140625 0.36200878125 0.570156815625 0.403188825 0.5549735124999999 0.403188825 0.4414983890625 0.36342886874999997 0.40154236093750006 0.3733688296875 0.308844359375 0.30094881406249996 0.30484875625 0.2968294046875 0.30677109375 0.2910087421875 0.40713618125 0.2640288140625 0.42711419375000004 0.26970873125 0.5557726203125 0.323668803125 0.572554140625
365 0.14900866562499998 0.5501788015625 0.201548759375 0.54937963125 0.2512487859375 0.525406015625 0.24982880624999998 0.4055379640625 0.22426875000000002 0.37437225 0.21716874531250002 0.300853153125 0.144748728125 0.29925490625 0.1406033859375 0.2987822625 0.1319687 0.3887564140625 0.11208866718749999 0.41273003125 0.1177686921875 0.5294016187499999 0.14900866562499998 0.5501788015625
365 0.001328671875 0.5437858125 0.0552886359375 0.550977909375 0.0950487015625 0.5302007875 0.07658864843749999 0.4111317828125 0.0552886359375 0.3799661 0.0269844625 0.292790640625 0.035408603125 0.2904645921875 0.005588609374999999 0.2880672375 0.001328671875 0.5437858125
969 0.06071507968749999 0 0.05492978281250001 0.0226214765625 0.07196985781250001 0.063376628125 0.0620297875 0.1408913265625 0.0662898328125 0.2208033828125 0.0918498890625 0.2208033828125 0.1117298140625 0.16007020156250001 0.275029903125 0.16486494375 0.2381099046875 0.0713678328125 0.24946995312500003 0 0.06071507968749999 0
969 0.3190500140625 0.0737651890625 0.29632991406250003 0.019424982812499998 0.30626998437499997 0.0082372984375 0.3446099625 0.01782675 0.36448999375 0.0026434625 0.24946995312500003 0.0018443390625 0.247121125 0.0021969296875 0.2395298828125 0.0785599 0.265089940625 0.16886054687500002 0.3190500140625 0.1704587625 0.3190500140625 0.0737651890625
969 0.583170134375 0.2375849625 0.7251702125 0.24877260156249997 0.743630265625 0.1712579015625 0.7294302578125 0.12091331406250001 0.7535702265625 0.054586284375 0.7251702125 0.01782675 0.6896701921874999 0.0002460921875 0.6555901515625 0 0.64707016875 0.01782675 0.641236765625 0.013181571875 0.6030501671875 0.024219709375000002 0.577490109375 0.049791571875 0.5632901015625 0.2128121765625 0.583170134375 0.2375849625
969 0.7862302875 0.24477699843749998 0.8004302953125 0.22399984687500002 0.9239703203125 0.208017434375 0.9395904140625 0.021023259375 0.8955703046875 0.0130320546875 0.8941502171875 0.006639065625 0.84161023125 0.001045246875 0.8330903562499999 0.001045246875 0.8089501703125 0.014630271875 0.7578302734375 0.059381025 0.74079030625 0.24078139687500003 0.7862302875 0.24477699843749998
785 0.33325002187499997 0.23598665468750002 0.45679004375 0.23438840625 0.46247006874999996 0.160070203125 0.46815009375 0.05618453125 0.4425900359375 0.021023259375 0.4227100046875 0.019424982812499998 0.41561000000000003 0.0002460921875 0.37442995625000003 0 0.3545500328125 0.019424982812499998 0.29632991406250003 0.0170276578125 0.295054109375 0.0161773828125 0.317629925 0.085751996875 0.31478996718749996 0.192035025 0.33325002187499997 0.199227121875 0.33325002187499997 0.23598665468750002
785 0.461050090625 0.23438840625 0.5675501484375001 0.23838400937499998 0.5732300640625 0.1736552578125 0.5689701265625 0.10253351562499999 0.5732300640625 0.0697695859375 0.5803300671875 0.0418003671875 0.5675501484375001 0.0282153125 0.5419900906249999 0.029014465625000003 0.5391501328125 0.0130320546875 0.5448300484375 0.00504085 0.4511100203125 0.001045246875 0.45128012812499996 0.0021969296875 0.48945010624999996 0.0250188625 0.4425900359375 0.021822353125 0.46247006874999996 0.057782778125 0.461050090625 0.23438840625