933 0.37421875 0.25078125 0.26328125 0.3203125
933 0.1234375 0.253125 0.24375 0.315625
933 0.41796875 0.6140625 0.153125 0.221875
933 0.25546875 0.646875 0.17890625 0.15703125
169 0.56953125 0.6375 0.14375 0.16328125
169 0.71171875 0.64609375 0.1375 0.15
169 0.8640625 0.628125 0.16484375 0.1828125
169 0.79140625 0.3234375 0.184375 0.18046875
169 0.60703125 0.32578125 0.19921875 0.175
163 0.07578125 0.9359375 0.14921875 0.12734375
163 0.2203125 0.93515625 0.134375 0.1296875
163 0.35703125 0.93515625 0.13359375 0.12890625
163 0.49765625 0.93515625 0.13984375 0.12890625
163 0.6625 0.93125 0.146875 0.13046875
163 0.81484375 0.93046875 0.1453125 0.1390625
163 0.10234375 0.8515625 0.1375 0.03125
163 0.23671875 0.85390625 0.12578125 0.03203125
163 0.365625 0.853125 0.12265625 0.03203125
163 0.49921875 0.85 0.12421875 0.03359375
163 0.38203125 0.81796875 0.11796875 0.0328125
163 0.26328125 0.81875 0.11875 0.0265625
163 0.66875 0.8453125 0.146875 0.03828125
58 0.9484375 0.94609375 0.103125 0.1078125