611 0.09609375 0.2984375 0.184375 0.084375
611 0.28984375 0.30703125 0.19453125 0.08203125
611 0.48984375 0.3078125 0.18984375 0.08359375
611 0.69140625 0.303125 0.19921875 0.0796875
611 0.09453125 0.37890625 0.18828125 0.07265625
611 0.2921875 0.3859375 0.19921875 0.06953125
611 0.4921875 0.3859375 0.18828125 0.0671875
611 0.69140625 0.38515625 0.19140625 0.0703125
611 0.8921875 0.390625 0.20859375 0.07890625
611 0.85859375 0.33125 0.125 0.04296875
477 0.24609375 0.67890625 0.3 0.0484375
477 0.25546875 0.715625 0.30546875 0.02578125
645 0.4953125 0.68359375 0.17265625 0.08671875
708 0.6578125 0.69140625 0.146875 0.08359375
645 0.66171875 0.94296875 0.14765625 0.1140625
645 0.09140625 0.93125 0.15546875 0.1171875
645 0.053125 0.08125 0.10546875 0.08203125
611 0.18515625 0.0890625 0.14296875 0.053125
611 0.33671875 0.09375 0.159375 0.05625
611 0.4890625 0.09375 0.13828125 0.0546875
611 0.64609375 0.08125 0.16171875 0.0859375
611 0.80859375 0.08828125 0.15703125 0.075
611 0.94375 0.0921875 0.1125 0.0640625