849 0.14140625 0.0734375 0.18046875 0.0765625
849 0.1109375 0.14765625 0.1765625 0.090625
849 0.12890625 0.22734375 0.17109375 0.07421875
849 0.09921875 0.29140625 0.128125 0.1078125
849 0.1 0.3890625 0.15390625 0.09453125
250 0.296875 0.26875 0.13125 0.0671875
250 0.28203125 0.30703125 0.15859375 0.05859375
250 0.2578125 0.3609375 0.11875 0.07578125
250 0.278125 0.41484375 0.15 0.07265625
250 0.225 0.4625 0.13828125 0.08203125
250 0.20703125 0.53046875 0.15546875 0.1
387 0.45390625 0.56875 0.0859375 0.11484375
387 0.559375 0.56875 0.0890625 0.1109375
864 0.71328125 0.60625 0.11875 0.11328125
864 0.71875 0.47890625 0.08828125 0.0984375
864 0.709375 0.3828125 0.09375 0.0671875
864 0.71015625 0.31328125 0.08828125 0.06953125
864 0.79921875 0.328125 0.0703125 0.07578125
864 0.8203125 0.3984375 0.12890625 0.0765625
864 0.83359375 0.49453125 0.096875 0.0984375
864 0.8515625 0.621875 0.11328125 0.13203125
498 0.48984375 0.1375 0.1859375 0.159375