116 0.7546875 0.95390625 0.04453125 0.09140625
116 0.80546875 0.9515625 0.04375 0.096875
293 0.88828125 0.89375 0.0640625 0.2125
293 0.94140625 0.90234375 0.0484375 0.1953125
293 0.97421875 0.88515625 0.0515625 0.2296875
293 0.68984375 0.9015625 0.0671875 0.196875
293 0.95625 0.4015625 0.03828125 0.22421875
293 0.9828125 0.38359375 0.034375 0.190625
293 0.2234375 0.89921875 0.07578125 0.2015625
293 0.290625 0.9015625 0.06328125 0.196875
293 0.35859375 0.8859375 0.0640625 0.22734375
293 0.41328125 0.88671875 0.02578125 0.20234375
293 0.45078125 0.89765625 0.046875 0.20390625
293 0.52890625 0.89375 0.0609375 0.2125
879 0.1203125 0.67734375 0.0390625 0.0953125
879 0.1640625 0.68984375 0.06171875 0.1328125
879 0.21484375 0.684375 0.05 0.10390625
879 0.26328125 0.6859375 0.0296875 0.1015625
880 0.58828125 0.69375 0.04375 0.12890625
880 0.6234375 0.690625 0.03046875 0.11015625
880 0.65546875 0.6921875 0.0328125 0.115625
880 0.6234375 0.61328125 0.07890625 0.0328125
346 0.553125 0.69140625 0.05 0.10546875
116 0.88203125 0.69765625 0.0359375 0.1171875
116 0.91328125 0.7 0.0359375 0.11796875
116 0.8640625 0.58359375 0.03828125 0.1109375
116 0.6890625 0.6921875 0.03984375 0.12734375
116 0.72578125 0.68984375 0.03671875 0.12734375
116 0.76171875 0.69140625 0.03828125 0.12578125
116 0.90625 0.5796875 0.04375 0.1125
116 0.94375 0.58359375 0.034375 0.1171875
116 0.94609375 0.6953125 0.034375 0.1125
116 0.98125 0.70546875 0.03125 0.1203125
51 0.32578125 0.64375 0.06171875 0.2140625
51 0.38515625 0.64140625 0.05859375 0.20859375
51 0.446875 0.6453125 0.05 0.21328125
51 0.50625 0.6484375 0.05390625 0.20859375
572 0.16015625 0.26328125 0.05390625 0.24453125
572 0.2171875 0.2609375 0.0609375 0.2640625
572 0.28828125 0.28359375 0.0515625 0.2421875
572 0.3515625 0.2875 0.03359375 0.2046875
572 0.40859375 0.3015625 0.03359375 0.2390625
572 0.47890625 0.31015625 0.04296875 0.22734375
572 0.525 0.3234375 0.0484375 0.2296875
572 0.58828125 0.3375 0.04765625 0.2265625
572 0.63828125 0.34609375 0.04921875 0.23203125
572 0.696875 0.35234375 0.0578125 0.22890625
572 0.92578125 0.390625 0.046875 0.21484375
572 0.88125 0.36484375 0.0390625 0.2078125
572 0.84140625 0.37265625 0.05 0.209375
572 0.79375 0.36875 0.0453125 0.209375
572 0.7484375 0.3546875 0.04375 0.2