214 0.59375 0.85390625 0.084375 0.18359375
214 0.51015625 0.84375 0.07734375 0.16015625
214 0.428125 0.8640625 0.0875 0.1953125
214 0.35 0.85078125 0.075 0.16875
214 0.2828125 0.83984375 0.05703125 0.13515625
214 0.17265625 0.91328125 0.09453125 0.1078125
852 0.93046875 0.84609375 0.08203125 0.18359375
852 0.6796875 0.85 0.08046875 0.18828125
852 0.846875 0.85078125 0.07890625 0.18828125
852 0.7640625 0.853125 0.0828125 0.1875
757 0.303125 0.64609375 0.0765625 0.171875
757 0.17265625 0.69453125 0.0703125 0.08828125
757 0.2359375 0.68203125 0.05546875 0.06953125
757 0.365625 0.6296875 0.05625 0.13359375
757 0.4125 0.6234375 0.0390625 0.1234375
757 0.09296875 0.6546875 0.0859375 0.17109375
757 0.4640625 0.63515625 0.06484375 0.14921875
757 0.56015625 0.6484375 0.06328125 0.171875
757 0.51171875 0.63984375 0.03125 0.15859375
757 0.63203125 0.6890625 0.06953125 0.08671875
757 0.759390071875 0.7290157484375 0.76108790625 0.5595833859375 0.729217884375 0.5592510109375 0.728829775 0.646528940625 0.6897805031249999 0.645573496875 0.6868093749999999 0.729652703125 0.759390071875 0.7290157484375
757 0.80703125 0.63828125 0.0703125 0.17109375
757 0.95625 0.640625 0.0671875 0.165625
757 0.88046875 0.6390625 0.0734375 0.16796875
757 0.66484375 0.43125 0.06640625 0.17109375
757 0.73046875 0.41953125 0.0640625 0.1671875
726 0.9996763640624999 0.33847006875 0.9504985296875 0.3399603 0.93218900625 0.37987271875 0.9156354984374999 0.5171384 1 0.5187308078124999 0.9996763640624999 0.33847006875
726 0.8332250953125 0.39209656718749997 0.8248034609375001 0.4935707359375 0.8744639515625 0.49707405624999995 0.888470771875 0.390064140625 0.8332250953125 0.39209656718749997
726 0.9470447125 0.36554103437499996 0.94916695625 0.3381515921875 0.8995562234375001 0.34155224687499997 0.8702194640625001 0.505991534375 0.9181821859375001 0.5069469890625 0.935160134375 0.3715921828125 0.9470447125 0.36554103437499996
726 0.8329473875 0.3919750265625 0.7642407203125 0.3944844875 0.761215575 0.4865641453125 0.8244584125 0.49165985 0.8329473875 0.3919750265625