865 0.340625 0.13359375 0.18671875 0.23203125
865 0.14765625 0.13671875 0.19375 0.203125
865 0.6859375 0.1578125 0.178125 0.21484375
865 0.88671875 0.1984375 0.075 0.13671875
865 0.815625 0.175 0.078125 0.1859375
865 0.5171875 0.13046875 0.16953125 0.24921875
914 0.43359375 0.4109375 0.16796875 0.18203125
914 0.55546875 0.409375 0.07265625 0.1796875
914 0.66484375 0.4171875 0.15 0.16875
914 0.85234375 0.45078125 0.159375 0.13203125
914 0.96640625 0.4359375 0.0640625 0.15
914 0.2953125 0.41484375 0.11015625 0.15546875
914 0.184375 0.4234375 0.1078125 0.12421875
914 0.284375 0.6109375 0.1609375 0.1625
914 0.1328125 0.59765625 0.1390625 0.1515625
914 0.5794301796875 0.5597103890625 0.454452328125 0.582359484375 0.5610316734375 0.7347401375 0.6852214640625001 0.6997341765625 0.654995390625 0.6233127374999999 0.5794301796875 0.5597103890625
914 0.62943126875 0.5379986265625 0.6878498296875 0.7091019734375 0.8383231734375001 0.6997341765625 0.762100884375 0.541960890625 0.62943126875 0.5379986265625
914 0.8265906359375 0.543543734375 0.867235040625 0.6982550562500001 0.9973386421875 0.698748109375 0.9454286671875 0.5493565140625 0.8265906359375 0.543543734375
914 0.44341281875 0.54393305625 0.364909115625 0.5349180109375 0.367190503125 0.6726168921875 0.43158519999999995 0.682970775 0.44341281875 0.54393305625
865 0.7548571796875 1 0.7743387140625 0.783654275 0.59902844375 0.765287190625 0.5445904609375 0.9552263249999999 0.7548571796875 1
865 0.97421875 0.91015625 0.0515625 0.125
865 0.859375 0.86796875 0.18671875 0.1890625
865 0.46953125 0.85546875 0.175 0.19453125
865 0.09296875 0.84140625 0.1828125 0.1890625
865 0.28359375 0.88671875 0.1984375 0.2265625
865 0.9625 0.22578125 0.075 0.0890625