483 0.153125 0.28984375 0.059375 0.0625
483 0.2140625 0.2921875 0.0546875 0.0609375
483 0.271875 0.29140625 0.06328125 0.059375
483 0.396875 0.28984375 0.06015625 0.06328125
483 0.334375 0.28984375 0.05859375 0.0625
483 0.37578125 0.41015625 0.0421875 0.053125
483 0.7515625 0.40234375 0.0546875 0.07109375
483 0.68203125 0.4 0.04765625 0.07109375
699 0.34921875 0.634375 0.075 0.0796875
699 0.26484375 0.64296875 0.0828125 0.08984375
699 0.18359375 0.64453125 0.07578125 0.0828125
931 0.54453125 0.41484375 0.03984375 0.05078125
931 0.62109375 0.42578125 0.0390625 0.0296875
931 0.50703125 0.4171875 0.0359375 0.04765625
931 0.46953125 0.41953125 0.03828125 0.04609375
931 0.85078125 0.415625 0.05234375 0.04140625
931 0.80078125 0.40390625 0.04375 0.0671875
931 0.24765625 0.42265625 0.0359375 0.02890625
931 0.39375 0.18359375 0.05546875 0.0453125
931 0.325 0.18046875 0.06328125 0.05546875
931 0.19921875 0.178125 0.0546875 0.059375
931 0.14609375 0.18125 0.053125 0.0546875
931 0.33671875 0.05078125 0.071875 0.0671875
931 0.2640625 0.053125 0.07890625 0.06796875
931 0.1703125 0.0453125 0.10546875 0.0890625
931 0.74453125 0.040625 0.0578125 0.065625
931 0.8203125 0.03515625 0.075 0.0703125
483 0.93046875 0.0359375 0.1390625 0.071875
824 0.80546875 0.1640625 0.0671875 0.0640625
824 0.74765625 0.165625 0.04765625 0.06328125
824 0.965625 0.1578125 0.06796875 0.071875
824 0.89453125 0.159375 0.07265625 0.071875
824 0.46640625 0.0421875 0.0609375 0.08203125
824 0.4046875 0.04296875 0.0640625 0.08515625
931 0.5390625 0.040625 0.084375 0.0765625
931 0.4859375 0.2890625 0.06484375 0.05
931 0.55390625 0.296875 0.06796875 0.053125
931 0.61875 0.3015625 0.06953125 0.0421875
931 0.7578125 0.290625 0.07890625 0.05546875
931 0.6875 0.2953125 0.06640625 0.05
931 0.9578125 0.28125 0.0671875 0.065625
931 0.8609375 0.284375 0.08828125 0.05859375
699 0.7859375 0.6453125 0.1140625 0.1
699 0.89375 0.653125 0.09765625 0.1046875
58 0.5828125 0.53828125 0.06015625 0.0578125
651 0.64921875 0.53671875 0.04921875 0.0515625
651 0.53046875 0.528125 0.04375 0.0484375
651 0.4875 0.52890625 0.040625 0.0453125
651 0.65546875 0.4984375 0.06875 0.01875
824 0.584375 0.41171875 0.034375 0.05234375
824 0.95234375 0.4109375 0.04140625 0.05859375
824 0.9046875 0.4015625 0.05234375 0.071875
483 0.290625 0.42109375 0.04453125 0.03359375
483 0.20546875 0.4203125 0.04453125 0.0375
483 0.16875 0.42109375 0.0265625 0.0359375
483 0.43125 0.41953125 0.03671875 0.0390625
651 0.25625 0.5390625 0.0453125 0.0484375
651 0.325 0.5390625 0.04375 0.04921875
651 0.35703125 0.53359375 0.01953125 0.0484375