497 0.50078125 0.25625 0.11171875 0.1203125
219 0.19765625 0.253125 0.13515625 0.11484375
106 0.29375 0.37421875 0.1171875 0.1125
106 0.453125 0.36640625 0.11015625 0.121875
497 0.61796875 0.25078125 0.115625 0.090625
497 0.63125 0.121875 0.1203125 0.1
219 0.196875 0.121875 0.121875 0.1140625
932 0.32734375 0.15859375 0.09921875 0.08828125
932 0.309375 0.25 0.09375 0.1015625
472 0.059375 0.10546875 0.103125 0.10625
472 0.05859375 0.22890625 0.1171875 0.11640625
497 0.6875 0.40234375 0.109375 0.06015625
106 0.453125 0.65859375 0.11875 0.0953125
857 0.33515625 0.65625 0.1046875 0.10078125
99 0.25859375 0.79296875 0.08828125 0.075
99 0.3546875 0.790625 0.09609375 0.08125
99 0.55390625 0.7984375 0.1 0.08046875