225 0.5978393859375 0.6728027375 0.387574278125 0.6642004734375 0.37857604375 0.7462974359375 0.59892483125 0.753200240625 0.5978393859375 0.6728027375
225 0.387802496875 0.7454853375 0.38237518593750003 0.6634636359375 0.16528275625 0.656154775 0.173423721875 0.738988559375 0.387802496875 0.7454853375
225 0.6000103593749999 0.6480338156250001 0.3984307015625 0.6383067078125 0.3937725296875 0.6646817781250001 0.59512573125 0.6703664484375 0.6000103593749999 0.6480338156250001
225 0.602724015625 0.61798625625 0.393002490625 0.614951546875 0.3970289078125 0.63950680625 0.5983821500000001 0.6451914765625 0.602724015625 0.61798625625
225 0.60201935625 0.5907501468749999 0.39435954375 0.5885500609375 0.39686697187500003 0.6179553671875 0.60201935625 0.6207977062500001 0.60201935625 0.5907501468749999
225 0.3827559734375 0.639881965625 0.3855387 0.61393610625 0.191171946875 0.6102404640625 0.191171946875 0.632167046875 0.3827559734375 0.639881965625
225 0.38282459375 0.6631850328125 0.3892687703125 0.6394759078125001 0.19171466875 0.6317610046875 0.17271908281249998 0.65125130625 0.38282459375 0.6631850328125
225 0.5971347265625 0.588313865625 0.5972389421875001 0.5621485734375 0.40555070156250006 0.5647630765625 0.3930678703125 0.5887199078124999 0.5971347265625 0.588313865625
225 0.3020293515625 0.6114586046875 0.30207995 0.5834728515625 0.20379504375000002 0.5891259640625 0.194568634375 0.6094283640625 0.3020293515625 0.6114586046875
225 0.30474300625 0.5598905046875 0.1908016171875 0.561640853125 0.204880490625 0.587095725 0.3004011828125 0.5875017671875 0.30474300625 0.5598905046875
225 0.9973759734375 0.6893000203125 0.8131113624999999 0.6811389343750001 0.801418678125 0.7580987421875001 0.999018090625 0.7687461734375 0.9973759734375 0.6893000203125
225 1 0.6630909984375 0.820638903125 0.6555360578125 0.8178396796875 0.6794716484375 1 0.6888905015625 1 0.6630909984375
225 0.8151028453125001 0.6551875093749999 0.8158486500000001 0.6258367203125 0.6125771671875 0.6121883140625 0.613124525 0.642902021875 0.8151028453125001 0.6551875093749999
225 0.801418678125 0.7612522328125 0.8110583968749999 0.6806268765625 0.5999877578125 0.6719776828125 0.5977982828124999 0.7530619234375 0.801418678125 0.7612522328125
225 0.8156502046874999 0.681396553125 0.816532971875 0.6545119421875001 0.6076508578125 0.6449496031249999 0.605461425 0.6707491375 0.8156502046874999 0.681396553125
225 0.78445031875 0.583522178125 0.6071304468750001 0.5823118296875001 0.6191455921875 0.6048170171875 0.78445031875 0.6068645984375001 0.78445031875 0.583522178125
225 0.784997678125 0.5564941015625 0.6016558703125 0.55517278125 0.6065561421875 0.58188410625 0.78445031875 0.58188410625 0.784997678125 0.5564941015625
225 0.5678272468750001 0.0096645234375 0.5647440484375 0.0583388796875 0.6666736921874999 0.06016877968749999 0.669888221875 0.0102657671875 0.5678272468750001 0.0096645234375
225 0.46956435 0.002449625 0.46578071562499995 0.052700456250000006 0.5672053375 0.056861957812499996 0.5680089859375 0.0048545984375 0.46956435 0.002449625
225 0.35934685312500003 0 0.3617938625 0.0500691921875 0.463416903125 0.0556594703125 0.46582778593749996 0.000946521875 0.35934685312500003 0
225 0.49716932500000005 0.16236311875 0.6470462734375 0.16777428125 0.6466444953125 0.1326016703125 0.430616078125 0.1425393234375 0.40274286718749996 0.16476807499999999 0.4501570015625 0.1755904109375 0.49716932500000005 0.16236311875
225 0.5007856953125 0.16266372812500002 0.47948949687500003 0.168074896875 0.48487008906250006 0.189526178125 0.681200534375 0.21016177812499998 0.703702190625 0.18430841250000002 0.6357954453125 0.168676140625 0.5007856953125 0.16266372812500002
225 0.661913409375 0.2158735734375 0.48953486718750006 0.21376922656250003 0.4291090234375 0.204937865625 0.4324771421875 0.29223120625 0.647849890625 0.304256028125 0.661913409375 0.2158735734375
225 0.5281091171875001 0.2158735734375 0.656689865625 0.21286736718750002 0.6611097921875 0.205051225 0.4341325421875 0.187270809375 0.4304680671875 0.2011431609375 0.48310583593749995 0.2119655078125 0.5281091171875001 0.2158735734375