599 0.42734375 0.6453125 0.03671875 0.04765625
599 0.38984375 0.64453125 0.0359375 0.04375
599 0.35234375 0.64453125 0.0359375 0.0453125
599 0.315625 0.64375 0.0359375 0.04453125
599 0.27734375 0.64453125 0.03671875 0.04609375
599 0.240625 0.64375 0.03671875 0.04609375
599 0.2015625 0.64453125 0.03828125 0.046875
599 0.1625 0.6421875 0.0390625 0.04609375
599 0.12265625 0.64296875 0.03984375 0.04609375
599 0.2625 0.3703125 0.06640625 0.08515625
599 0.13671875 0.37265625 0.06796875 0.0890625
599 0.1984375 0.37109375 0.05546875 0.084375
599 0.728125 0.23984375 0.0671875 0.09765625
599 0.79765625 0.24140625 0.06953125 0.096875
599 0.86640625 0.2421875 0.06796875 0.0921875
599 0.98359375 0.2421875 0.0328125 0.09453125
599 0.934375 0.2359375 0.0671875 0.08671875
599 0.85625 0.3796875 0.0671875 0.0921875
599 0.928125 0.39609375 0.0671875 0.06015625
599 0.7765625 0.38046875 0.06875 0.090625
142 0.6546875 0.2359375 0.06015625 0.103125
142 0.596875 0.2359375 0.05546875 0.10078125
142 0.5390625 0.23515625 0.05703125 0.1015625
142 0.47578125 0.234375 0.0640625 0.1
142 0.403125 0.2578125 0.06953125 0.053125
142 0.59609375 0.15 0.06875 0.06875
142 0.66015625 0.1609375 0.05390625 0.0484375
142 0.51640625 0.14765625 0.05703125 0.06875
142 0.43203125 0.1390625 0.06171875 0.06171875
142 0.353125 0.14453125 0.071875 0.06796875
142 0.26328125 0.14296875 0.06015625 0.075
142 0.27734375 0.2625 0.03046875 0.04375
142 0.22109375 0.2609375 0.059375 0.0421875
142 0.159375 0.259375 0.06171875 0.04453125
142 0.1 0.2578125 0.05703125 0.03984375
982 0.3484375 0.38828125 0.05859375 0.05859375
982 0.409375 0.3859375 0.05625 0.06796875
896 0.53515625 0.3859375 0.0671875 0.07421875
896 0.465625 0.38046875 0.05078125 0.078125
80 0.6 0.37734375 0.059375 0.0953125
80 0.66015625 0.37578125 0.0625 0.0953125
80 0.71484375 0.3734375 0.046875 0.096875
896 0.81171875 0.50703125 0.0578125 0.10703125
896 0.75078125 0.5046875 0.05703125 0.1046875
982 0.875 0.51875 0.06640625 0.08671875
982 0.9203125 0.5171875 0.028125 0.07109375
896 0.59296875 0.52109375 0.04453125 0.059375
896 0.546875 0.52578125 0.04453125 0.0640625
720 0.5 0.52578125 0.04765625 0.0640625
720 0.453125 0.52421875 0.04453125 0.06171875
720 0.40390625 0.525 0.053125 0.0640625
720 0.35390625 0.52421875 0.04453125 0.06171875
896 0.46875 0.634375 0.04453125 0.0703125
896 0.5125 0.6359375 0.046875 0.07109375
896 0.55859375 0.64609375 0.04453125 0.05234375
896 0.59921875 0.63515625 0.03984375 0.071875
599 0.64375 0.63046875 0.046875 0.078125
599 0.684375 0.63046875 0.04140625 0.08046875
599 0.7296875 0.64609375 0.04609375 0.053125
599 0.7796875 0.63671875 0.04609375 0.0765625
599 0.8171875 0.62578125 0.03359375 0.0734375
599 0.86640625 0.63359375 0.0546875 0.078125
599 0.92421875 0.634375 0.05390625 0.0796875
599 0.8359375 0.78046875 0.0390625 0.05390625
599 0.796875 0.778125 0.0375 0.05703125
599 0.8703125 0.77265625 0.03125 0.05390625
599 0.909375 0.7765625 0.03828125 0.0578125
599 0.94375 0.7703125 0.03203125 0.05859375
599 0.978125 0.7796875 0.040625 0.05703125
599 0.74296875 0.77109375 0.03125 0.05390625
599 0.7078125 0.778125 0.0359375 0.05625
599 0.65625 0.778125 0.034375 0.059375
599 0.5625 0.778125 0.03984375 0.053125
599 0.603125 0.75625 0.025 0.05390625
599 0.6296875 0.76171875 0.02265625 0.05703125
982 0.50390625 0.7640625 0.0359375 0.04609375
982 0.46640625 0.76328125 0.03515625 0.04765625
982 0.43046875 0.7625 0.0359375 0.0453125
982 0.39375 0.74765625 0.0359375 0.040625
982 0.35546875 0.76328125 0.0375 0.04453125
982 0.31875 0.76015625 0.03671875 0.04765625
982 0.2828125 0.759375 0.03515625 0.04765625
982 0.23828125 0.7796875 0.0484375 0.04765625
982 0.19296875 0.77890625 0.0390625 0.04609375
982 0.09765625 0.7765625 0.04140625 0.05234375
982 0.16171875 0.7625 0.02578125 0.04140625
982 0.1328125 0.7609375 0.03046875 0.04375
982 0.27421875 0.51796875 0.04140625 0.05390625
982 0.315625 0.51953125 0.03359375 0.0546875
982 0.23203125 0.5140625 0.04296875 0.05625
599 0.1359375 0.515625 0.059375 0.065625
599 0.30234375 0.60078125 0.0375 0.0375