974 0.22109375 0.340625 0.15625 0.08515625
974 0.07109375 0.33828125 0.1390625 0.0765625
477 0.37734375 0.33984375 0.14140625 0.07578125
477 0.5171875 0.34453125 0.1375 0.06875
477 0.7640625 0.34140625 0.11796875 0.06875
147 0.77734375 0.46640625 0.125 0.0875
870 0.3140625 0.48046875 0.121875 0.0515625
870 0.3609375 0.61171875 0.046875 0.03125
870 0.30390625 0.61171875 0.05078125 0.02734375
225 0.459375 0.61484375 0.1359375 0.03984375
225 0.44453125 0.57890625 0.1328125 0.03046875
477 0.6 0.5953125 0.140625 0.06484375
974 0.77109375 0.60625 0.08125 0.03359375
974 0.69765625 0.6 0.0515625 0.02734375
974 0.7 0.55859375 0.06171875 0.02421875
974 0.6953125 0.534375 0.06015625 0.01875
974 0.23125 0.7125 0.08203125 0.03515625
974 0.1640625 0.70859375 0.0578125 0.03359375
974 0.25 0.67578125 0.065625 0.03125