645 0.559375 0.284375 0.0921875 0.08984375
645 0.45390625 0.2890625 0.090625 0.08046875
645 0.35234375 0.28125 0.09609375 0.096875
645 0.23359375 0.27734375 0.1203125 0.10234375
645 0.26796875 0.4390625 0.11328125 0.0921875
645 0.37421875 0.4375 0.0921875 0.09375
645 0.57734375 0.4359375 0.05546875 0.103125
645 0.49765625 0.43671875 0.10234375 0.1046875
497 0.6078125 0.071875 0.09609375 0.14375
497 0.7015625 0.0890625 0.090625 0.115625
497 0.50546875 0.071875 0.10390625 0.14375
497 0.4046875 0.07109375 0.10078125 0.1421875
497 0.31015625 0.06875 0.0921875 0.1375
497 0.2140625 0.07109375 0.1015625 0.1421875
497 0.81171875 0.090625 0.11484375 0.11015625
497 0.93046875 0.0859375 0.11640625 0.11875
497 0.9375 0.265625 0.125 0.11796875
497 0.79296875 0.275 0.11640625 0.10859375
497 0.67265625 0.2734375 0.11953125 0.1015625
497 0.6765625 0.446875 0.13203125 0.10390625
497 0.79609375 0.45078125 0.10234375 0.0921875
497 0.90390625 0.44765625 0.10859375 0.09296875
497 0.9796875 0.46796875 0.040625 0.0609375
497 0.98046875 0.5921875 0.03828125 0.12578125
497 0.925 0.5953125 0.071875 0.1203125
497 0.85546875 0.60390625 0.059375 0.090625
497 0.796875 0.628125 0.06171875 0.05078125
497 0.728125 0.596875 0.06796875 0.11796875
497 0.65234375 0.590625 0.05546875 0.1171875
497 0.5890625 0.60078125 0.06640625 0.12265625
497 0.52421875 0.60078125 0.0625 0.1234375
497 0.45625 0.63515625 0.06875 0.0578125
497 0.384375 0.59921875 0.07109375 0.13046875
497 0.3125 0.6046875 0.075 0.12734375
497 0.23515625 0.6015625 0.07734375 0.12890625
497 0.265625 0.759375 0.05703125 0.0984375
497 0.32109375 0.75546875 0.0546875 0.10078125
497 0.5359375 0.75703125 0.053125 0.0984375
497 0.58671875 0.75 0.05078125 0.0984375
497 0.63671875 0.74765625 0.0515625 0.096875
497 0.48515625 0.7578125 0.04609375 0.090625
497 0.43125 0.78125 0.0515625 0.04453125
497 0.74609375 0.74296875 0.04921875 0.0984375
497 0.69296875 0.74375 0.0515625 0.0984375
497 0.971875 0.7296875 0.04609375 0.08359375
497 0.92109375 0.7296875 0.05234375 0.084375
497 0.86875 0.72890625 0.04609375 0.08515625
497 0.82109375 0.73046875 0.0484375 0.08671875
497 0.78359375 0.73046875 0.02734375 0.0875