116 0.62578125 0.5046875 0.034375 0.065625
116 0.65703125 0.50390625 0.03125 0.065625
116 0.69296875 0.5046875 0.040625 0.0640625
116 0.73203125 0.50546875 0.03984375 0.06484375
116 0.771875 0.5078125 0.034375 0.06328125
116 0.58671875 0.50078125 0.034375 0.0671875
116 0.8078125 0.51640625 0.034375 0.0546875
116 0.8875 0.515625 0.0375 0.0671875
116 0.5546875 0.43984375 0.03203125 0.059375
116 0.58984375 0.4390625 0.0359375 0.06171875
116 0.62890625 0.44140625 0.03359375 0.059375
116 0.65546875 0.4421875 0.02109375 0.05703125
116 0.68125 0.44296875 0.03671875 0.059375
116 0.71796875 0.44453125 0.03203125 0.06015625
116 0.75078125 0.44453125 0.028125 0.05703125
116 0.7765625 0.4453125 0.028125 0.059375
116 0.46796875 0.5015625 0.04140625 0.071875
116 0.35 0.65078125 0.03984375 0.0734375
116 0.40625 0.64609375 0.0328125 0.0703125
116 0.2765625 0.63984375 0.04375 0.071875
116 0.1703125 0.640625 0.0359375 0.05078125
116 0.20703125 0.6390625 0.0390625 0.04375
116 0.115625 0.62734375 0.04375 0.06640625
116 0.53359375 0.6453125 0.0359375 0.059375
116 0.4921875 0.64296875 0.03515625 0.0578125
116 0.4609375 0.64296875 0.0265625 0.065625
116 0.57109375 0.63984375 0.03203125 0.06484375
116 0.6125 0.6453125 0.034375 0.0671875
116 0.65234375 0.646875 0.03203125 0.07109375
116 0.6875 0.65234375 0.03671875 0.06875
116 0.7203125 0.65078125 0.0296875 0.071875
116 0.75625 0.6546875 0.034375 0.0671875
116 0.8 0.66953125 0.03671875 0.05625
116 0.29296875 0.49375 0.04375 0.07265625
895 0.23203125 0.4875 0.03984375 0.08046875
116 0.12578125 0.48671875 0.04296875 0.071875
116 0.3421875 0.496875 0.03671875 0.075
116 0.38046875 0.49765625 0.0390625 0.0703125
116 0.42109375 0.5 0.0375 0.0734375
116 0.7046875 0.353125 0.04140625 0.0734375
116 0.65234375 0.3515625 0.0390625 0.07109375
116 0.759375 0.353125 0.03515625 0.07109375
116 0.84765625 0.3625 0.0359375 0.0625
116 0.915625 0.36484375 0.0375 0.065625
116 0.87734375 0.3640625 0.025 0.0609375
116 0.7046875 0.29140625 0.03125 0.053125
116 0.7390625 0.29140625 0.03125 0.053125
116 0.81328125 0.3609375 0.0296875 0.0625
487 0.56875 0.346875 0.03515625 0.07109375
487 0.60078125 0.34921875 0.03046875 0.071875
487 0.52578125 0.34921875 0.03359375 0.0640625
487 0.53046875 0.28515625 0.03125 0.0640625
487 0.49609375 0.34765625 0.0234375 0.065625
487 0.49375 0.2828125 0.0359375 0.0640625
487 0.4578125 0.2765625 0.0375 0.0546875
487 0.42421875 0.28046875 0.03203125 0.0546875
116 0.4515625 0.34140625 0.04140625 0.07578125
116 0.36953125 0.340625 0.0359375 0.07109375
116 0.325 0.334375 0.03984375 0.071875
116 0.28984375 0.3375 0.028125 0.06875
116 0.2546875 0.3359375 0.0375 0.06875
116 0.196875 0.3328125 0.03984375 0.071875
116 0.15859375 0.33359375 0.0328125 0.06484375
116 0.1234375 0.33359375 0.0359375 0.0640625
116 0.31640625 0.271875 0.0328125 0.05390625
116 0.3546875 0.27578125 0.03359375 0.0625
116 0.38828125 0.2765625 0.0375 0.06015625
116 0.246875 0.2890625 0.040625 0.02734375
55 0.12734375 0.13359375 0.075 0.07109375
55 0.1953125 0.1359375 0.05703125 0.071875
55 0.278125 0.11640625 0.06796875 0.034375
55 0.36015625 0.1390625 0.0671875 0.071875
55 0.43515625 0.140625 0.0703125 0.075
55 0.5171875 0.14453125 0.07578125 0.075
55 0.5984375 0.14921875 0.071875 0.06796875
55 0.6796875 0.15078125 0.07421875 0.06875
55 0.76171875 0.153125 0.07890625 0.071875
55 0.84765625 0.1375 0.0734375 0.0390625
55 0.6109375 0.08046875 0.07734375 0.0765625
55 0.5015625 0.0703125 0.075 0.07109375
55 0.40703125 0.06875 0.0734375 0.07265625
55 0.31015625 0.06953125 0.09140625 0.06875
116 0.5515625 0.81953125 0.14375 0.1046875
116 0.70234375 0.825 0.146875 0.109375
116 0.3953125 0.78671875 0.13671875 0.0953125
116 0.26328125 0.79453125 0.12578125 0.05390625
116 0.11484375 0.7984375 0.146875 0.0859375