247 0.0302854703125 0.10711265781249998 0.07410472031250001 0.20359786093749999 0.2589046109375 0.198256690625 0.24465499375 0.10122584375000002 0.0302854703125 0.10711265781249998
247 0.306551796875 0.3789655796875 0.14802463593749998 0.37807546875 0.1460829390625 0.401060075 0.16361016875 0.45685737812499994 0.31545781562499997 0.45107111875 0.302544115625 0.3981047796875 0.306551796875 0.3789655796875
247 0.3548449046875 0.58003753125 0.23361511093749998 0.5859969109375001 0.23590425312500002 0.5954978875 0.24915276875 0.6351165937500001 0.3620717171875 0.6241008109374999 0.35358021875 0.5910533421874999 0.3548449046875 0.58003753125
247 0.19479493125 0.27611008125000003 0.1980230640625 0.29170731562499996 0.31997552812499996 0.29224908906249997 0.3152780890625 0.27419038125 0.19479493125 0.27611008125000003
247 0.2515625 0.303125 0.1234375 0.01953125
247 0.25078125 0.32109375 0.12421875 0.01328125
247 0.2453125 0.359375 0.12734375 0.02109375
246 0.48438554375000004 0.5825940609375 0.489444290625 0.5679665093749999 0.3714294890625 0.5796866109375001 0.36984051875 0.5907204796875 0.3817647703125 0.625032053125 0.4961291140625 0.61311328125 0.48438554375000004 0.5825940609375
246 0.3267061609375 0.1012825265625 0.3409332953125 0.202716940625 0.5199775640625 0.1989246 0.531721134375 0.1005046453125 0.3267061609375 0.1012825265625
246 0.339806934375 0.06604596562500001 0.3440046859375 0.0974346625 0.5150994984375 0.092197634375 0.5143767734375 0.06059489375 0.339806934375 0.06604596562500001
348 0.47765882656249997 0.673655675 0.48082466874999996 0.6630671875 0.38085731875 0.67450761875 0.3806330640625 0.6793061140625001 0.3807355671875 0.686678296875 0.3873107546875 0.7139406187499999 0.4811899421875 0.7044474953125001 0.47765882656249997 0.673655675
348 0.5831054875 0.672682015625 0.57933083125 0.66501449375 0.490846765625 0.6659099734375 0.49141801718749994 0.6805929578125001 0.49190506093749997 0.697753621875 0.5806702296874999 0.68984268125 0.5831054875 0.672682015625
348 0.4788066671875 0.4065623203125 0.349293796875 0.40565705 0.34159549375 0.423422921875 0.3465767515625 0.45069409218749995 0.47824061406249996 0.45001514374999996 0.4788066671875 0.4065623203125
348 0.3442737984375 0.362107425 0.3520108609375 0.4039241984375 0.4768820734375 0.402000509375 0.471221546875 0.35628451875 0.3442737984375 0.362107425
348 0.4585419875 0.302385653125 0.456164559375 0.28552505156249997 0.3651432734375 0.2747750046875 0.3649168546875 0.2751144875 0.333331121875 0.28722242656249997 0.3332179046875 0.3043093421875 0.42129570781250003 0.3172094 0.4585419875 0.302385653125
348 0.4726933046875 0.31950804375 0.45718344687499995 0.3062685203125 0.4269562359375 0.3176975109375 0.3857476046875 0.3133974890625 0.34200921093750003 0.32077871562500004 0.34170869375 0.3376133859375 0.35427507187499996 0.3514187046875 0.4745046796875 0.33138967343750003 0.4726933046875 0.31950804375
503 0.6254974 0.007366329687500001 0.620313903125 0.19585699375 0.7852282359375 0.189135434375 0.7932337859375 0.005412667187499999 0.6254974 0.007366329687500001
504 0.814459753125 0.0025622015625 0.7970764406249999 0.189775575 0.9712771921875 0.18433431718749999 0.9805636109375 0.00829334375 0.814459753125 0.0025622015625
504 0.837679703125 0.2659885328125 0.8294188828125 0.4430548328125 0.9251652421875001 0.43697343593750004 0.961030146875 0.28269751875 0.837679703125 0.2659885328125
504 0.49030375 0.2830175875 0.49382621093749995 0.44433513593749996 0.6033421265625 0.44177455468750004 0.619353228125 0.3137447578125 0.49030375 0.2830175875
505 0.6975593140624999 0.2723940359375 0.7061333609375 0.44497529843750006 0.8431883890625 0.4267310390625 0.831340234375 0.2593321078125 0.6975593140624999 0.2723940359375
506 0.7407964625 0.4909818421875 0.7279084671875 0.5962009609375001 0.8198122218749999 0.59396045 0.8396659281250001 0.49089645 0.7407964625 0.4909818421875
506 0.6014767625 0.5061949125 0.6113476765625 0.6010020796875 0.7186220484375 0.600682009375 0.7189422421875 0.49857824375000004 0.6014767625 0.5061949125
335 0.5879714609375 0.49217675312500003 0.505394209375 0.4981880328125 0.523927059375 0.5574719531250001 0.50759571875 0.6109243828124999 0.5863703515625 0.5849983546875 0.5879714609375 0.49217675312500003
506 0.61268639375 0.6527208046874999 0.61422965625 0.7185697484375 0.6619427640625 0.71088798125 0.6741111609375 0.6516742125 0.61268639375 0.6527208046874999
506 0.5934698828125 0.7568102359375 0.5988589890625 0.833796565625 0.6689876390625 0.8158723984374999 0.657139434375 0.749937059375 0.5934698828125 0.7568102359375
505 0.69684694375 0.7547381765625001 0.6814762765625 0.8299557296875 0.75288579375 0.817792840625 0.7746609 0.7508972921875 0.69684694375 0.7547381765625001
504 0.6847483078125001 0.6415111734375001 0.6715494234375 0.7048065609374999 0.7448802437500001 0.6731191812499999 0.747762221875 0.6401515125 0.6847483078125001 0.6415111734375001