931 0.1240410421875 0 0.004779746875 0.00046448124999999996 0 0 0.0194832140625 0.1165121109375 0.1322096203125 0.113243121875 0.14854677656249998 0.0772847109375 0.1240410421875 0
931 0.1175061546875 0.38293111562500004 0.10443637812499999 0.3420692984375 0.0178495234375 0.3420692984375 0.0194832140625 0.35187610937499997 0.043988948437499995 0.4940752453125 0.1175061546875 0.4908062875 0.09300041875000001 0.40744820624999994 0.1175061546875 0.38293111562500004
931 0.187755853125 0.38129660468750004 0.217162784375 0.4695581546875 0.2661742546875 0.46792370781250003 0.2482034078125 0.3306279765625 0.186282028125 0.3335779875 0.187755853125 0.38129660468750004
931 0.24330221093749999 0.693480925 0.18938966875000002 0.678770646875 0.14854677656249998 0.713094609375 0.15155225 0.7111928125 0.174686203125 0.7866458187500001 0.213895403125 0.7915492859375 0.2612730578125 0.7604942796875 0.24330221093749999 0.693480925
931 0.16978500624999998 0.762128728125 0.1550815390625 0.7016532890625 0.10607006875 0.6853085609375 0.06032610468750001 0.7081911421875 0.063725453125 0.7132352953125001 0.065227178125 0.744149553125 0.088099221875 0.7997216500000001 0.13874438281249998 0.7964527546875 0.16978500624999998 0.762128728125
931 0.048890021875 0.8029905453125 0.078296953125 0.780108028125 0.06032610468750001 0.7147291828125 0.048890021875 0.6951153734375 0.00857839375 0.6948529421874999 0.0015123671875 0.686943009375 0.00968094375 0.7997216500000001 0.048890021875 0.8029905453125
931 0.2678079453125 0.85692819375 0.1616164265625 0.876541815625 0.15972218437500002 0.8705065375000001 0.181221090625 0.9484586390624999 0.2694416375 0.9402862750000001 0.2825114125 0.8896176468749999 0.2678079453125 0.85692819375
599 0.075029571875 0.8781763890625 0.0678104203125 0.88071895625 0.09136672812499999 0.9517276593749999 0.18285478125000001 0.9435552953125 0.1550815390625 0.8700040250000001 0.075029571875 0.8781763890625
599 0.088099221875 0.95336210625 0.061959796874999994 0.8847141796875 0.006535909375 0.8848039234374999 0.0015123671875 0.8912520953125 0.0015123671875 0.97134128125 0.088099221875 0.95336210625
510 0.27924403125 0.47773051874999994 0.416476046875 0.471192603125 0.3919703125 0.281593796875 0.38543555 0.2783248375 0.2694416375 0.2848627546875 0.27924403125 0.47773051874999994
80 0.287412609375 0.4613857921875 0.274342834375 0.2881317109375 0.390336621875 0.2783248375 0.426278440625 0.46302023906249995 0.4458829796875 0.4466755125 0.4344470203125 0.183525434375 0.2434640140625 0.1801470609375 0.24166852031250002 0.1867943609375 0.2629068734375 0.4613857921875 0.287412609375 0.4613857921875
599 0.2645405640625 0.9370173796874999 0.284145103125 0.894521115625 0.277610215625 0.8601970890624999 0.16176466875 0.8664215703125 0.1616164265625 0.8683694531249999 0.181221090625 0.9435552953125 0.2645405640625 0.9370173796874999
80 0.1583490453125 0 0.1599827359375 0.082188115625 0.411574975 0.07565029375 0.40013889062499997 0.005367918750000001 0.1665176234375 0 0.1583490453125 0
80 0.3966502890625 0 0.403406396875 0.07891918906249999 0.632126590625 0.0838226578125 0.625591703125 0 0.39687150937500004 0 0.3966502890625 0
80 0.6582660171875 0.346972703125 0.6435625500000001 0.25871115312500004 0.619056815625 0.18189101875 0.4360807109375 0.16227727187500002 0.4442492890625 0.1737186546875 0.42791213125 0.23092516718749997 0.4524178671875 0.47773051874999994 0.6288590843749999 0.4760960703125 0.6582660171875 0.346972703125
80 0.46548751718750003 0.7294393359375 0.4573189390625 0.56599206875 0.2629068734375 0.5823367953125 0.25776140000000003 0.5804738578124999 0.25473829531250003 0.7163635046875 0.277610215625 0.7915492859375 0.45078417656249997 0.7850113703125 0.46548751718750003 0.7294393359375
80 0.4671213328125 0.7539563640625 0.48509218125000003 0.7719356640624999 0.6288590843749999 0.7294393359375 0.612521928125 0.5578197046875 0.4497711265625 0.5724740265625 0.4671213328125 0.7539563640625
80 0.3674645765625 0.8405834671875001 0.3658308859375 0.8373145718749999 0.38870293125 0.925575996875 0.4883595625 0.902693478125 0.5063304093750001 0.82096984375 0.3674645765625 0.8405834671875001
950 0.625591703125 0.0020989609375 0.6223243218750001 0.074015753125 0.8428758125 0.07891918906249999 0.8918872828125 0.011905803125 0.625591703125 0.0020989609375
950 0.8918872828125 0.00046448124999999996 0.8888888515625 0 0.84614344375 0.074015753125 1 0.07238130468750001 0.9997126171874999 0.00046448124999999996 0.8918872828125 0.00046448124999999996
950 0.64029516875 0.422158421875 0.7121785593750001 0.4123516109375 0.748120503125 0.26524906875 0.72361476875 0.193332278125 0.6517311296875 0.2031390890625 0.625591703125 0.2096770046875 0.619056815625 0.2047735671875 0.648463746875 0.3420692984375 0.64029516875 0.422158421875
950 0.71707975625 0.4286963375 0.8559455874999999 0.40744820624999994 0.857579403125 0.2554422578125 0.8428758125 0.214580471875 0.7726262390625 0.201504640625 0.731783346875 0.2047735671875 0.73014953125 0.214580471875 0.744852871875 0.2619801109375 0.71707975625 0.4286963375
950 0.8575682484374999 0.24187021562500002 0.8559455874999999 0.40744820624999994 0.9964452359375 0.391103478125 0.9899102234375 0.219483846875 0.96867211875 0.1802564765625 0.8820851390625 0.2096770046875 0.8575682484374999 0.24187021562500002
950 0.7775271859374999 0.5382060203125001 0.619056815625 0.5578197046875 0.6192810078125001 0.560049021875 0.619056815625 0.6967498828124999 0.648463746875 0.7261703796875 0.7546552656250001 0.6722327921875 0.7775271859374999 0.5382060203125001
950 0.9212942156249999 0.5790678375 0.9033234921875 0.5316681046875 0.7677250421874999 0.5349370625 0.7742598046875 0.5365715109375 0.7513878843749999 0.649350275 0.7840621984375 0.7032877359375 0.932730175 0.69838445625 0.9212942156249999 0.5790678375
950 1 0.5202267828125 0.9131256375 0.5267646984375001 0.9052287203124999 0.53145425 0.92292803125 0.580702284375 0.9261954125 0.6836740515625 1 0.686943009375 1 0.5202267828125
950 0.6598997078125 0.8046251171875 0.5144989875 0.8144319296875 0.507964225 0.8144319296875 0.4834584890625 0.8928865421875001 0.49162706875 0.9468241921875 0.6288590843749999 0.9746101765624999 0.6598997078125 0.8046251171875
950 0.7709924234375001 0.7915492859375 0.6598997078125 0.8046251171875 0.6560457140625 0.8092320281250001 0.6370276640625 0.9239415484375 0.7611900296874999 0.920672653125 0.7742598046875 0.8928865421875001 0.7709924234375001 0.7915492859375
950 0.7677250421874999 0.7850113703125 0.76633983125 0.7928921578125 0.7693586078125 0.899424459375 0.8918872828125 0.8781763890625 0.8967884796875 0.775204559375 0.7677250421874999 0.7850113703125
950 1 0.7637633 0.9033234921875 0.7719356640624999 0.8970587859375 0.77450980625 0.8918872828125 0.894521115625 1 0.8716384734375 1 0.7637633