867 0.3165989109375 0.3368652390625 0.3342768203125 0.327146859375 0.333098265625 0.3103605796875 0.3036684953125 0.301458403125 0.2738772953125 0.3150725234375 0.2585564046875 0.3333312734375 0.27535045468749997 0.3383377203125 0.3165989109375 0.3368652390625
867 0.29921875 0.3609375 0.06953125 0.0390625
867 0.322491546875 0.44317837187500003 0.363150703125 0.42580305156250003 0.36226684374999996 0.4087222921875 0.3504815703125 0.39399748749999997 0.3104116234375 0.3913470171875 0.28743033281249997 0.40165438125 0.27800212343749997 0.419324146875 0.2886088875 0.44023340937500005 0.322491546875 0.44317837187500003
867 0.3811232625 0.4980007578125 0.3929085359375 0.47444107031250005 0.382596421875 0.45264835468750003 0.36197219375 0.443813471875 0.3272056296875 0.43969054375 0.3065814015625 0.45500433281249997 0.2930283640625 0.46707866718749996 0.2956800328125 0.48769339531250006 0.311295528125 0.5106641 0.35077617499999997 0.5130200546875 0.3811232625 0.4980007578125
867 0.33781239375 0.5896813640625 0.3808286125 0.585263921875 0.4011582359375 0.573484078125 0.4132381140625 0.550513396875 0.4058723171875 0.5275426921874999 0.3902568671875 0.5101674296875001 0.36079368437500003 0.506927965625 0.325437865625 0.5192968265625 0.3220860421875 0.5217322609374999 0.3042243375 0.540795015625 0.297742446875 0.5634712296875 0.3121794328125 0.577607028125 0.33781239375 0.5896813640625
867 0.3351606796875 0.710176434375 0.36786483125 0.7207783125 0.423550228125 0.709292959375 0.437397959375 0.686616746875 0.4415227875 0.6533387015625001 0.4294428640625 0.6230055937500001 0.407050871875 0.6079862859375 0.3811232625 0.601212878125 0.3449238 0.6189769078125 0.319545228125 0.64450381875 0.3177774203125 0.656578153125 0.318661325 0.6910341890625 0.3351606796875 0.710176434375
867 0.37611452968750003 0.37460689999999996 0.4058723171875 0.36282705625 0.41088109531250006 0.2803681546875 0.32724295468750003 0.281567453125 0.34812450625 0.355464653125 0.3557849078125 0.3654775140625 0.37611452968750003 0.37460689999999996
867 0.3993904265625 0.4264382203125 0.423844878125 0.422020778125 0.4409335328125 0.41171341562499997 0.44446910468749995 0.397872084375 0.43268383281249995 0.380496821875 0.409702540625 0.3754903859375 0.387605153125 0.3763738953125 0.3646238625 0.39168767187500003 0.36727557499999997 0.405528978125 0.379944753125 0.4176033375 0.3993904265625 0.4264382203125
867 0.4276751 0.48950652968749997 0.456549028125 0.4830276234375 0.47069132031249994 0.4718367625 0.4774678609375 0.45505049375000006 0.46774500156250004 0.43973671718749996 0.44446910468749995 0.43325777812500005 0.4194254 0.430901834375 0.4049884578125 0.43325777812500005 0.38642664375 0.45711196875000004 0.3899622171875 0.4721312765625 0.402042140625 0.48273313125 0.4276751 0.48950652968749997
867 0.43121067343749997 0.5673458265625 0.46450407812499994 0.5750027328125 0.491315546875 0.563517403125 0.50958275625 0.5434916484375 0.5075202984375 0.522876921875 0.49632432499999996 0.50520715 0.47157522500000004 0.49519428281250005 0.4456476140625 0.48871537187499997 0.43038121562500004 0.49742110000000006 0.4088186359375 0.50785761875 0.402926 0.5325953125 0.40940793593749997 0.556743971875 0.43121067343749997 0.5673458265625
867 0.4456476140625 0.6492157515625 0.470396715625 0.6754259078125 0.49868134375000006 0.6710084671875001 0.5275552718750001 0.6642350484375 0.5378673859374999 0.6400863765625 0.5375727796875001 0.61947165 0.5243143484375 0.595617459375 0.5063417890624999 0.5826596484375 0.48689607031250004 0.576180709375 0.47163652031250003 0.57403809375 0.44535300937500005 0.58501559375 0.43238918281250005 0.6076918171875 0.43415699218750003 0.63360745 0.4456476140625 0.6492157515625
238 0.4759947015625 0.3972369390625 0.46892355625000004 0.3295028375 0.511055915625 0.3044706578125 0.5128236796875 0.2856229140625 0.49337800625000006 0.2791440203125 0.44437855156249995 0.28083075156250004 0.43121067343749997 0.28444492499999996 0.41647908125 0.297991753125 0.44240669062500004 0.3857515875 0.4759947015625 0.3972369390625
238 0.5419922578125 0.3704377984375 0.5576077078125 0.354829496875 0.557018453125 0.3345092625 0.5305015890625 0.3206679546875 0.50928810625 0.3183119765625 0.478057115625 0.3295028375 0.472164478125 0.3486450828125 0.478646415625 0.367198325 0.5098773609375 0.3775056875 0.5419922578125 0.3704377984375
238 0.508109596875 0.496482115625 0.528733825 0.5094399703125 0.5425815125 0.47115549999999995 0.587365540625 0.45643069531249997 0.6044541953125 0.4337544609375 0.6106414375 0.4060718234375 0.58353531875 0.3804506484375 0.5576077078125 0.3745607265625 0.5320460734375 0.3736551859375 0.5089934578124999 0.3895800453125 0.502511565625 0.41196174374999994 0.5063417890624999 0.44170589062500004 0.508109596875 0.496482115625
238 0.535804971875 0.587233084375 0.5525989765625 0.6078478109375001 0.5973830046875 0.6143267171875 0.6112307375 0.602546871875 0.634506678125 0.5554274968749999 0.6533630968749999 0.53304584375 0.6510059890625 0.4971172828125 0.637452996875 0.4788585125 0.61653411875 0.46884563906250004 0.5944366859375 0.46207224374999994 0.5674077625 0.46500621718749996 0.540813703125 0.4767970484375 0.5307962390625 0.515965015625 0.5319747484375 0.54688710625 0.535804971875 0.587233084375
238 0.5428761171875001 0.2950467921875 0.562911090625 0.300053215625 0.5829460640625 0.2935743109375 0.6088736734375 0.27855500312500003 0.603570290625 0.2664806671875 0.5903118593750001 0.256467796875 0.5867762859375001 0.2738430703125 0.531309371875 0.274200434375 0.5210733796875 0.2759045453125 0.5225465390624999 0.2865064234375 0.5428761171875001 0.2950467921875
238 0.57764268125 0.3477615859375 0.6056327046875001 0.353062525 0.6300872 0.3495285578125 0.6471758109375 0.343049653125 0.6507114281249999 0.3306808265625 0.6454080015625 0.3121275625 0.6297925515625 0.30034771875 0.6129985015625 0.29769725 0.5979723046875 0.2968137859375 0.5821418 0.3007217015625 0.5632057406250001 0.30947709375 0.5576077078125 0.3256743796875 0.5626164859375 0.34128268125 0.57764268125 0.3477615859375
238 0.6586664343749999 0.40994642031249995 0.675755134375 0.40788495625000004 0.69343304375 0.399344565625 0.6984417296875 0.38579774843750003 0.691665234375 0.372250921875 0.6736926750000001 0.35958759218749997 0.6474704609375 0.354875659375 0.6292032515625 0.354875659375 0.6088736734375 0.36017660937499996 0.5935528265625 0.3734289328125 0.603570290625 0.39139316874999996 0.6289086015625001 0.4090629453125 0.6586664343749999 0.40994642031249995
238 0.675165834375 0.48597258437499996 0.6486489703125 0.5510562171875 0.675755134375 0.5531177031250001 0.7178874484375 0.495101959375 0.7411633453124999 0.48597258437499996 0.7399848359375001 0.45298904218749997 0.7267264046874999 0.4344357671875 0.7052183171874999 0.41764951093749997 0.6863618078125 0.4117595875 0.655075284375 0.4156471921875 0.6300872 0.430901834375 0.6309710609375 0.44120919843750006 0.6430509828125001 0.4680083265625 0.675165834375 0.48597258437499996
297 0.9283916765625 0.0053042546875 0.8960302140625 0.0707921515625 0.9959103859375 0.1252739296875 0.9967942453124999 0.006592028125000001 0.9283916765625 0.0053042546875
297 0.9985620546874999 0.1514840875 0.888958978125 0.09464633125000001 0.85242465 0.154723540625 0.9511263124999999 0.2280531171875 0.998856703125 0.219218234375 0.9985620546874999 0.1514840875
297 0.8119927812500001 0.0030941484375000003 0.7979177625 0.038692084375000005 0.8762898453125001 0.0884619171875 0.9151812828124999 0.0068865078125000005 0.8119927812500001 0.0030941484375000003
297 0.7946768390625001 0.050766442187500004 0.7716955484375 0.110549125 0.8400501218749999 0.1629694390625 0.8777630046875 0.09317385156249999 0.7946768390625001 0.050766442187500004
297 0.720134978125 0.0227893125 0.6609689000000001 0.0038308500000000002 0.6423521484375 0.05459486718749999 0.6936181140625 0.08257199531250001 0.720134978125 0.0227893125
297 0.780534503125 0.047526967187500005 0.7236705515625 0.02308379375 0.6992161 0.07756555937500001 0.76256194375 0.111432621875 0.780534503125 0.047526967187500005
297 0.695385878125 0.0888025828125 0.6391112265625 0.05846948125 0.632629334375 0.1076503265625 0.6827167453125 0.13798342187499998 0.695385878125 0.0888025828125
297 0.7610887843749999 0.11884118749999999 0.70296090625 0.086341459375 0.692734209375 0.1359219578125 0.739286046875 0.1709669875 0.7610887843749999 0.11884118749999999
297 0.687283525 0.149763265625 0.631500825 0.1172829375 0.6155406796875 0.1562421828125 0.6620925171875001 0.1880477703125 0.687283525 0.149763265625
297 0.7357504734375 0.1803908765625 0.69450201875 0.1488797796875 0.6726992359375 0.191287221875 0.7080550546875 0.207190015625 0.7357504734375 0.1803908765625
297 0.8371038046875 0.1671385515625 0.7646243562499999 0.12855955624999998 0.7454732875000001 0.1821578484375 0.788784203125 0.2042450546875 0.823845371875 0.2015945859375 0.8371038046875 0.1671385515625
297 0.94287665625 0.3168348796875 0.9190114609375 0.367488221875 1 0.4308048828125 0.9994459140625 0.3518799203125 0.94287665625 0.3168348796875
297 0.6205494125000001 0.1680220265625 0.6090587890625 0.1998276140625 0.65590523125 0.233105659375 0.6647441859375001 0.1948211671875 0.6205494125000001 0.1680220265625
297 0.6152933843749999 0.214527584375 0.6061124703125 0.2428240390625 0.65001259375 0.279341559375 0.6591461984375 0.24665249843749998 0.6152933843749999 0.214527584375
297 0.8824771328125 0.279636096875 0.90987785625 0.3002508234375 0.9620277249999999 0.294949840625 0.9956157359375 0.2401735703125 0.9475907843750001 0.2369341171875 0.8547817578125001 0.16861103125000002 0.8356306453125001 0.1989441171875 0.8409340265624999 0.1998276140625 0.886012659375 0.19511568125 0.8824771328125 0.279636096875
563 0.884926265625 0.36776157187499997 0.8547817578125001 0.404346396875 0.9523048203125001 0.48533282343749995 0.985598271875 0.44881530312500006 0.884926265625 0.36776157187499997
297 0.9401789062500001 0.50994503125 0.9069315375 0.571620165625 0.96467939375 0.5539504 0.98677678125 0.499174175 0.9401789062500001 0.50994503125
442 0.7574969265625 0.41352270312500006 0.7872750546875 0.45433972968749997 0.8626246609375 0.42485933437499995 0.8275332671875001 0.388708178125 0.7574969265625 0.41352270312500006
442 0.8445407359375 0.4724153078125 0.8460477546874999 0.43411229687499997 0.7607267328125 0.4565867703125 0.741634728125 0.5216927703125 0.76165616875 0.5328824046875 0.8055742453124999 0.48317457812500003 0.8445407359375 0.4724153078125
442 0.8835072593750001 0.480592359375 0.8021758968749999 0.49588273125000004 0.775434403125 0.5612868734375 0.8482006 0.564084290625 0.8835072593750001 0.480592359375
442 0.8872274296875 0.48350181093750005 0.872958328125 0.5305154015625 0.9300087109374999 0.5154524234375 0.9401271140624999 0.47499752500000003 0.8872274296875 0.48350181093750005
497 0.022058654687500002 0.40815329218749996 0.208591165625 0.39062125625 0.237262525 0.37511214375 0.18295557499999998 0.20889484687499998 0.008602820312499999 0.2186132546875 0.0024946562500000003 0.2217067375 0.0014827671875 0.33532792499999997 0.022058654687500002 0.40815329218749996
405 0.16097110312500001 0.6465960671875 0.2139182765625 0.7811139218750001 0.3181747578125 0.732089121875 0.2644444640625 0.5980716359375 0.16097110312500001 0.6465960671875
405 0.019207603125 0.7067145 0.02415798125 0.707607325 0.07786728281250001 0.838268428125 0.20307364687499999 0.785301959375 0.1596950515625 0.6485745484375001 0.019207603125 0.7067145
405 0.0364834875 0.617631128125 0.0487839078125 0.6815862109374999 0.1767014484375 0.639705746875 0.174483203125 0.613099346875 0.0364834875 0.617631128125
405 0.038925140625 0.50938360625 0.0448404234375 0.5480614484374999 0.1532868734375 0.52022325 0.14811100625 0.4837626140625 0.038925140625 0.50938360625
405 0.0266016796875 0.5648136312500001 0.0411433859375 0.60620138125 0.166103265625 0.5795949703125001 0.147618075 0.5258894390625 0.0266016796875 0.5648136312500001
405 0.149878146875 0.4771203546875 0.156244496875 0.48918244062499994 0.2454663421875 0.45679770781249995 0.2449734109375 0.439306459375 0.149878146875 0.4771203546875
405 0.15480834999999998 0.4949923390625 0.1631456421875 0.5258546749999999 0.261733325 0.50146546875 0.24669868906249998 0.45958500625000004 0.15480834999999998 0.4949923390625
405 0.1592021203125 0.5273328140625 0.1747296875 0.56182260625 0.28416199999999997 0.54408500625 0.271345609375 0.500233690625 0.1592021203125 0.5273328140625
405 0.1779337953125 0.5667497203125 0.18254073906249998 0.566480275 0.1924754625 0.5940951953125 0.2952531140625 0.5839946171875 0.294267253125 0.5448240625 0.1779337953125 0.5667497203125