21 0.59296875 0.1765625 0.12265625 0.09765625
645 0.48984375 0.1375 0.06640625 0.13203125
21 0.60859375 0.0828125 0.14140625 0.1
21 0.59453125 0.18203125 0.11875 0.08203125
21 0.73359375 0.18125 0.11015625 0.084375
700 0.228125 0.15078125 0.071875 0.1171875
700 0.31875 0.13984375 0.10625 0.10546875
700 0.24453125 0.29140625 0.06328125 0.08515625
700 0.3125 0.29296875 0.0546875 0.08203125
660 0.0890625 0.134375 0.084375 0.115625
660 0.16484375 0.13203125 0.04375 0.11640625
345 0.69453125 0.6828125 0.11015625 0.1125
21 0.81953125 0.1671875 0.08203125 0.153125
21 0.80078125 0.29375 0.05703125 0.03984375
21 0.8203125 0.353125 0.0796875 0.059375
21 0.903125 0.35234375 0.05625 0.05
21 0.9015625 0.28828125 0.09140625 0.053125
700 0.3609375 0.34921875 0.0390625 0.06015625
700 0.4125 0.1484375 0.0796875 0.13203125
700 0.18671875 0.35703125 0.0375 0.06015625
700 0.14140625 0.3546875 0.04609375 0.05546875
700 0.24140625 0.36015625 0.06875 0.05
700 0.31171875 0.353125 0.0625 0.04296875
700 0.1984375 0.29609375 0.040625 0.0515625
338 0.49765625 0.53203125 0.08828125 0.13203125
338 0.5859375 0.52265625 0.0625 0.12421875
338 0.66328125 0.51953125 0.07578125 0.115625
338 0.825 0.53046875 0.05 0.09921875
338 0.89921875 0.53203125 0.04921875 0.07734375
338 0.57265625 0.68984375 0.09921875 0.10390625
539 0.15625 0.49609375 0.11484375 0.13515625
540 0.26953125 0.496875 0.09140625 0.1484375
540 0.34453125 0.50390625 0.0390625 0.1515625
541 0.27109375 0.665625 0.0546875 0.090625
427 0.40859375 0.51875 0.071875 0.096875
414 0.75703125 0.52578125 0.09140625 0.12421875
713 0.89765625 0.67734375 0.06953125 0.096875
345 0.81796875 0.68203125 0.0703125 0.08828125
702 0.546875 0.8796875 0.04921875 0.06875
702 0.6 0.875 0.03828125 0.04921875
150 0.6375 0.853125 0.02734375 0.01953125
427 0.43046875 0.4328125 0.04296875 0.00703125
427 0.43359375 0.4390625 0.046875 0.0109375
427 0.44375 0.44921875 0.0578125 0.01796875
427 0.40546875 0.465625 0.07734375 0.0109375
427 0.44296875 0.45625 0.05078125 0.01328125
21 0.5734375 0.328125 0.06640625 0.11875
21 0.65 0.3125 0.065625 0.12578125
21 0.73515625 0.31875 0.05703125 0.1359375
23 0.93671875 0.159375 0.1265625 0.11015625
319 0.08359375 0.33046875 0.0734375 0.05859375
319 0.0234375 0.31328125 0.0421875 0.096875
319 0.09140625 0.2859375 0.08203125 0.0390625