250 0.2125 0.51328125 0.1484375 0.03359375
864 0.71796875 0.61953125 0.115625 0.16875
864 0.7234375 0.48203125 0.1109375 0.09765625
864 0.72890625 0.390625 0.1171875 0.07421875
864 0.6890625 0.325 0.078125 0.078125
864 0.8453125 0.6109375 0.1328125 0.13046875
864 0.84765625 0.48984375 0.11015625 0.1015625
864 0.82109375 0.396875 0.1015625 0.075
864 0.80234375 0.31484375 0.10390625 0.0765625
387 0.45625 0.559375 0.1140625 0.14921875
387 0.55625 0.56875 0.09921875 0.16015625
250 0.2953125 0.259375 0.1484375 0.06875
250 0.278125 0.28515625 0.15390625 0.07890625
250 0.27421875 0.3515625 0.16328125 0.09453125
849 0.13671875 0.06796875 0.19453125 0.0609375
849 0.12265625 0.1453125 0.20859375 0.065625
849 0.1234375 0.21796875 0.16796875 0.0671875
849 0.0953125 0.28125 0.1453125 0.1078125
849 0.08203125 0.4140625 0.15 0.09296875
498 0.48828125 0.11796875 0.14296875 0.153125
864 0.70390625 0.246875 0.0390625 0.03203125
864 0.70703125 0.18984375 0.05234375 0.0390625
864 0.80078125 0.18203125 0.040625 0.0375
250 0.25859375 0.4109375 0.1203125 0.040625
250 0.22265625 0.46875 0.11328125 0.05859375