3 0.39453125 0.58828125 0.1703125 0.04765625
3 0.3828125 0.534375 0.18046875 0.05546875
3 0.7 0.56875 0.14140625 0.0421875
3 0.7 0.534375 0.14921875 0.03671875
3 0.7125 0.60625 0.14296875 0.03828125
11 0.5515625 0.56875 0.14765625 0.04375
11 0.5640625 0.61171875 0.13828125 0.03828125
11 0.54765625 0.53203125 0.13671875 0.034375
3 0.8359375 0.58125 0.1109375 0.03203125
3 0.82578125 0.5453125 0.10625 0.0359375
3 0.703125 0.37109375 0.19921875 0.0703125
3 0.48828125 0.37109375 0.215625 0.06796875
267 0.3296875 0.36875 0.084375 0.07109375
267 0.23515625 0.36640625 0.09140625 0.0828125
267 0.14765625 0.3609375 0.08359375 0.0828125
267 0.05234375 0.36953125 0.1046875 0.0671875
477 0.4046875 0.13203125 0.1453125 0.0265625
477 0.39921875 0.1078125 0.14453125 0.02421875
477 0.4 0.08515625 0.13671875 0.0203125
477 0.39765625 0.06484375 0.13671875 0.01796875
477 0.403125 0.0484375 0.128125 0.01796875
477 0.40625 0.15703125 0.14453125 0.021875
477 0.41171875 0.18046875 0.13515625 0.025
477 0.23046875 0.059375 0.16328125 0.021875
477 0.23515625 0.08203125 0.16640625 0.02578125
477 0.2375 0.10625 0.1640625 0.021875
477 0.24140625 0.12890625 0.16328125 0.02421875
477 0.2359375 0.1515625 0.15625 0.02421875
477 0.2453125 0.17421875 0.15546875 0.02578125
477 0.23125 0.0375 0.15625 0.01953125
477 0.06640625 0.0390625 0.1328125 0.02890625
477 0.06875 0.06484375 0.1375 0.028125
477 0.06953125 0.09140625 0.13828125 0.02265625
477 0.065625 0.11171875 0.13046875 0.021875
477 0.0703125 0.13671875 0.13984375 0.03046875
477 0.0640625 0.1640625 0.128125 0.02890625
477 0.55859375 0.0984375 0.121875 0.0234375
477 0.56796875 0.14296875 0.1515625 0.04296875
477 0.56171875 0.07578125 0.14609375 0.02890625
477 0.57890625 0.184375 0.13515625 0.0359375
477 0.709375 0.1078125 0.1328125 0.02578125
477 0.721875 0.13359375 0.13359375 0.025
477 0.72109375 0.15625 0.14296875 0.0234375
477 0.7296875 0.1859375 0.14921875 0.034375
477 0.70390625 0.0796875 0.1359375 0.03046875
3 0.88359375 0.353125 0.13984375 0.05078125
3 0.88125 0.38828125 0.140625 0.03046875
499 0.19609375 0.79765625 0.16875 0.059375
477 0.35390625 0.809375 0.14140625 0.04140625
477 0.50625 0.759375 0.15703125 0.05
477 0.4984375 0.803125 0.14921875 0.04609375
477 0.7083333328125 0.7287326390625 0.5885416671875 0.769097221875 0.5978009265625001 0.820746528125 0.7453703703125 0.780815971875 0.7083333328125 0.7287326390625
477 0.934375 0.77421875 0.13125 0.0359375
477 0.99375 0.74296875 0.0125 0.0015625
477 0.9296875 0.734375 0.13984375 0.03828125
267 0.79765625 0.759375 0.12578125 0.028125
267 0.8 0.7890625 0.12578125 0.025
267 0.74453125 0.92734375 0.14609375 0.03203125
267 0.75234375 0.95625 0.14140625 0.03515625
267 0.73515625 0.9046875 0.17109375 0.0203125
11 0.20234375 0.55625 0.15859375 0.04765625
11 0.21328125 0.6015625 0.175 0.0359375
11 0.06171875 0.5875 0.1234375 0.05546875