480 0.12055904375 0.14427854843750001 0.0005864890625 0.11482330156250001 0 0.28191011875 0.1260336921875 0.292858075 0.12055904375 0.14427854843750001
480 0.12032985781250001 0.1461032015625 0.12681577187499998 0.2959860578125 0.253123575 0.3058913671875 0.253123575 0.17868643125 0.12032985781250001 0.1461032015625
480 0.09748733125 0.1380225640625 0.092471196875 0.0014336625 0.0008990093750000001 0.000912328125 0 0.109870646875 0.09748733125 0.1380225640625
480 0.2910324203125 0.236032915625 0.290250340625 0.0874533890625 0.2143874328125 0.06034413749999999 0.190533640625 0.0692067796875 0.190533640625 0.160439821875 0.252318871875 0.180250421875 0.252318871875 0.2292556265625 0.2910324203125 0.236032915625
480 0.35359976249999997 0.1129986484375 0.2909030640625 0.0913633765625 0.28946823125 0.2349902671875 0.3504713828125 0.24541690156249998 0.35359976249999997 0.1129986484375
480 0.4063909875 0.137501240625 0.35297411562500003 0.118081625 0.3516445328125 0.24437421406249998 0.402480528125 0.254800846875 0.4063909875 0.137501240625
480 0.32388028125 0.3137113421875 0.3246623609375 0.24281024218749997 0.2527806859375 0.23081959843750002 0.25270991249999997 0.235511590625 0.25427410156249997 0.306412690625 0.32388028125 0.3137113421875
480 0.3825371640625 0.25427952343750004 0.32462670625 0.241897896875 0.32388028125 0.3126686953125 0.380581934375 0.318403334375 0.3825371640625 0.25427952343750004
480 0.4325910484375 0.261578175 0.381810275 0.25232452968749997 0.381755084375 0.3194459828125 0.43180896874999997 0.3225739640625 0.4325910484375 0.261578175
480 0.4317782515625 0.3226078859375 0.5047217953125 0.32928894375 0.5004528296874999 0.18552273749999998 0.4269524734375 0.1583036625 0.405607671875 0.163994921875 0.40245235937499996 0.25480766250000003 0.4325206828125 0.26124125781249996 0.4317782515625 0.3226078859375
480 0.5368240890625 0.33262946250000003 0.5748735171875 0.3360937125 0.5802561078124999 0.2319188859375 0.543505921875 0.2183093484375 0.5303278453125 0.21385532031249999 0.5128807875 0.21385532031249999 0.5032126296875 0.21688653125 0.5006307156250001 0.21880424375000002 0.5045284734375 0.3291652125 0.5368240890625 0.33262946250000003
480 0.6166721640625 0.33627928906250004 0.618157025 0.3402384234375 0.6324487546875 0.34098076875 0.6404298609375 0.34296034531249997 0.64284275625 0.274665209375 0.6348616515625001 0.2669943734375 0.6092278296875 0.2685409109375 0.60702060625 0.333804828125 0.6138880578125 0.33454717343749996 0.6166721640625 0.33627928906250004
480 0.5853045828125001 0.301141946875 0.5880886875 0.30287406093749997 0.5873462703125 0.337021634375 0.596255396875 0.3380114234375 0.5977402578125 0.3350420578125 0.5999675359375 0.3323201546875 0.606278190625 0.3330625 0.60702060625 0.33157780937500003 0.5877174796875 0.2657571421875 0.5786063718750001 0.269468834375 0.57639545625 0.3008945046875 0.580664409375 0.3008945046875 0.5853045828125001 0.301141946875
599 0.6833882984375 0.29433717812500004 0.6943391265625001 0.295326965625 0.6861724031249999 0.39405795625 0.7086308578125 0.3933156296875 0.7175628374999999 0.2796759875 0.6952671609375 0.2710772375 0.6835739171874999 0.27404659374999996 0.6833882984375 0.29433717812500004
599 0.6445964546875 0.29161527343750004 0.6663124640625 0.289635696875 0.6835739171874999 0.292110159375 0.6878693015625 0.1949256875 0.6707670328125 0.18546087656250002 0.6473805578125 0.18744044375 0.6445964546875 0.29161527343750004
599 0.698422475 0.27058234375 0.712342996875 0.276273603125 0.718839240625 0.2713246796875 0.714570275 0.1768002625 0.6941535078125 0.16393306093749999 0.6686149 0.1506946921875 0.670024603125 0.186450659375 0.6880284734375001 0.19387404375 0.6850587781249999 0.2710772375 0.698422475 0.27058234375
599 0.6866833140625 0.39449099374999996 0.6942931828125001 0.29625487968750003 0.6740620359375 0.2910585140625 0.653072190625 0.2929762171875 0.6503043374999999 0.3442594234375 0.6742476390625 0.3464864421875 0.685198453125 0.3947384375 0.6866833140625 0.39449099374999996
599 0.717679671875 0.27744897812499997 0.7171228453125 0.285119803125 0.7089561515625 0.3910267453125 0.7252895703125 0.393006321875 0.737354021875 0.25022990312500004 0.7180268 0.23853806875 0.7197213609374999 0.27126282343749997 0.7130394984375 0.2764591890625 0.717679671875 0.27744897812499997
599 0.75907003125 0.2252378390625 0.7596268578125 0.2029676875 0.73419868125 0.18985304375 0.716170953125 0.19337915 0.7182364984375 0.23662036562500002 0.7306721609375 0.2460233171875 0.7555434828125 0.24528098125 0.75907003125 0.2252378390625
455 0.729181259375 0.3903462640625 0.7395752609375 0.392325840625 0.7559086796875001 0.392820725 0.7590639921875 0.3599104015625 0.7644465828125 0.3047299078125 0.76797313125 0.27577870937500004 0.7551662343750001 0.27157213125 0.7373479828125 0.27157213125 0.729181259375 0.348280421875 0.732522190625 0.3497651140625 0.729181259375 0.3903462640625
114 0.586318971875 0.549041790625 0.59003418125 0.557461921875 0.5911487265625001 0.67039069375 0.59300633125 0.674848378125 0.60600959375 0.67980139375 0.633130634375 0.6634564640625 0.679942240625 0.63274774375 0.6765985734375 0.567367953125 0.6702827296875 0.50545525625 0.6572794953125001 0.459887509375 0.655793378125 0.43858953593749994 0.6026658984375 0.4484955765625 0.6104678328124999 0.5014928484375 0.60043675 0.52378141875 0.5840898515624999 0.529229728125 0.586318971875 0.549041790625
114 0.6728833640625 0.528239121875 0.6810568140625 0.5822269999999999 0.679942240625 0.6104591734375 0.679199209375 0.6352242515625 0.7278684765625 0.607982665625 0.72303869375 0.549537084375 0.718951940625 0.5113988796875 0.7130076390625 0.4831666859375 0.70632025 0.46236401718750003 0.6899732937499999 0.43413182343749995 0.656677 0.43846571250000005 0.6569079515625 0.4584016078125 0.6654529453125 0.49059620937500004 0.6728833640625 0.528239121875
114 0.40724585468749996 0.557957215625 0.405016734375 0.5663773453125 0.42842256718750005 0.5668726390625001 0.425821903125 0.6149168953124999 0.42173517812499994 0.6550363140625 0.41579084843749997 0.6778202171875 0.4131902125 0.695155771875 0.41579084843749997 0.714967834375 0.41393324375 0.754591959375 0.40873194531249996 0.7961972609375 0.40798891406250004 0.81650465625 0.49083806875 0.7565731359375001 0.4860083140625 0.7308174703125 0.4815500453125 0.68079201875 0.48192158906250004 0.6406726 0.476720290625 0.596590734375 0.47001022187499997 0.5517659453125 0.4395681953125 0.5544901 0.4235927828125 0.5599384296875 0.40724585468749996 0.557957215625
114 0.507185025 0.538145153125 0.4860083140625 0.5411169546875 0.48192158906250004 0.592628325 0.48340765 0.6178886968749999 0.48377919374999995 0.642653775 0.48377919374999995 0.6679141859375 0.4815500734375 0.6877262296875 0.48266462031249996 0.7219020453125 0.48786591875 0.7362657609375 0.5413649421875 0.7119960140625 0.5458231812500001 0.70010876875 0.549538390625 0.6307665499999999 0.5443371203125 0.598076634375 0.5458231812500001 0.5762833578125 0.55771186875 0.568853834375 0.5643992296875 0.5450793640625 0.561427078125 0.5331921375 0.5343060375 0.5421075609375 0.527618678125 0.5366592328124999 0.507185025 0.538145153125
114 0.3322479671875 0.7505842640625 0.3381808359375 0.8164972625000001 0.333731165625 0.8573633515625 0.40838662656249997 0.8085877234375 0.4128363359375 0.7327877734375 0.41679160781249996 0.670170425 0.42964614531249995 0.608212196875 0.43014058281249995 0.5680052765625 0.38218311250000003 0.57393743125 0.3540018859375 0.5792104921875 0.325774984375 0.586790471875 0.3322479671875 0.650396525 0.33027033125 0.6991721546874999 0.3322479671875 0.7505842640625
114 0.164149559375 0.544935728125 0.1334962984375 0.541640078125 0.13102426250000002 0.61348523125 0.1320131 0.70708169375 0.13942920625 0.7176277640625 0.1448676765625 0.7828816421875 0.1468453125 0.904820690625 0.1473397109375 0.9535963203125 0.19875805468750002 0.9199807 0.2353441859375 0.8955928609375 0.267480646875 0.881751140625 0.3015947046875 0.8692276609375 0.33274236562500004 0.8580224718749999 0.334225603125 0.8369303328125 0.3347200015625 0.76640339375 0.33027033125 0.685330409375 0.3282926953125 0.6378730453125 0.32928153125000004 0.598325246875 0.3243374609375 0.5548226781250001 0.320831509375 0.5249970359375 0.259075703125 0.5390035484375 0.21655670312500003 0.5469131125 0.164149559375 0.544935728125
962 0 0.7640964484375 0.0106491078125 0.7621190390625 0.0101547078125 0.76145991875 0.1342508765625 0.7140025546875 0.1263403703125 0.5011035734375 0 0.5142861734374999 0 0.7640964484375
962 0.1060696890625 1 0.147599890625 0.9736998046875 0.139689346875 0.7159799640625 0.0075387875 0.76557948125 0.0210316484375 1 0.1060696890625 1
114 0.574567365625 1 0.5708616890625 0.9750893125 0.5711705125 0.9528580124999999 0.5665384359375001 0.900984996875 0.564376784375 0.84005476875 0.5319522390625 0.85322885625 0.459691815625 0.9013966812499999 0.474514475 0.957386603125 0.4939692125 0.9450358828125 0.4942780125 1 0.574567365625 1
114 0.6559259015625 0.7804625374999999 0.6565435015625 0.7907548046875 0.667351684375 0.7985769328125001 0.6750718140624999 0.7973418640625 0.6772334640625 0.7895197359374999 0.6837183687499999 0.7854028296875 0.692364925 0.7837560765625 0.6942177515625 0.7891080515625 0.697305803125 0.7981652484375 0.6982322046875 0.8076341296875 0.7000850546875 0.816691328125 0.692982525 0.88297353125 0.7337448265625001 0.8446862875000001 0.729421525 0.8409810656250001 0.7272598984374999 0.833570653125 0.7244806703125 0.7738754937500001 0.7198485921875 0.7368233359375 0.7105844125 0.7001828625 0.7034819062500001 0.682068475 0.696688178125 0.6750697390625 0.6508057109375 0.713356965625 0.6528378484374999 0.7265310703125001 0.6553083 0.7434103796875 0.6565435015625 0.759466321875 0.6559259015625 0.7804625374999999
114 0.6151636234375 0.8162796265625 0.6272070078125 0.8014587703125 0.6432648921874999 0.8022821546875001 0.6503673984375 0.7895197359374999 0.657778728125 0.7895197359374999 0.6599403781250001 0.784167759375 0.658087528125 0.762348159375 0.6484899515625 0.7123277390625 0.6126931734375 0.7405285578125 0.611149146875 0.767700134375 0.6123843718749999 0.7845794453125 0.6151636234375 0.8162796265625
170 0.6343095375 0.8940891656250001 0.6568523265625 0.90438143125 0.688041646875 0.8969709874999999 0.6920561000000001 0.9002645250000001 0.6936001265625 0.8916190281249999 0.6988498296875 0.8541551859375 0.698541028125 0.8080458140625 0.6936001265625 0.784167759375 0.6701309359375001 0.7998120015625 0.65350743125 0.79518048125 0.64419129375 0.8175146968749999 0.6392504156250001 0.8512733328125 0.6343095375 0.8940891656250001
170 0.595933428125 0.8886569359375001 0.6190918171875001 0.8939329031250001 0.6377064625 0.8978410203125 0.6381461828125 0.8958869609375 0.634775021875 0.893737484375 0.6431296359374999 0.818115428125 0.6526568187499999 0.806781890625 0.6525102484375 0.795839159375 0.66071828125 0.7934942875 0.6558814 0.7909540125000001 0.6497253781250001 0.7917356390625 0.6440090656249999 0.8032645796875 0.6278389796875 0.8019455921875001 0.613228934375 0.8224143578125 0.6066331921875 0.8370697890625 0.58977740625 0.8913926203125 0.595933428125 0.8886569359375001
170 0.555332975 0.8372652078125 0.56442044375 0.8384376390625 0.5663258796874999 0.9037031953125 0.5780516437500001 0.9095653703125001 0.5881651171875 0.8990134515625 0.5899239765625001 0.89236965 0.6054606125 0.8400008765625 0.6152809453125 0.8192878609375001 0.6129357953125 0.7862642765625 0.608538634375 0.76359719375 0.6009096109375001 0.7486974984375 0.55635898125 0.7819653468750001 0.55650555 0.7999426859375001 0.555332975 0.8372652078125
480 0.419202184375 1 0.45432225 0.9753613187499999 0.4484983140625 0.9108940625 0.353021159375 0.9744201875 0.35715799375 1 0.419202184375 1
480 0.357256746875 1 0.3526681984375 0.9746554656249999 0.44143900468749997 0.91489385625 0.44179196562499995 0.9090118078125 0.42043755781250003 0.9172466765625 0.3874352921875 0.9271285203125 0.357433228125 0.9355986656249999 0.3343139921875 0.9501861578125 0.33802012656249997 0.9664205984375001 0.34061473124999997 1 0.3413733015625 1 0.357256746875 1
480 0.49367790468750006 1 0.4940308640625 0.94689220625 0.42220238437499996 1 0.49367790468750006 1
807 0.756329321875 0.8265454875 0.7700949671874999 0.8277218968750001 0.7727422078124999 0.7980763750000001 0.7783896625 0.788665096875 0.7806839296875 0.758078434375 0.7783896625 0.7521963859375 0.7790955828125 0.7423145515625 0.77309518125 0.73502080625 0.76215324375 0.7312562984375 0.75032890625 0.7324327078125 0.7453873843750001 0.7361972156250001 0.74485794375 0.744667371875 0.7427262859375 0.7497259281249999 0.7406223562500001 0.7837241796875001 0.7374456609375 0.807958209375 0.7439755296875 0.8211339953125 0.756329321875 0.8265454875
807 0.7353278734375001 0.7030224640625 0.7257978031250001 0.7030224640625 0.7197973875 0.70655169375 0.7190914546875 0.7131395859375 0.7166207078125 0.7204333234375 0.7203268421875 0.73831475625 0.7233270421875 0.7609018203125 0.7235035234375 0.7893709328125 0.7402693828125 0.7903120640625 0.7418577296875 0.7533727953125 0.7437990375 0.747020190625 0.74485794375 0.7404322890625 0.7459168375 0.73525609375 0.7508583468750001 0.7298446015625 0.7505053859374999 0.713374865625 0.7462697984375 0.707492815625 0.7402693828125 0.7056105625 0.7353278734375001 0.7030224640625
807 0.775429396875 0.73649131875 0.7793120124999999 0.7437850640625 0.7793120124999999 0.75178464375 0.780900359375 0.757196128125 0.778782571875 0.78801806875 0.78160629375 0.788723921875 0.782135746875 0.7941353953125 0.7886656015625 0.7851946921875 0.7914893234375 0.7397852687500001 0.7900774703125 0.7353149078125 0.7904304296875 0.72825645 0.788489121875 0.7228449671875 0.78248870625 0.718845171875 0.775429396875 0.7150806640625 0.768017128125 0.7148453765625 0.7613107796875 0.71696291875 0.7576046437499999 0.719786303125 0.759369471875 0.729668146875 0.763605059375 0.730138703125 0.77066436875 0.7322562453125 0.775429396875 0.73649131875
807 0.7900755546875 0.7254330734375001 0.790428515625 0.728962303125 0.7891931421875 0.7355501859375 0.7916638890625001 0.7411969578125001 0.7890166484375001 0.7788420687500001 0.791487409375 0.7797832 0.794664103125 0.7739011515625001 0.8050765875 0.7567255625 0.8084297484375 0.7341384984375 0.8059590015625 0.7296681375 0.8084297484375 0.7242566640625 0.8066649218749999 0.719551025 0.8024293468750001 0.7155512203125001 0.7981937578125 0.7131984015625 0.7921933421875 0.7122572875000001 0.7856634875 0.7124925671875 0.782663271875 0.7160217953125 0.7842516203125001 0.719315746875 0.7874283140625 0.7209627125 0.7900755546875 0.7254330734375001
599 0.7467640546875 0.5601744265625 0.744789053125 0.5712331046875 0.74439405 0.5915951015625 0.7493973890625 0.5933504468749999 0.755585721875 0.5944036515625 0.7649340578125 0.5893131625 0.7654607265625 0.5821162375 0.7671723984375001 0.554206265625 0.7640123953125 0.54332311875 0.7654607265625 0.5391102890624999 0.7658557312500001 0.53296658125 0.764275725 0.5299825 0.7596673890625001 0.5287537578125 0.7540057250000001 0.5269984125 0.7453413671875 0.527086178125 0.7465007156250001 0.5413922421875 0.74689571875 0.5519243109375 0.7467640546875 0.5601744265625
599 0.770727396875 0.5412167109375 0.7762573953125 0.54016350625 0.7799440671875 0.5429720546875 0.7784957359375 0.552275375 0.7806024015624999 0.5596478312500001 0.7802073968750001 0.5759725296875 0.7858690703125 0.57439273125 0.788897409375 0.570882040625 0.791004075 0.5273494828125 0.789029075 0.515588671875 0.7919257390625 0.5152376015625 0.7920574031250001 0.5094449640625001 0.7908724109375 0.5050566015625 0.7846840687500001 0.5027746546875 0.778759065625 0.5020725140625 0.7699373984375 0.49996609999999997 0.764144059375 0.5004927078125 0.7628273921875001 0.502248053125 0.7625640625 0.5094449640625001 0.7644073890625 0.5122535140625 0.7619057296875 0.515588671875 0.7619622890625 0.5266473421875 0.7655923921875 0.531386775 0.766250725 0.5398124296875 0.770727396875 0.5412167109375
599 0.772175728125 0.5673713515625 0.771649059375 0.5829939093750001 0.7804707359374999 0.576850203125 0.7803390718750001 0.558945690625 0.778232396875 0.552275375 0.779812403125 0.5436741953124999 0.777047403125 0.539461365625 0.7720440640625 0.541041178125 0.772175728125 0.549466825 0.771254065625 0.5550839375 0.772175728125 0.5596478312500001 0.772175728125 0.5673713515625
599 0.7670092203125 0.5541301734374999 0.766792775 0.5636524234375 0.7654941328125 0.5812541578125 0.7654941328125 0.587746603125 0.7674421031249999 0.587602328125 0.7711215921875 0.5850053578125001 0.7714462578125 0.5821198265625 0.77242024375 0.5636524234375 0.772312025 0.5583141953124999 0.7710133734375 0.556294321875 0.7714462578125 0.553264515625 0.7720440640625 0.5482380890624999 0.7719123984375 0.5422699140625 0.7704640671874999 0.5406901015625001 0.7657472515625 0.5406901015625001 0.7638708249999999 0.543020871875 0.7647365921875 0.54532930625 0.7670092203125 0.5541301734374999
762 0.7605036562499999 0.2584611015625 0.7666892437499999 0.2610652453125 0.7603408796875 0.351342165625 0.7852459953125 0.3580695296875 0.7873621078124999 0.2623673125 0.7668520187500001 0.2536868390625 0.7370635625 0.25650799062499996 0.7369007734374999 0.25759305 0.7380402296875 0.258678109375 0.7526902953125 0.2584611015625 0.7605036562499999 0.2584611015625
762 0.7951754796875 0.34352974375 0.8002216109375 0.2847195296875 0.7997332703125 0.2799452765625 0.794687140625 0.27647308125 0.787590209375 0.275930553125 0.7854087703125 0.3582865546875 0.7935476953125 0.3611076984375 0.7951754796875 0.34352974375
762 0.8038027328125 0.3637118515625 0.810151109375 0.36544793593749997 0.8169878015625001 0.2916639109375 0.801849396875 0.284502521875 0.8002216109375 0.28558758125 0.7987566140625 0.3120630265625 0.8065699875 0.31510119531249997 0.8072210921874999 0.3296409828125 0.8038027328125 0.3637118515625
497 0.8358701171874999 0.3062037140625 0.8363584328125 0.31336509375 0.835056225 0.331160075 0.8360328812500001 0.37000518125 0.84628793125 0.3721753 0.8531246234375001 0.31857338125 0.8562174296875 0.29144690156249997 0.85458964375 0.2832004546875 0.83407954375 0.281464353125 0.81763890625 0.2834174625 0.8172937046875 0.2968179421875 0.8195922671875 0.30164645156250003 0.8204061593749999 0.3062037140625 0.8358701171874999 0.3062037140625