811 0.384375 0.25859375 0.0796875 0.09609375
811 0.303125 0.2515625 0.08984375 0.11796875
811 0.465625 0.26953125 0.07578125 0.09140625
811 0.5453125 0.2625 0.071875 0.08984375
811 0.6265625 0.26328125 0.08515625 0.09609375
811 0.4953125 0.425 0.0734375 0.0875
811 0.3875 0.41953125 0.06484375 0.09375
811 0.71328125 0.2765625 0.08125 0.0703125
811 0.83671875 0.26484375 0.096875 0.08125
811 0.5796875 0.428125 0.0796875 0.075
811 0.28984375 0.421875 0.05859375 0.0765625
811 0.25546875 0.52734375 0.07265625 0.0640625
811 0.32109375 0.52734375 0.0640625 0.0703125
811 0.4359375 0.53125 0.07265625 0.065625
811 0.51953125 0.5359375 0.075 0.07890625
811 0.66328125 0.5375 0.06875 0.07421875
811 0.88984375 0.55 0.0953125 0.08046875