429 0.1356576234375 0.197946128125 0.1207533109375 0.0922156046875 0.08659758281249999 0.0853876078125 0.05186320625 0.08447182343750001 0.0574099640625 0.14559813906250002 0.071072253125 0.19773922187499998 0.1356576234375 0.197946128125
429 0.15718610156249999 0.0862152515625 0.127998465625 0.09159487968749999 0.124285371875 0.092235778125 0.14041873124999998 0.197946128125 0.20459009843749998 0.1989806734375 0.1929978390625 0.09656070312500001 0.15718610156249999 0.0862152515625
351 0.1936433640625 0.075672675 0.21080023125 0.1974999140625 0.2820097359375 0.1989482390625 0.26917546875 0.0758373625 0.1936433640625 0.075672675
351 0.2707653109375 0.07670787031250001 0.284493815625 0.2037071859375 0.35632434062499996 0.20225879687499998 0.3465951390625 0.074388996875 0.2707653109375 0.07670787031250001
700 0.3846839390625 0.20163809531250002 0.44719926406250005 0.20225879687499998 0.45754948593749994 0.1917064234375 0.4561004921875 0.1712224390625 0.444301215625 0.146393353125 0.44119615 0.1099773546875 0.4219447640625 0.1000457140625 0.40352135312500004 0.0994249890625 0.3832349140625 0.10977044218750001 0.3828209109375 0.13625480625 0.3691586078125 0.17308460781249999 0.373919715625 0.188809709375 0.3846839390625 0.20163809531250002
660 0.45865300624999994 0.075155078125 0.459826546875 0.1997758796875 0.5250329359375 0.20081042500000001 0.526067959375 0.074182090625 0.45865300624999994 0.075155078125
24 0.540474734375 0.039958485937499996 0.5395320328125 0.1269335203125 0.6540054796875 0.12879570625 0.6624926421875 0.038790275 0.540474734375 0.039958485937499996
24 0.53685155625 0.1367491171875 0.5345639234374999 0.22024953125 0.6525564562499999 0.22087023281249998 0.6593875765625 0.13665823906250002 0.53685155625 0.1367491171875
24 0.6662507953125 0.1351963265625 0.661250634375 0.222318621875 0.779657153125 0.2235600421875 0.787316309375 0.13789969062500002 0.6662507953125 0.1351963265625
22 0.7960104890624999 0.08224117656249999 0.7829692359375 0.2198356890625 0.8645289937499999 0.2237669484375 0.8899905109375 0.0778960734375 0.7960104890624999 0.08224117656249999
22 0.7697701859375 0.26563075937499997 0.7608197375 0.32356198593749996 0.8367903515625 0.32356198593749996 0.8490036625 0.2616961765625 0.7697701859375 0.26563075937499997
22 0.85569128125 0.26356037187500003 0.847968640625 0.3219067078125 0.9276653390625 0.32376892343749997 0.9384295312500001 0.2616961765625 0.85569128125 0.26356037187500003
22 0.86100989375 0.326458715625 0.7614886359375 0.3303303796875 0.7575076859375 0.3860485125 0.7655808453125 0.3932903296875 0.8494176328125 0.3893590703125 0.86100989375 0.326458715625
22 0.8624200421875001 0.329295184375 0.8535577218749999 0.3912212390625 0.9402925578125 0.39101435 0.94836578125 0.328113978125 0.8624200421875001 0.329295184375
22 0.6177797078125 0.2612823640625 0.617079084375 0.26821874375 0.6121905953125 0.38542777968749997 0.6780179734375 0.38501396718750003 0.6900242359375001 0.260040896875 0.6177797078125 0.2612823640625
22 0.7014473875 0.26097238749999996 0.68629815 0.38873833750000003 0.7515045390624999 0.39060050625 0.761233771875 0.2631445328125 0.7014473875 0.26097238749999996
22 0.6010123375 0.2691448984375 0.5347811671875 0.26873634062499996 0.5269047671875 0.380255053125 0.585901009375 0.3829448765625 0.6010123375 0.2691448984375
23 0.8965814421875 0.1119044625 0.88564340625 0.2150768046875 0.9986678281250001 0.21569750625 0.9959767953125 0.11038079687499999 0.8965814421875 0.1119044625
319 0.0322718140625 0.3015258984375 0.0735007578125 0.3038251640625 0.085179353125 0.272519765625 0.0051987546874999995 0.26526822031249997 0.001305871875 0.3547627875 0.0322718140625 0.35228665000000003 0.0322718140625 0.3015258984375
319 0.1164991859375 0.32168870156249996 0.1257004890625 0.3086005671875 0.03813866875 0.3058173265625 0.0400575515625 0.3556471203125 0.113668003125 0.35352471093750004 0.1164991859375 0.32168870156249996
700 0.1122524390625 0.375809915625 0.1257004890625 0.38677566093750004 0.1648060609375 0.38695255156249997 0.1780771796875 0.37598679375 0.17170703125 0.34096717656250003 0.16692943437500002 0.3239879734375 0.1230879265625 0.3217453125 0.11986119218749999 0.34096717656250003 0.11296022187500002 0.35830012031249997 0.1122524390625 0.375809915625
700 0.2116973453125 0.321158109375 0.1741843234375 0.3223961703125 0.1755998875 0.3358380390625 0.1809083625 0.3844763875 0.220013934375 0.38695255156249997 0.2116973453125 0.321158109375
351 0.20670985156250002 0.23945072031249998 0.219836975 0.31673644843750004 0.2727444875 0.3162058359375 0.267436040625 0.23997627656249998 0.20670985156250002 0.23945072031249998
351 0.273518903125 0.24122049531249998 0.27911463593749997 0.31826169375 0.33750755468750004 0.3179079921875 0.3284831828125 0.24097094062500002 0.273518903125 0.24122049531249998
351 0.21505934999999998 0.32117475 0.21511628906250002 0.3230726453125 0.2223142390625 0.3867922953125 0.2789376765625 0.3912139625 0.2677899578125 0.317814271875 0.21505934999999998 0.32117475
351 0.274403790625 0.320860425 0.2815919 0.389445296875 0.3394539953125 0.38785349375 0.3330838484375 0.32082100156250004 0.274403790625 0.320860425
700 0.338558178125 0.3190906484375 0.34104651874999997 0.39032962968749996 0.3916537265625 0.38714602343750004 0.389707284375 0.32117475 0.338558178125 0.3190906484375
255 0.101225240625 0.42829753593750003 0.10641190781250001 0.563088803125 0.20426705156249997 0.5620519234375 0.1999448296875 0.42570539375000005 0.101225240625 0.42829753593750003
256 0.29641683125 0.5865908375 0.32165862500000003 0.5772591328125001 0.3375644265625 0.48100436718750006 0.3368728828125 0.43417305468749995 0.2404419640625 0.42848990000000003 0.22086437343749998 0.48134998749999997 0.2174065953125 0.5243794953124999 0.2125657265625 0.5703467625 0.29641683125 0.5865908375
308 0.361296278125 0.461338778125 0.3649426609375 0.49290171875000005 0.37754782656249997 0.5919825953125 0.45517494531249997 0.5828237109375001 0.4397878421875 0.4618572078125 0.361296278125 0.461338778125
713 0.4505368890625 0.4717193078125 0.457076734375 0.587635275 0.535395425 0.586425640625 0.539371875 0.4801479046875 0.4505368890625 0.4717193078125
713 0.5452500875 0.4784198125 0.54434470625 0.47950060156249996 0.5402363203125 0.5862528078125 0.6159616765625 0.5872896875 0.6230501328125 0.4737539734375 0.5452500875 0.4784198125
713 0.6273451718749999 0.47950060156249996 0.6285825468749999 0.5878080953125 0.70984034375 0.5869440484374999 0.7088029984374999 0.4746180203125 0.6273451718749999 0.47950060156249996
713 0.52056853125 0.62950665 0.529690084375 0.7408526625 0.6259892125000001 0.7406798421875 0.6131954421875 0.6255888609375 0.52056853125 0.62950665
713 0.860783978125 0.489443365625 0.8616088671875 0.573657228125 0.91589600625 0.575385321875 0.9240217812499999 0.5034966625 0.860783978125 0.489443365625
713 0.8603986499999999 0.48362359374999997 0.8049012921875001 0.4818955015625 0.7914159781250001 0.5752125140625 0.86022575 0.57469408125 0.8603986499999999 0.48362359374999997
713 0.8603986499999999 0.6322666921875 0.8620808609375 0.6398817078125 0.8692159953124999 0.7326688578125 0.938371540625 0.7292126718749999 0.9274795593749999 0.629847334375 0.8603986499999999 0.6322666921875
416 0.803691075 0.4689348015625 0.71015818125 0.4718725640625 0.7118870703125 0.5855810984375001 0.7848461921875 0.5829889328125 0.803691075 0.4689348015625
19 0.772595984375 0.6342618859375 0.7717066234375001 0.7263561828125 0.8524457484375001 0.73205888125 0.8552119812500001 0.6361497375 0.772595984375 0.6342618859375
19 0.746810628125 0.62612679375 0.6619286984375 0.6290743562500001 0.664169715625 0.7296395609374999 0.7419697328125 0.728948321875 0.746810628125 0.62612679375
509 0.30393045 0.6204457453125001 0.2517825421875 0.6204457453125001 0.2538426609375 0.62573865 0.23173643125 0.7155858796875 0.288650559375 0.71782774375 0.3061733796875 0.6641625624999999 0.30393045 0.6204457453125001
509 0.3100984953125 0.621987046875 0.3100984953125 0.712223025 0.3757039390625 0.7146050359375 0.3818719625 0.621987046875 0.3100984953125 0.621987046875
587 0.134317184375 0.619078871875 0.1047310328125 0.7038159453125 0.172439203125 0.7007333546875001 0.2001953546875 0.622267278125 0.134317184375 0.619078871875