234 0.54765625 0.30234375 0.09765625 0.11875
234 0.4515625 0.3046875 0.096875 0.11953125
981 0.253125 0.31171875 0.09140625 0.1015625
543 0.37265625 0.4296875 0.03203125 0.05390625
543 0.40390625 0.43046875 0.03046875 0.05390625
543 0.34140625 0.43046875 0.03203125 0.05625
543 0.31015625 0.4296875 0.0296875 0.05546875
543 0.2796875 0.42890625 0.03203125 0.05390625
543 0.24296875 0.428125 0.04140625 0.05
543 0.2 0.42890625 0.04609375 0.05078125
543 0.15 0.4296875 0.053125 0.05390625
935 0.5265625 0.43203125 0.03125 0.05546875
935 0.4953125 0.43046875 0.03125 0.053125
935 0.46484375 0.43125 0.03046875 0.05546875
935 0.434375 0.43046875 0.0296875 0.05390625
750 0.9703125 0.43984375 0.0421875 0.040625
750 0.9265625 0.43984375 0.04453125 0.040625
750 0.8859375 0.44453125 0.03671875 0.0328125
750 0.84765625 0.43984375 0.04296875 0.04140625
750 0.8015625 0.43984375 0.0453125 0.04375
234 0.7453125 0.43203125 0.03046875 0.05
234 0.71484375 0.43203125 0.03203125 0.05
234 0.68203125 0.43203125 0.0328125 0.05078125
234 0.65 0.43203125 0.03046875 0.05234375
635 0.72421875 0.30703125 0.0875 0.115625
635 0.640625 0.3046875 0.084375 0.1203125
807 0.80390625 0.33828125 0.0515625 0.05234375
807 0.84765625 0.33984375 0.04296875 0.05078125
807 0.89765625 0.3390625 0.05859375 0.05234375
807 0.95078125 0.33984375 0.05 0.05390625
807 0.82890625 0.19609375 0.03828125 0.05859375
807 0.87421875 0.19609375 0.0484375 0.0609375
807 0.91953125 0.19609375 0.04296875 0.0625
807 0.965625 0.196875 0.04453125 0.059375
543 0.525 0.71328125 0.03046875 0.08203125
543 0.4953125 0.71171875 0.03046875 0.078125
543 0.46640625 0.71171875 0.0296875 0.078125
543 0.43671875 0.71015625 0.028125 0.08046875
543 0.40703125 0.72421875 0.03046875 0.0484375
543 0.37890625 0.70703125 0.02578125 0.07265625
543 0.7203125 0.60703125 0.01953125 0.046875
543 0.703125 0.61484375 0.01484375 0.05234375
543 0.4703125 0.61640625 0.02421875 0.05859375
543 0.44609375 0.6171875 0.0234375 0.05546875
543 0.42265625 0.61484375 0.0234375 0.059375
543 0.36171875 0.61484375 0.02421875 0.06171875
543 0.3375 0.615625 0.02421875 0.06015625
543 0.30625 0.61484375 0.02578125 0.0609375
260 0.209375 0.51640625 0.05 0.06640625
810 0.12421875 0.5203125 0.04921875 0.0546875
645 0.05 0.5125 0.059375 0.07421875
810 0.296875 0.5203125 0.0515625 0.05859375
234 0.58984375 0.51484375 0.0578125 0.0734375
234 0.53671875 0.51640625 0.0484375 0.0734375
83 0.4984375 0.6125 0.025 0.0609375
83 0.52421875 0.60625 0.02109375 0.05546875
635 0.7875 0.51640625 0.0546875 0.07265625
635 0.8421875 0.51796875 0.053125 0.07265625
635 0.8953125 0.5171875 0.0515625 0.06953125
635 0.9484375 0.5171875 0.05546875 0.06953125