931 0.05555551875 0 0.07176206562500001 0.1214154546875 0.1861221625 0.12304993281250001 0.20899420625 0.0903604796875 0.16978500624999998 0 0.05555551875 0
931 0 0 0 0.131222296875 0.068494684375 0.131222296875 0.0453431 0 0.0390877515625 0 0 0
931 0.11913984531249999 0.3992758421875 0.1420118890625 0.38129660468750004 0.1338433109375 0.3355313828125 0.0537912171875 0.346972703125 0.0494280671875 0.343545753125 0.0586924140625 0.3862000734375 0.07339575625 0.49734420312500005 0.1371106921875 0.4891718390625 0.11913984531249999 0.3992758421875
931 0.24166852031250002 0.46792370781250003 0.2825114125 0.4613857921875 0.2645405640625 0.3371658921875 0.20261434218750002 0.33741830156249997 0.1991919375 0.3420692984375 0.217162784375 0.38946896875000003 0.24166852031250002 0.46792370781250003
931 0.2629068734375 0.7376117 0.25473829531250003 0.6967498828124999 0.22206398125 0.6738673656249999 0.18938966875000002 0.6722327921875 0.16325011875 0.70655681875 0.16789211875 0.703022878125 0.181221090625 0.7637633 0.20899420625 0.775204559375 0.2351336328125 0.7670321953125 0.2629068734375 0.7376117
931 0.177953584375 0.7474185734375001 0.1616164265625 0.682039728125 0.1256747328125 0.6722327921875 0.088099221875 0.6722327921875 0.078296953125 0.69838445625 0.0759803546875 0.70098039375 0.09300041875000001 0.7703010921875 0.12730842343749998 0.780108028125 0.16325011875 0.7703010921875 0.177953584375 0.7474185734375001
931 0.09136672812499999 0.7637633 0.07012837499999999 0.686943009375 0.0358203703125 0.678770646875 0.011314635937500001 0.7016532890625 0.006535909375 0.7050653609374999 0.0015123671875 0.7294393359375 0.0227505953125 0.780108028125 0.0554249078125 0.7833769234375 0.09136672812499999 0.7637633
647 0.0766632625 0.5071510140625 0.030919173437500003 0.360048471875 0.004779746875 0.346972703125 0 0.35187610937499997 0.0080471296875 0.515323378125 0.0766632625 0.5071510140625
483 0.24330221093749999 0.47773051874999994 0.22043016718750003 0.3862000734375 0.1550815390625 0.378027709375 0.149509765625 0.3762254921875 0.110971265625 0.4025448 0.1371106921875 0.5055165671874999 0.17631989374999998 0.510419971875 0.24330221093749999 0.47773051874999994
599 0.27270914375 0.8340455515625 0.174686203125 0.8471213828125 0.16789211875 0.8500817015625 0.18285478125000001 0.925575996875 0.27270914375 0.920672653125 0.2825114125 0.8716384734375 0.27270914375 0.8340455515625
599 0.07993064375 0.858562640625 0.0759803546875 0.8562091515624999 0.0962678 0.9353829328125001 0.1861221625 0.9239415484375 0.1648839328125 0.850390278125 0.07993064375 0.858562640625
599 0.0015123671875 0.9468241921875 0.09300041875000001 0.9304794640624999 0.069852903125 0.8562091515624999 0.065227178125 0.85692819375 0 0.8634661093749999 0.0015123671875 0.9468241921875
80 0.200825628125 0.0020989609375 0.20057185781250003 0 0.1991919375 0.10016738437499999 0.4181098625 0.108339746875 0.4181098625 0.0020989609375 0.200825628125 0.0020989609375
80 0.2955811875 0.29957297031249996 0.413208665625 0.294669565625 0.4181098625 0.458116834375 0.4426155984375 0.43850314843750005 0.4409817828125 0.196601203125 0.2710754515625 0.194966725 0.2700163015625 0.1924019625 0.2596393671875 0.3257245703125 0.274342834375 0.458116834375 0.30211595 0.45484787656250003 0.2955811875 0.29957297031249996
80 0.29884856875 0.296304075 0.296568590625 0.2986111125 0.300482259375 0.48590288125000003 0.419743553125 0.48099947656250003 0.41484235625 0.2881317109375 0.29884856875 0.296304075
80 0.6566323265625 0.3486071515625 0.64683005625 0.26524906875 0.615789434375 0.1982357453125 0.4579247984375 0.1944444453125 0.4377144015625 0.2619801109375 0.4524178671875 0.47936496562500003 0.6337602812500001 0.471192603125 0.6566323265625 0.3486071515625
80 0.638661478125 0.113243121875 0.6451962421874999 0 0.4216313921875 0.0051730265625 0.4311795140625 0.1099741640625 0.638661478125 0.113243121875
80 0.4671213328125 0.7327082328125 0.46058644531250004 0.5643575578125 0.27597652500000003 0.5774333265625 0.2741012703125 0.5784313734375 0.2645405640625 0.7016532890625 0.297214878125 0.8029905453125 0.45568524843749997 0.7784734546875 0.4671213328125 0.7327082328125
80 0.46222013593750005 0.56599206875 0.4720224046875 0.744149553125 0.61415574375 0.7294393359375 0.619056815625 0.56599206875 0.46222013593750005 0.56599206875
80 0.3641971953125 0.8160663765624999 0.366013034375 0.8174019625 0.380534353125 0.9043279265624999 0.493260759375 0.8879832000000001 0.5030630281249999 0.7980872015625 0.3641971953125 0.8160663765624999
338 0.648463746875 0 0.6437908125 0.004493465625 0.64029516875 0.108339746875 0.8379748656249999 0.113243121875 0.8951549140624999 0 0.648463746875 0
950 0.8885874390625 0.0019807296875 0.886687578125 0 0.8353863828125 0.1046302625 0.9949895515625 0.11033292343750001 0.9987895640625 0.0057825765625 0.8885874390625 0.0019807296875
950 0.6377827921875 0.423984109375 0.7118842109375 0.4410923109375 0.75178493125 0.2852172515625 0.7327845749999999 0.21108149687500002 0.671983346875 0.212982384375 0.6394681062500001 0.2237663453125 0.6377827921875 0.2262888109375 0.6567831484375 0.3536502015625 0.6377827921875 0.423984109375
950 0.71758423125 0.42778595625 0.8467867124999999 0.4201822625 0.8657870687500001 0.2928208734375 0.8410865484375 0.22818977031249998 0.7840854796875 0.209180609375 0.74636285625 0.2237663453125 0.7498847796875 0.22818977031249998 0.75558494375 0.27951444531249997 0.71758423125 0.42778595625
950 0.837286534375 0.42208315 0.9797892078125001 0.41257857031249995 0.968388878125 0.2909199859375 0.968388878125 0.21108149687500002 0.9265881515625001 0.2015769171875 0.8809874125 0.22248696406250001 0.8508821671875 0.24276985624999997 0.8581870421875 0.2490998171875 0.8657870687500001 0.3061273 0.837286534375 0.42208315
950 0.7631852609374999 0.54564269375 0.62258245 0.56085008125 0.6149822781250001 0.5551472734375 0.6054820999999999 0.6654004640625 0.64158280625 0.72622971875 0.75178493125 0.673004084375 0.7631852609374999 0.54564269375
950 0.9075877953125 0.5931655953125 0.886687578125 0.5361381140625 0.7574850953125 0.5399399609375 0.760615490625 0.5444505953125 0.75558494375 0.6825086640625 0.7878854921875 0.714824396875 0.9151881124999999 0.707220559375 0.9075877953125 0.5931655953125
950 0.9018876312499999 0.7034187843749999 0.9968894125000001 0.68631065625 0.9949895515625 0.5380390734375 0.9037877828124999 0.5380390734375 0.89998776875 0.54374180625 0.9094879468749999 0.5931655953125 0.9018876312499999 0.7034187843749999
950 0.6453829640625 0.82507736875 0.6396828 0.794662740625 0.5085803109375 0.8022663609375 0.5016926500000001 0.7986225578124999 0.4819797828125 0.9391323328125001 0.6054820999999999 0.95433971875 0.6320826281249999 0.920123171875 0.6453829640625 0.82507736875
950 0.7574850953125 0.794662740625 0.649182978125 0.7984645875 0.64158280625 0.796563628125 0.6377827921875 0.912519478125 0.7213842453125 0.9220240593750001 0.7612851093749999 0.8821048499999999 0.7574850953125 0.794662740625
950 0.765085121875 0.781356459375 0.7558646125 0.791496240625 0.75178493125 0.89541135 0.8657870687500001 0.8687984953125 0.8809874125 0.771851878125 0.765085121875 0.781356459375
950 0.8790872609375 0.769950846875 0.87226111875 0.7772436078125 0.8714872343750001 0.8802039625000001 0.9987895640625 0.8726002703125 1 0.766149 0.8790872609375 0.769950846875