797 0.697976878125 0.4336072671875 0.6907514453125 0.6866349484375001 0.9248554906249999 0.7093425609375 0.9436416187500001 0.4422577859375 0.697976878125 0.4336072671875
797 0.47976878593750005 0.66176470625 0.5101156062500001 0.43252595156250007 0.31502890156249996 0.43901384062500004 0.289017340625 0.646626296875 0.47976878593750005 0.66176470625
797 0.2731213875 0.49740484374999994 0.3193641625 0.44333910000000004 0.131502890625 0.421712803125 0.1213872828125 0.50281141875 0.0924855484375 0.6379757781250001 0.2731213875 0.6477076125 0.2731213875 0.49740484374999994
797 0.539017340625 0.4498269890625 0.5101156062500001 0.6552768171875 0.69219653125 0.6779844296875 0.6950867046875 0.45198961875 0.539017340625 0.4498269890625
797 0.0202312140625 0.5103806234375 0 0.50281141875 0.0028901734375 0.6304065750000001 0.060693642187499994 0.6368944640625 0.089595375 0.50281141875 0.1286127171875 0.4206314875 0.0014450859375 0.4152249140625 0.0014450859375 0.4379325265625 0.0260115609375 0.43901384062500004 0.0202312140625 0.5103806234375
797 0.2919075140625 0.1935553640625 0.11416185000000001 0.1913927328125 0.08092485625 0.379541521875 0.2702312140625 0.3860294125 0.2687861265625 0.2432958484375 0.2919075140625 0.1935553640625
797 0.6271676296875001 0.30601211093749997 0.6676300578125 0.17841695468750002 0.4291907515625 0.17192906562500002 0.44219653125 0.2638408296875 0.424855490625 0.3860294125 0.6271676296875001 0.393598615625 0.6271676296875001 0.30601211093749997
797 0.9465317921875 0.271410034375 0.9335260109375 0.18490484375 0.9508670515625001 0.16219723125000002 0.6777456640625 0.176254325 0.7008670515625 0.2324826984375 0.69364161875 0.393598615625 0.916184971875 0.397923875 0.9465317921875 0.271410034375
797 0.43497109843750004 0.27357266406249997 0.44508670468749995 0.2562716265625 0.4234104046875 0.22383217968750002 0.32947976875 0.24870242187499997 0.3367052015625 0.35683390937500004 0.32225433593749997 0.3881920421875 0.4234104046875 0.3871107265625 0.43497109843750004 0.27357266406249997
797 0.1372832375 0.07136678125 0.11705202343750001 0 0.0202312140625 0.0302768171875 0.046242775 0.095155709375 0.0260115609375 0.1470588234375 0.12572254375 0.15030276874999998 0.1372832375 0.07136678125
797 0.12572254375 0 0.141618496875 0.0919117640625 0.12572254375 0.14489619375 0.1459537578125 0.145977509375 0.160404625 0.09407439375 0.290462428125 0.089749134375 0.2947976875 0.1416522484375 0.3092485546875 0.0919117640625 0.317919075 0 0.12572254375 0
797 0.32080924843749997 0 0.30635838125000003 0.1384083046875 0.4812138734375 0.135164359375 0.5173410406250001 0 0.32080924843749997 0
797 0.5187861265625 0 0.5202312140625 0.1286764703125 0.7182080921875 0.1286764703125 0.7514450859374999 0.0010813156250000001 0.5187861265625 0
797 0.7485549140625001 0.0010813156250000001 0.745664740625 0.123269896875 0.960982659375 0.11678200624999999 0.9797687859374999 0.0010813156250000001 0.7485549140625001 0.0010813156250000001
685 0.7138728328124999 0.9666955015625 0.8670520234374999 0.9883217999999999 0.8728323703124999 0.7850346015625 0.745664740625 0.760164359375 0.7268786125 0.7839532874999999 0.7138728328124999 0.9666955015625
685 1 0.79801038125 0.893063584375 0.7774653984375 0.881502890625 0.9753460203125 1 0.9958910031249999 1 0.79801038125