931 0.08515625 0.05390625 0.115625 0.1
931 0.178125 0.06875 0.08671875 0.07890625
931 0.26171875 0.0640625 0.06328125 0.06328125
931 0.66015625 0.053125 0.05703125 0.06484375
931 0.7359375 0.0390625 0.0578125 0.078125
483 0.0890625 0.303125 0.06484375 0.06328125
483 0.1546875 0.30703125 0.053125 0.0640625
483 0.20703125 0.30546875 0.0625 0.065625
483 0.27109375 0.303125 0.05 0.05703125
483 0.3296875 0.2984375 0.046875 0.06015625
932 0.4140625 0.30234375 0.06328125 0.05859375
932 0.4796875 0.3015625 0.0703125 0.0609375
932 0.54140625 0.30390625 0.06640625 0.0484375
932 0.6125 0.29765625 0.07109375 0.0515625
932 0.675 0.29609375 0.07265625 0.053125
932 0.7796875 0.29140625 0.05546875 0.05703125
699 0.1328125 0.66171875 0.06640625 0.08203125
699 0.29375 0.65 0.08359375 0.09296875