63 0.53515625 0.340625 0.14296875 0.14921875
63 0.7984375 0.34609375 0.13515625 0.125
63 0.665625 0.3453125 0.1328125 0.12265625
63 0.45859375 0.52890625 0.12109375 0.11875
63 0.18515625 0.553125 0.15390625 0.12734375
63 0.33671875 0.5390625 0.12734375 0.134375
63 0.57578125 0.5203125 0.115625 0.10234375
63 0.1875 0.35546875 0.175 0.15546875
63 0.36171875 0.12578125 0.13046875 0.1625
63 0.49921875 0.14375 0.1296875 0.14453125
63 0.6984375 0.15390625 0.0890625 0.13828125
63 0.81171875 0.64921875 0.10234375 0.0984375
63 0.83828125 0.5015625 0.084375 0.10078125
63 0.75390625 0.503125 0.0796875 0.0984375
63 0.6765625 0.50625 0.08359375 0.1109375
63 0.23125 0.90234375 0.13203125 0.1265625
63 0.37578125 0.875 0.13046875 0.11953125
63 0.62109375 0.8234375 0.10078125 0.109375
63 0.51015625 0.84453125 0.1046875 0.11015625
63 0.59453125 0.6703125 0.12421875 0.09296875
63 0.70546875 0.6546875 0.08828125 0.096875