934 0.41512344843750004 0.23698840468750001 0.304130778125 0.23503928125 0.28756915625 0.330988690625 0.40088747968750005 0.3369705328125 0.41512344843750004 0.23698840468750001
934 0.49769207031249996 0.2335702078125 0.41305402343750003 0.22756415625 0.4025958140625 0.330988690625 0.514775234375 0.33611598125 0.49769207031249996 0.2335702078125
934 0.604177103125 0.2690339578125 0.6218297390624999 0.20152465625 0.4885171890625 0.21902115625000002 0.5210390953124999 0.340388721875 0.6280935999999999 0.3177432015625 0.604177103125 0.2690339578125
934 0.8801012203124999 0.2562157359375 0.8117273453125 0.2467859046875 0.7793104875 0.3412432734375 0.870420690625 0.3472251 0.8801012203124999 0.2562157359375
934 0.8163240078125 0.2310065703125 0.7177543484375 0.20620665625 0.6751032203125 0.3126159109375 0.7798799625 0.342952359375 0.8163240078125 0.2310065703125
934 0.590256834375 0.3382523515625 0.7064223953125001 0.342952359375 0.688769759375 0.319879571875 0.7024362546875 0.24040659375 0.6152383515625 0.23717503125 0.6039233734375 0.26817940625 0.6232843 0.3164613671875 0.590256834375 0.3382523515625
934 0.0350262859375 0.21848721875 0.0349973078125 0.3215886578125 0.1534405875 0.325006846875 0.151162825 0.23955205156249998 0.0350262859375 0.21848721875
934 0.3043418625 0.24083388593750002 0.21442927968749997 0.23664109375 0.23657863906249998 0.32799776875000003 0.2878281296875 0.3275705015625 0.3043418625 0.24083388593750002
934 0.1710023640625 0.25052346718749996 0.15401001875 0.3262886828125 0.2399952640625 0.32671595 0.21607885312500003 0.2485247984375 0.1710023640625 0.25052346718749996
192 0.2785069 0.37176769374999996 0.1777151890625 0.36103725937500003 0.18881195 0.46652879843750006 0.2788657015625 0.4676056328125 0.2785069 0.37176769374999996
192 0.361385028125 0.3868433203125 0.38040036875 0.3604609703125 0.2804329578125 0.35565466875 0.2803007984375 0.4657211671875 0.3764538234375 0.4676056328125 0.361385028125 0.3868433203125
192 0.3767516875 0.46706720468749996 0.428057209375 0.46652879843750006 0.43204259218749996 0.3607008484375 0.3814158359375 0.359922553125 0.3609653984375 0.3879201546875 0.3767516875 0.46706720468749996
192 0.46449197968749995 0.4511839484375 0.565667871875 0.47298978593749996 0.5839656359375 0.380113128125 0.497858484375 0.35776889375 0.51830895 0.40380340156249994 0.46449197968749995 0.4511839484375
192 0.516873825 0.404611021875 0.4949882625 0.3588457171875 0.432491140625 0.36440137968749997 0.42789642343749995 0.4667980015625 0.525125771875 0.4676056328125 0.4619805046875 0.4517223765625 0.516873825 0.404611021875
192 0.6707321609375 0.4727205625 0.6729135171875 0.37281167656249997 0.5864189078125001 0.3774210515625 0.5681211312500001 0.4711053203125 0.6707321609375 0.4727205625
192 0.6781868828125 0.4770279015625 0.701866371875 0.479719978125 0.72662215625 0.44337694218749996 0.7366680015625 0.407033915625 0.7209082828125 0.3734845 0.68392738125 0.3954579671875 0.668499840625 0.4350314875 0.6781868828125 0.4770279015625
192 0.763410340625 0.47352819375 0.785654703125 0.432608634375 0.7910364000000001 0.38522807812500004 0.7307763656249999 0.3822312109375 0.730043834375 0.4371851578125 0.7092345953125 0.47164374843749995 0.763410340625 0.47352819375
192 0.2963442203125 0.49590435624999996 0.23949150624999999 0.5572874453125001 0.3200238984375 0.574399459375 0.35245064843749996 0.5064860828125 0.2963442203125 0.49590435624999996
192 0.39734922968749997 0.4944541875 0.364059678125 0.49490198906250005 0.3592210765625 0.567447690625 0.4315576984375 0.565308709375 0.43084500468750003 0.5313519999999999 0.39734922968749997 0.4944541875
192 0.4322703625 0.57386470625 0.5113774109375 0.5711909515625 0.5145844312500001 0.561030684375 0.4789977578125 0.49523611093750003 0.39841825468750003 0.493117309375 0.43191402968750003 0.53322363125 0.4322703625 0.57386470625
192 0.5995851140624999 0.537769015625 0.562882290625 0.522261240625 0.5742850953125 0.4968605703125 0.5177559484375001 0.49523611093750003 0.5211907296875 0.545255528125 0.5090752609375 0.5752015828125 0.6063555140625 0.5746668500000001 0.5995851140624999 0.537769015625
192 0.56359495625 0.5217264875 0.601366803125 0.5372342625 0.63949495625 0.5776079562499999 0.69461803125 0.5386720140625 0.625954103125 0.4968605703125 0.5749977875 0.4960584359375 0.56359495625 0.5217264875
192 0.8019826734375 0.5019185578124999 0.7981772734375 0.5666455859374999 0.8658814906250001 0.5623675625 0.8815603953125001 0.499801696875 0.8019826734375 0.5019185578124999
821 0.3333254015625 0.690415971875 0.326433290625 0.7479604125 0.39633721875 0.7491873609375 0.38979650625 0.6899872859375 0.3333254015625 0.690415971875
821 0.33297400312500003 0.6893738109374999 0.2576857796875 0.691182590625 0.24794464375 0.7430526375000001 0.311307859375 0.7494940921875 0.32970363125 0.714832909375 0.33297400312500003 0.6893738109374999
821 0.23363682031250002 0.6896805421875001 0.18826058750000002 0.6906007484375001 0.162114096875 0.700382003125 0.1543306109375 0.7390650703125 0.204203596875 0.7384515953124999 0.23363682031250002 0.6896805421875001
821 0.562288578125 0.6877328109375 0.5660400609375 0.7304764484375 0.6024228171875 0.714219434375 0.6077371328125001 0.6853862421875 0.562288578125 0.6877328109375
821 0.5019813125 0.688499428125 0.49695371093749996 0.7323168718749999 0.5660400609375 0.7267956234375 0.5619521125 0.6869199234375001 0.5019813125 0.688499428125
821 0.6091728296875 0.7439728671875 0.6422852453125001 0.7313966656249999 0.6650153609375 0.6873495015625 0.607537675 0.6869199234375001 0.6026321171875 0.7145261781250001 0.6091728296875 0.7439728671875
821 0.7882250578125001 0.744279575 0.7948293046875 0.68543295625 0.7346728953125 0.684466025 0.7244530218749999 0.7448930500000001 0.7882250578125001 0.744279575
821 0.4590507171875 0.6888827375 0.46379449375000004 0.7341572843749999 0.48791337031250004 0.7191272203125 0.49322771718749997 0.6881468609375 0.4590507171875 0.6888827375
192 0.397471846875 0.63556009375 0.3946102640625 0.5984450125 0.3169708890625 0.5972719125 0.33288223437500003 0.6239041109375 0.3259327328125 0.6561114078125 0.4150500109375 0.6524305828125 0.397471846875 0.63556009375
192 0.5483171859375 0.6610191921874999 0.5781320125 0.599571765625 0.5168399890625001 0.59813828125 0.504576140625 0.6235973796875001 0.5483171859375 0.6610191921874999
192 0.43712494375000005 0.628811896875 0.449851303125 0.649401921875 0.5041673203125 0.6229839046875 0.51438719375 0.597218075 0.43712494375000005 0.5969113312500001 0.43712494375000005 0.628811896875
192 0.395019053125 0.597218075 0.3982323734375 0.6367527281250001 0.44366565625 0.6420015484375 0.4342633921875 0.626358009375 0.4363073671875 0.5990584875 0.395019053125 0.597218075
192 0.317756834375 0.597218075 0.29243912031249997 0.599571765625 0.285870815625 0.6429217546875 0.33042947031250003 0.63862745625 0.333291021875 0.6223704296875 0.317756834375 0.597218075
192 0.7886963625 0.6003383828125 0.7967165875 0.6663102750000001 0.8420928203125 0.6546543046875 0.858035859375 0.5936138109375 0.7886963625 0.6003383828125
95 0.4844232546875 0.055352321875 0.4881191625 0.157149025 0.5662506375 0.162305890625 0.6013374781249999 0.066768265625 0.4844232546875 0.055352321875
95 0.446320240625 0.09445246562500001 0.4477671265625 0.0355556890625 0.32569233125 0.036019709375 0.346847303125 0.1509065328125 0.46332108906249997 0.15552054843750002 0.446320240625 0.09445246562500001
95 0.2708729265625 0.0840875546875 0.237508484375 0.0865558375 0.2640002453125 0.1475983328125 0.348642675 0.1505839 0.337067653125 0.119371325 0.2708729265625 0.0840875546875
95 0.6939389484375 0.172839815625 0.7420476953125 0.10471498125 0.720032403125 0.0431422515625 0.66246930625 0.104986390625 0.63099969375 0.1641545859375 0.6939389484375 0.172839815625
95 0.6342551765625 0.1649688140625 0.653064596875 0.06454574375 0.6264218578125 0.049586454687499996 0.6006152218749999 0.0724167453125 0.5669752953125 0.16062619843749998 0.6342551765625 0.1649688140625
95 0.8776438593749999 0.13794207187500002 0.8140951718749999 0.131665265625 0.8175983468749999 0.1732258640625 0.898261878125 0.178382728125 0.8776438593749999 0.13794207187500002
95 0.7242746359375001 0.1691546578125 0.818321803125 0.17349727343750002 0.8091206984375001 0.112332653125 0.7448926671875 0.0980442671875 0.7159550828125 0.1411990390625 0.7242746359375001 0.1691546578125
821 0.05498919375 0.6809411796875 0.023851875 0.7336298265625001 0.0968219859375 0.7319247265625 0.12131367500000001 0.6809612671874999 0.05498919375 0.6809411796875