849 0.22212109375 0.1213365515625 0.23920974843749998 0.108084228125 0.21357674375000002 0.0315152421875 0.0686606 0.02077499375 0.040627870312499995 0.0415281078125 0.057421875 0.0898254890625 0.2044431828125 0.085113534375 0.22212109375 0.1213365515625
849 0.23007614375 0.14224577031250002 0.2023807703125 0.08894198125 0.055399967187499996 0.08707816093750001 0.0117539421875 0.1098512 0.0421010296875 0.1790577828125 0.1814618921875 0.180235771875 0.23007614375 0.14224577031250002
849 0.1994344515625 0.16879658125000002 0.171149778125 0.1947122359375 0.045086140625 0.181376 0.0677339890625 0.2388866609375 0.2062109484375 0.2556729296875 0.22624592031250002 0.23034627031250002 0.1994344515625 0.16879658125000002
849 0.1808726375 0.31049536093749996 0.16938196875 0.269854903125 0.0436127375 0.23073502499999998 0.0032096375 0.25689708125 0.0191197375 0.3210972390625 0.11487508125000001 0.3526083125 0.1808726375 0.31049536093749996
849 0.17792631875 0.39648823593750004 0.15376651875 0.3473073734375 0.11546438125 0.3596762234375 0.042876034375 0.333136584375 0.0049774453125 0.35614225625 0.043574189062500004 0.42004792343749997 0.152293359375 0.4268213203125 0.17792631875 0.39648823593750004
849 0.06685012968750001 0.425441175 0.07274276562500001 0.44428891875 0.13166913125 0.46078069531250004 0.1481684875 0.42956411406250006 0.06685012968750001 0.425441175
849 0.08118453125 0.45616579531249996 0.0474044109375 0.4925862828125 0.127838909375 0.50053766875 0.130195971875 0.46372565625 0.08118453125 0.45616579531249996
849 0.13697246875 0.5726892125 0.10308980781249999 0.5453010890625001 0.1201784625 0.506427590625 0.053591696875 0.49641474218750004 0.0188251328125 0.5488350328125 0.019414387499999998 0.5691553140625001 0.13255299062499998 0.593598453125 0.13697246875 0.5726892125
147 0.22236560625 0.23916060312499998 0.20652905625 0.26549302343750003 0.3422100625 0.280263346875 0.3504941734375 0.2531844171875 0.22236560625 0.23916060312499998
147 0.3462401625 0.3147274453125 0.33549318437500003 0.28809609531249997 0.20109195624999998 0.27498990624999997 0.18301997812499998 0.309132625 0.321835515625 0.3254694921875 0.3352692734375 0.3469536171875 0.3462401625 0.3147274453125
147 0.33459754531249997 0.352653684375 0.3202682171875 0.3282602453125 0.1837371375 0.313058540625 0.1639888203125 0.3495205734375 0.18055714375 0.38398468124999996 0.3169097765625 0.4000977484375 0.33459754531249997 0.352653684375
147 0.1893354671875 0.392554809375 0.17160130468749998 0.4298622015625 0.3211637875 0.44933217187499996 0.33168692499999997 0.3985312140625 0.1893354671875 0.392554809375
147 0.1490275 0.4373414390625 0.1301805484375 0.47663490781249995 0.27638462656249996 0.493419353125 0.2925051296875 0.44933217187499996 0.1490275 0.4373414390625
147 0.1299931828125 0.487726396875 0.10644756250000001 0.5366464890625 0.269667746875 0.558578159375 0.28578825 0.5046440734375001 0.1299931828125 0.487726396875
147 0.14342917187499998 0.575060325 0.12503093437499999 0.61654050625 0.2694438375 0.6431718390625 0.2869077296875 0.6004274296875 0.14342917187499998 0.575060325
361 0.2996225421875 0.514598375 0.31198410625 0.56334795625 0.3851980484375 0.564019340625 0.38094403906249996 0.5161276890625001 0.2996225421875 0.514598375
361 0.374227159375 0.5660334703125 0.2867463859375 0.5649833328125 0.3003414890625 0.6081065296875 0.3825113375 0.617505821875 0.374227159375 0.5660334703125
361 0.2942963046875 0.6134775609374999 0.3059388875 0.6553268484375 0.3789289890625 0.65174613125 0.3791528984375 0.6150441046874999 0.2942963046875 0.6134775609374999
405 0.5051444421875 0.5055294265625 0.5149958515625 0.623915853125 0.62067474375 0.6261537828125 0.6054498453125 0.4981442734375 0.5051444421875 0.5055294265625
405 0.4995470421875 0.5100052828125 0.396473628125 0.5034017171875 0.4041673453125 0.6201113484375 0.5058161375 0.6288392890625001 0.4995470421875 0.5100052828125
405 0.41830711093749995 0.43510210625 0.41222761406249997 0.4999346046875 0.51410028125 0.49389220624999997 0.51969768125 0.4728556765625 0.41830711093749995 0.43510210625
405 0.53139335 0.42166611875 0.5329075296875 0.46211361406250007 0.6320934515625 0.4786742859375 0.64037763125 0.44085329375000004 0.53139335 0.42166611875
405 0.4003924578125 0.39199497656250004 0.41849670781250004 0.435929859375 0.5129808015624999 0.4374964109375 0.5174587203125001 0.39072372187500004 0.4003924578125 0.39199497656250004
405 0.519921590625 0.385576471875 0.5212649453125 0.4115364375 0.6220181328125001 0.43123020468749995 0.6278394421875 0.3882619875 0.519921590625 0.385576471875
405 0.51656315 0.3501470390625 0.5185782 0.38282080625 0.6179880328125 0.38058287812499997 0.6220181328125001 0.34141913281249997 0.51656315 0.3501470390625
405 0.40886917343749996 0.3389573984375 0.4076702859375 0.338810853125 0.41692944218749994 0.3881918203125 0.511861321875 0.3823732109375 0.509846271875 0.33358638281249997 0.40886917343749996 0.3389573984375
405 0.5188021109375 0.3138926078125 0.5176826296875 0.3443284296875 0.614181775 0.334705346875 0.6137340234375 0.3129974328125 0.5188021109375 0.3138926078125
497 0.5884337375 0.23785143749999998 0.610599425 0.032185831250000005 0.3903154671875 0.0236249484375 0.3983460703125 0.22509525312499998 0.5767911531250001 0.242103521875 0.5884337375 0.23785143749999998
867 0.7099896546875 0.21399111249999997 0.7310875515624999 0.21097852968750003 0.7405600921875 0.2004344328125 0.7403447953125 0.18859923125 0.7334556953125 0.180637378125 0.7213997453125 0.171814765625 0.6966420171875 0.17030847031250002 0.6966689328125 0.170210725 0.6710231640625001 0.1771944015625 0.6507863921875 0.2017255421875 0.6764052781250001 0.2124848125 0.7099896546875 0.21399111249999997
867 0.6820026578125 0.2712304375 0.70762154375 0.272736728125 0.72936526875 0.2639141296875 0.735608540625 0.2501422609375 0.7308722859375 0.2288389015625 0.7114966734375 0.2159277765625 0.6681389890625 0.212736490625 0.6492794078124999 0.2245351921875 0.6460501375 0.24239558125 0.6576755249999999 0.2602559765625 0.6820026578125 0.2712304375
867 0.6936280453125 0.343996828125 0.7371155265625 0.334959046875 0.748525615625 0.318820140625 0.7431435015625001 0.298162353125 0.725490171875 0.28740308125 0.7033158515625 0.2777197375 0.6753288546875 0.27965639375 0.6553073828125 0.2912764015625 0.6516475500000001 0.3123645703125 0.6613353578125001 0.3405538640625 0.6936280453125 0.343996828125
867 0.6936280453125 0.42432845312499995 0.7289347046875 0.4286321625 0.7468033328125 0.420239928125 0.7644566625 0.4013036125 0.7627343796875 0.381076196875 0.748956178125 0.360418384375 0.732809834375 0.3503046640625 0.707836809375 0.34514021562499997 0.677290103125 0.3478500015625 0.659828371875 0.3662283921875 0.6576755249999999 0.3877469328125 0.666286909375 0.4060376859375 0.6936280453125 0.42432845312499995
867 0.6649951890625 0.5020441156250001 0.6901834796874999 0.515600803125 0.7147259421875 0.51775265625 0.7472338953125 0.515170421875 0.7657483828125 0.4983859703125 0.7694082156250001 0.4772977921875 0.7605815328125 0.4521211140625 0.7448657843750001 0.4329696 0.7147259421875 0.42565329375000005 0.6794433062499999 0.42913342656250003 0.660689496875 0.4400707171875 0.6527239734375 0.4557792515625 0.6557379453125 0.4874115 0.6649951890625 0.5020441156250001
867 0.657029665625 0.6246998171875 0.6716690234375 0.64514243125 0.7022394296875001 0.66321799375 0.7269971578125001 0.6649394828124999 0.7597204078125 0.6599902125 0.779526584375 0.639762796875 0.7827558531250001 0.61092793125 0.778665459375 0.582738678125 0.76036626875 0.5610049218750001 0.7317334109375 0.5427141625 0.6957808921875 0.5338915625 0.68867649375 0.5407774890625 0.6604742 0.5541189953125001 0.6503558296875 0.5752071890625 0.6471265609375 0.6031812921874999 0.657029665625 0.6246998171875
867 0.7747903296875001 0.275318946875 0.8010550421874999 0.272091165625 0.8705919718749999 0.1720299609375 0.7693395453125 0.156214903125 0.7405600921875 0.25724339375 0.7498173046875001 0.2684330203125 0.7747903296875001 0.275318946875
867 0.7821099921875 0.348690440625 0.8062218921875001 0.3549308046875 0.83248660625 0.3471841328125 0.8469106671875 0.335348934375 0.851216359375 0.31748855468750004 0.8365769999999999 0.2946788890625 0.81311099375 0.28499554374999997 0.78060300625 0.2791855453125 0.7573522640625 0.2895144515625 0.748095053125 0.3039318671875 0.7500326015625001 0.3237289359375 0.7582134218750001 0.3387918984375 0.7821099921875 0.348690440625
867 0.7717763578125 0.4096553625 0.792443659375 0.424287978125 0.8150485406250001 0.431604284375 0.83980626875 0.4333257578125 0.860043040625 0.42643983125 0.8693002515625 0.40987054531249995 0.86564041875 0.39071905625 0.8522927812500001 0.375871259375 0.8301184625 0.36317531718749996 0.81397211875 0.35779568125 0.7930895203125 0.355213471875 0.7871034734375 0.3559245140625 0.770269340625 0.35908679062500004 0.7599357062500001 0.37113717031250004 0.76122739375 0.3956683109375 0.7717763578125 0.4096553625
867 0.7685470890625 0.48374660937499997 0.7655330859375 0.503113296875 0.7816794296875 0.51494849375 0.7954576624999999 0.52075849375 0.8163402625 0.5351759265625 0.8329171687500001 0.5390492703125 0.847556528125 0.5392644515625 0.8705919718749999 0.5349607437499999 0.883939609375 0.5158092390625 0.887599440625 0.496657734375 0.8776963703125 0.473417703125 0.8675780015625 0.4615825125 0.851646921875 0.4503928703125 0.8363617359375001 0.44243102343749996 0.814187415625 0.4383424890625 0.8000226937500001 0.4382845421875 0.785985121875 0.44436767968749996 0.776943175 0.45060805156250006 0.7724221859375 0.46481029375 0.7685470890625 0.48374660937499997
867 0.785123996875 0.6197775140624999 0.7905061109375 0.646460509375 0.8090205656249999 0.6595868328125001 0.8376534234375 0.6664727593750001 0.8660709828125001 0.6699157390625 0.8884605999999999 0.661308321875 0.9003012515625001 0.6434479093750001 0.889967584375 0.604929734375 0.8815714984374999 0.58039859375 0.8665015781250001 0.5606015249999999 0.8436813984375 0.551994109375 0.820215390625 0.5463992906249999 0.80794414375 0.5470448546875 0.7818947281249999 0.5567281984375 0.778665459375 0.56770265 0.77974188125 0.5952463906250001 0.785123996875 0.6197775140624999
238 0.851216359375 0.314045575 0.8822173265625001 0.33793116875 0.9033152234375 0.3336274609375 0.9321633453124999 0.27574258125 0.9485249859374999 0.2477684703125 0.993519453125 0.24367995156250002 1 0.1974150875 0.9874915109375 0.1879469265625 0.947233265625 0.1819217359375 0.9162956734375 0.17882353906249998 0.8951344015625 0.1862254609375 0.8906134453125001 0.20344029375 0.8499246375 0.29446370625 0.851216359375 0.314045575
238 0.8841549078125001 0.3826897265625 0.889967584375 0.4009804859375 0.9048222078125001 0.406360121875 0.9330245359375 0.41539790312499997 0.9730674171875 0.371500090625 0.9971793171875 0.33793116875 0.9945958765625 0.245616615625 0.9803534734375001 0.24664944375000003 0.951108428125 0.254224040625 0.9345314874999999 0.27617294531250003 0.8863077531249999 0.36977860156250003 0.8841549078125001 0.3826897265625
238 0.9125724999999999 0.4897380765625 0.9250589796875 0.5035099296875 0.9474485640625 0.5127629421875 0.9812482703125 0.5060921656249999 0.9965334890624999 0.48414324375 0.9978251453125001 0.342336059375 0.9744321640625 0.37422674218749996 0.9226908359375001 0.42754948906249995 0.9005165171874999 0.45315655625 0.8985789687500001 0.46778915468750004 0.9125724999999999 0.4897380765625
238 0.9099890578125001 0.5885418984374999 0.9194615671875 0.61651601875 0.9377607578125 0.6401864140625 0.9685464937500001 0.644274925 0.9989015671875 0.6477179046875 0.9943492953125 0.48888482031249997 0.9788801265625 0.5132270046875 0.9362538046875001 0.5487326140625 0.9160170000000001 0.57003595625 0.9099890578125001 0.5885418984374999