700 0.57890625 0.3296875 0.13203125 0.16171875
700 0.45234375 0.4734375 0.12265625 0.1265625
700 0.334375 0.4671875 0.1203125 0.13046875
700 0.321875 0.321875 0.134375 0.16015625
700 0.4484375 0.32109375 0.12578125 0.17265625
700 0.359375 0.15078125 0.1140625 0.146875
700 0.4734375 0.15078125 0.11484375 0.15234375
700 0.59296875 0.1546875 0.12421875 0.15234375
700 0.71796875 0.15859375 0.13203125 0.1578125
700 0.58125 0.0390625 0.09375 0.078125
700 0.67265625 0.03984375 0.09296875 0.07890625
700 0.71328125 0.325 0.13515625 0.16875
700 0.70390625 0.60390625 0.1125 0.1046875
700 0.5875 0.60703125 0.11015625 0.11015625
700 0.4734375 0.6046875 0.11484375 0.10703125
700 0.36328125 0.5984375 0.109375 0.0953125
700 0.7 0.47578125 0.12265625 0.13203125
700 0.57734375 0.478125 0.125 0.12890625
700 0.83828125 0.49140625 0.13203125 0.1203125
700 0.8359375 0.615625 0.14453125 0.121875
700 0.95546875 0.62109375 0.08828125 0.11171875
700 0.95234375 0.4921875 0.0953125 0.121875
700 0.86171875 0.0421875 0.09375 0.084375
700 0.765625 0.04140625 0.096875 0.0828125
700 1 0.07914559374999999 0.9057286093749999 0.0863434390625 0.8707340109375 0.2402965859375 1 0.243983071875 1 0.0823054296875 1 0.07914559374999999
700 0.7773862593749999 0.23345030625000002 0.8707340109375 0.235030234375 0.9065289953125 0.085991875 0.793529121875 0.084938615625 0.7773862593749999 0.23345030625000002
700 0.932052828125 0.2521860171875 0.8945973515625001 0.41930739062500005 1 0.4203606890625 0.998472990625 0.2507834875 0.932052828125 0.2521860171875
700 0.7899020453125 0.2469211734375 0.7773862593749999 0.41825413125 0.89951036875 0.41772750312499995 0.9331997968750001 0.25710311875 0.7899020453125 0.2469211734375
700 0.1918591125 0.5541861015625 0.20488971406249998 0.65419620625 0.31334771250000004 0.6551316546875 0.3015045890625 0.5513011671875 0.1918591125 0.5541861015625
700 0.20052648125 0.6523253984374999 0.1911766546875 0.5513011671875 0.06639477656250001 0.5500948734375 0.07399214062500001 0.5550428015625 0.0933151546875 0.6523253984374999 0.20052648125 0.6523253984374999
700 0.0017144046875 0.5436658000000001 0 0.6471806359375 0.093938465625 0.648116084375 0.0658889859375 0.5475595328125 0.0017144046875 0.5436658000000001
700 0.2739183609375 0.42024950937499994 0.156012159375 0.4150843390625 0.1760568125 0.5376433796875 0.279528265625 0.539046490625 0.2739183609375 0.42024950937499994
700 0.156733846875 0.41884638125 0.034444232812499996 0.414499878125 0.0632355796875 0.5339017453125 0.1735635640625 0.5357725531249999 0.156733846875 0.41884638125
700 0.0308104484375 0.4107053265625 0.0017144046875 0.4104086484375 0.000267671875 0.5299700484375001 0.0632231609375 0.5295023515625 0.0308104484375 0.4107053265625
700 0.12562017812499998 0.274813653125 0.1517348828125 0.414821690625 0.2670494109375 0.4194987375 0.24211653906250002 0.27684877812500003 0.12562017812499998 0.274813653125
700 0.1218154171875 0.2824612390625 0 0.2818271875 0.027693839062499996 0.41201546875000006 0.1498648984375 0.418095609375 0.1218154171875 0.2824612390625
700 0.10380029375 0 0.12119210625000001 0.1160052046875 0.23962324375000002 0.118343728125 0.22902674374999998 0.0009498406250000001 0.10380029375 0
700 0.191004125 0.2535104015625 0.170039228125 0.11993143749999999 0.058859928125 0.11460209375 0.0894027046875 0.25117187812499997 0.191004125 0.2535104015625
700 0.3094352625 0.2268512109375 0.300179253125 0.118178053125 0.172927784375 0.11974683906250001 0.19225079843749998 0.25631662187500004 0.2446097890625 0.25491349375 0.3094352625 0.2268512109375
700 0.0227550078125 0.0012858156250000002 0.048886789062500005 0.11685645781250001 0.1224387296875 0.1154533296875 0.10436238906249999 0.000865671875 0.0227550078125 0.0012858156250000002
700 0.300878171875 0.0776663125 0.343264071875 0.078601725 0.3401474625 0 0.23627816406250002 0.0001168921875 0.24914249375000003 0.11835662656249998 0.30274815624999996 0.12069515 0.300878171875 0.0776663125