186 0.4859375 0.13046875 0.05859375 0.065625
186 0.43828125 0.1375 0.040625 0.04609375
186 0.3421875 0.12890625 0.0578125 0.0640625
186 0.1984375 0.10703125 0.034375 0.01875
186 0.24296875 0.10390625 0.04765625 0.02578125
186 0.1140625 0.121875 0.06875 0.06796875
186 0.61484375 0.13828125 0.05078125 0.04921875
186 0.67890625 0.14453125 0.05234375 0.04296875
186 0.56640625 0.14375 0.040625 0.03671875
186 0.8046875 0.1390625 0.05078125 0.05546875
186 0.7125 0.11640625 0.046875 0.06328125
186 0.70859375 0.05625 0.0453125 0.05390625
186 0.78671875 0.08984375 0.04609375 0.07265625
186 0.87890625 0.09609375 0.05 0.06015625
186 0.83203125 0.0921875 0.04140625 0.0578125
186 0.8453125 0.0453125 0.02578125 0.0359375
186 0.86953125 0.0453125 0.02109375 0.03984375
186 0.8109375 0.04375 0.0390625 0.0375
186 0.76328125 0.0375 0.05234375 0.03046875
186 0.64375 0.090625 0.040625 0.0453125
750 0.38046875 0.70390625 0.04375 0.0796875
750 0.53125 0.73125 0.0390625 0.078125
750 0.59609375 0.721875 0.05234375 0.07890625
750 0.48359375 0.73359375 0.05234375 0.07890625
750 0.43046875 0.73359375 0.0546875 0.084375
750 0.75859375 0.73125 0.0484375 0.0484375
750 0.6859375 0.7328125 0.05625 0.078125
750 0.6453125 0.7140625 0.04140625 0.0765625
259 0.2125 0.7484375 0.06953125 0.0765625
259 0.28203125 0.734375 0.0640625 0.0609375
259 0.1546875 0.73046875 0.0484375 0.06875
260 0.5125 0.61328125 0.0421875 0.0546875
260 0.4671875 0.6140625 0.0453125 0.0546875
260 0.16328125 0.60546875 0.040625 0.04921875
260 0.20625 0.60859375 0.04609375 0.05234375
260 0.25 0.609375 0.04453125 0.0515625
260 0.2953125 0.61015625 0.046875 0.0515625
260 0.3359375 0.61171875 0.03828125 0.05234375
260 0.37578125 0.6140625 0.04453125 0.0546875
260 0.42109375 0.6140625 0.046875 0.05546875
260 0.6921875 0.6140625 0.04609375 0.0546875
260 0.646875 0.61484375 0.04765625 0.053125
260 0.6015625 0.6140625 0.04140625 0.05234375
260 0.55625 0.6140625 0.0453125 0.05390625
260 0.81328125 0.60859375 0.03984375 0.0515625
260 0.77109375 0.60859375 0.04296875 0.05078125
260 0.85078125 0.60078125 0.03515625 0.0515625
260 0.7328125 0.60859375 0.0328125 0.04921875