58 0.390336621875 0.22111829374999997 0.2890463 0.227656209375 0.27924403125 0.21621488906250003 0.297214878125 0.35677951406249997 0.3658308859375 0.3486071515625 0.383801734375 0.31755220781250004 0.390336621875 0.22111829374999997
58 0.31518572499999997 0.4254273796875 0.20245931874999998 0.4188895265625 0.196486890625 0.417075165625 0.1501804671875 0.44831002187499996 0.187755853125 0.624833184375 0.3249879953125 0.63627438125 0.31518572499999997 0.4254273796875
58 0.19102335937499998 0.6231986125 0.14854677656249998 0.44831002187499996 0.194290740625 0.413986059375 0.0407214421875 0.4025448 0.043300615625 0.4007352953125 0 0.427061890625 0.0015123671875 0.4940752453125 0.0407214421875 0.6150262484375 0.19102335937499998 0.6231986125
828 0.5357373421875 0.44994447031249996 0.50469671875 0.4107171625 0.496528140625 0.40908265312500003 0.48999325312500003 0.63627438125 0.632126590625 0.6444467453125 0.6582660171875 0.44994447031249996 0.5357373421875 0.44994447031249996
58 0.210627896875 0.8847141796875 0.194290740625 0.81279748125 0.20736051562500002 0.7784734546875 0.11587246250000001 0.7376117 0.1127450609375 0.7397875828125 0.08646553125 0.780108028125 0.11913984531249999 0.8863487515624999 0.19102335937499998 0.9141347375000001 0.210627896875 0.8847141796875
828 0.6533648203125 0.4940752453125 0.7089111781249999 0.5185923359375 0.7530214515625 0.5055165671874999 0.7579226484375 0.44994447031249996 0.7807948171875 0.4319652953125 0.818370078125 0.26524906875 0.715446190625 0.2521733 0.6729694828125 0.2554422578125 0.6713357921875 0.25871115312500004 0.6860392578125001 0.3126488015625 0.6533648203125 0.4940752453125
163 0.5896500078125 0.7572253843750001 0.38543555 0.7457840015625 0.38235290312500003 0.7397875828125 0.3985052 0.902693478125 0.46058644531250004 0.9664378140625001 0.5831151203125 0.8160663765624999 0.5896500078125 0.7572253843750001
875 0.7044368984375 0.7589189328125 0.7056526062499999 0.7595092171875 0.7002340593749999 0.8903155093749999 0.8799013875 0.9081854125 0.8799013875 0.773635365625 0.7044368984375 0.7589189328125
875 0.8515329046875 0.6590574953125 0.918776728125 0.674825084375 0.9996795 0.64854576875 1 0.3710362234375 0.814758903125 0.37524088906249997 0.812657403125 0.37629208593749996 0.847330065625 0.42885071718749995 0.8799013875 0.5308144687499999 0.8368232078125001 0.6306758671875 0.8515329046875 0.6590574953125
875 0.7895423484374999 0.5591960968749999 0.7485656671875 0.4971769359375 0.7075888265625 0.5150468796875 0.6519026109375 0.4950745828125 0.6319394843749999 0.6348805328125 0.640345003125 0.650648121875 0.7632752046875 0.654852828125 0.7895423484374999 0.5591960968749999
828 0.787441009375 0.564451959375 0.7779849015625 0.6306758671875 0.7979478671875 0.6411875921875 0.8326205281249999 0.631727103125 0.8567863328125 0.5591960968749999 0.8830534765625 0.53607033125 0.8525834937500001 0.44882297187500003 0.7595091921875 0.45475975625 0.759072525 0.45723238593750004 0.746464328125 0.49822809375 0.787441009375 0.564451959375