80 0.4395424453125 0.163807190625 0.45405155781250006 0.4820376390625 0.6549986359375 0.46407507031249995 0.635393971875 0.16850874843750002 0.4395424453125 0.163807190625
344 0.703125 0.3125 0.13515625 0.240625
344 0.82421875 0.3328125 0.10859375 0.2328125
344 0.94765625 0.2984375 0.1046875 0.2
344 0.70234375 0.6453125 0.1625 0.1578125
344 0.878125 0.6203125 0.17109375 0.13203125
344 0.58828125 0.8921875 0.11328125 0.14921875
433 0.3703125 0.70234375 0.2171875 0.22265625
433 0.54765625 0.67265625 0.1515625 0.2171875
931 0.178125 0.7625 0.0578125 0.10234375
931 0.1046875 0.74609375 0.06171875 0.0828125
931 0.02890625 0.76875 0.05703125 0.11484375
931 0.0640625 0.41015625 0.06171875 0.1171875
931 0.22890625 0.3796875 0.06875 0.109375
931 0.0734375 0.05234375 0.11796875 0.1046875
720 0.22265625 0.925 0.10078125 0.084375
720 0.1203125 0.9140625 0.09609375 0.0703125
720 0.040625 0.94609375 0.0796875 0.10625
433 0.42578125 0.88046875 0.128125 0.09375
512 0.33515625 0.38828125 0.134375 0.20390625