910 0.4203125 0.3203125 0.07421875 0.215625
910 0.34140625 0.32109375 0.08203125 0.21640625
910 0.49765625 0.31875 0.0765625 0.2125
910 0.07265625 0.32265625 0.1 0.21953125
910 0.2609375 0.37265625 0.08359375 0.1078125
910 0.17421875 0.37734375 0.0890625 0.11953125
910 0.87265625 0.08359375 0.07890625 0.1671875
910 0.78828125 0.084375 0.08828125 0.16875
910 0.72109375 0.0921875 0.04453125 0.15234375
910 0.95234375 0.0828125 0.0828125 0.165625
663 0.2374810109375 0.6315734234375 0.228308084375 0.5516840765625 0.1602783828125 0.55426295 0.1710170859375 0.6357111703125 0.2374810109375 0.6315734234375
663 0.0962290234375 0.5579433171875 0.10832623125 0.638977809375 0.1724682640625 0.6348400625 0.1617295609375 0.5557873843750001 0.0962290234375 0.5579433171875
663 0.0261980921875 0.5622975718750001 0.0453451234375 0.6448577531249999 0.1103578703125 0.6387600203125 0.0967168125 0.5588362515624999 0.0261980921875 0.5622975718750001
663 0.46328125 0.56953125 0.0734375 0.09921875
663 0.4015625 0.57265625 0.05 0.09609375
663 0.353125 0.56484375 0.046875 0.1109375
663 0.265956359375 0.5738627875 0.2743731921875 0.6302667703125 0.32168158125 0.6250401453125 0.300784615625 0.5294364921875 0.26363448906250003 0.5311787031249999 0.265956359375 0.5738627875
663 0.26363448906250003 0.5318320296875 0.22721952031249998 0.5320899296875 0.2366425828125 0.6211201703125 0.27089037656250003 0.620031290625 0.26363448906250003 0.5318320296875
663 0.5296875 0.55078125 0.065625 0.1015625
663 0.5953125 0.56640625 0.059375 0.0921875
663 0.65546875 0.53828125 0.06171875 0.14765625
462 0.71328125 0.5359375 0.05 0.1359375
462 0.7609375 0.53359375 0.04453125 0.140625
462 0.9470037953125001 0.5987000046875 0.9766078031250001 0.595433365625 0.997795 0.497651953125 0.9937316765625 0.458452284375 0.9612253140625 0.4597589359375 0.9470037953125001 0.5987000046875
462 0.9177317515625001 0.5073251062499999 0.9028879906249999 0.6043621765625 0.9464233328124999 0.6013133093749999 0.9597741375 0.5059274421875 0.9177317515625001 0.5073251062499999
462 0.8720120765624999 0.505147978125 0.8593526718750001 0.6010955375 0.905209884375 0.6032732968750001 0.9176899953125 0.50658076875 0.8720120765624999 0.505147978125
462 0.8306466562500001 0.506780825 0.8178489921875001 0.6058866015625 0.8593526718750001 0.6024021890625 0.8718328062499999 0.496127528125 0.8306466562500001 0.506780825
462 0.8309095875000001 0.506798540625 0.7827498546875 0.5073251062499999 0.7743136734375 0.6041444031250001 0.8178489921875001 0.6043621765625 0.8309095875000001 0.506798540625
663 0.8059730296875 0.8354726093749999 0.8654330828125 0.8409135078125001 0.8802980546875 0.7103319359375 0.8592695000000001 0.7008103640625001 0.8237385296875 0.69999423125 0.8059730296875 0.8354726093749999
663 0.4625 0.80234375 0.08046875 0.1171875
663 0.53984375 0.79921875 0.075 0.12109375
663 0.77734375 0.778125 0.06953125 0.14921875
663 0.71484375 0.78125 0.05703125 0.1203125
663 0.919388925 0.83613949375 0.938373234375 0.7102391234375001 0.8791446484375 0.710998815625 0.8635545109375 0.8277061046874999 0.919388925 0.83613949375
462 0.6355844578125 0.7234974656250001 0.6353680374999999 0.8502858218749999 0.6872142578125 0.8489255968749999 0.686489146875 0.7197042671875 0.6355844578125 0.7234974656250001
462 0.60703125 0.771875 0.0578125 0.1625
607 0.37578125 0.80625 0.0984375 0.1421875
607 0.231832521875 0.881249709375 0.3290970015625 0.876956646875 0.32441581406250003 0.740750225 0.21622859375 0.7520682437499999 0.231832521875 0.881249709375
607 0.176698646875 0.714601709375 0.1449706234375 0.72357806875 0.1444505015625 0.7505071328125 0.1158784015625 0.78286208125 0.1324875125 0.8882746656249999 0.2354734234375 0.881249709375 0.2151883078125 0.7473849171875 0.176698646875 0.714601709375
700 0 0.900373225 0.13040697968749998 0.8874941249999999 0.11220239531250001 0.750897403125 0 0.7590932140625 0 0.900373225
910 0.10588929843749999 0 0.118228959375 0.17062182812499999 0.22706400625 0.1681962 0.1995858546875 0.000017753125 0.10588929843749999 0
910 0.2783299078125 0 0.2852530671875 0.173451740625 0.3816959875 0.1686004375 0.363377246875 0.000017753125 0.2783299078125 0
910 0.22713660156249998 0.16479529375 0.28902456249999997 0.1645576875 0.2782488140625 0 0.201202234375 0.0008263062499999999 0.22713660156249998 0.16479529375
910 0.092905925 0.1665790625 0.07135442656249999 0.0105289046875 0 0.0105289046875 0.0007732796874999999 0.171430365625 0.092905925 0.1665790625
910 0.4500969203125 0 0.4591962609375 0.16617715625 0.5173852796875 0.1673899625 0.50768713125 0 0.4500969203125 0
910 0.5200792171875 0.16577285625 0.5901215843750001 0.1673899625 0.5976646578125 0.000020115625 0.51038106875 0.0016371984374999999 0.5200792171875 0.16577285625
910 0.67163253125 0.16698569375 0.6744044312499999 0.01576215 0.5978186671875 0.012148365625000001 0.5918920140624999 0.16779423124999998 0.67163253125 0.16698569375
910 0.7449489359375 0.21338251874999997 0.7367830093750001 0.3881782734375 0.79999699375 0.3881782734375 0.8089293171874999 0.211339 0.7449489359375 0.21338251874999997
910 0.6618882046875 0.39591176875 0.7354087609375 0.39694290625 0.7443411890625 0.21030786406250002 0.6728819265625 0.21185456875000003 0.6618882046875 0.39591176875
910 0.8523274171875 0.21080543437500002 0.8302297125000001 0.40725423281250006 0.8900081046875 0.41086318281249995 0.9195537781249999 0.21030786406250002 0.8523274171875 0.21080543437500002
910 0.96571909375 0.41439503593750004 1 0.2108234328125 0.9216151234375 0.2108234328125 0.8906952546875001 0.4103476625 0.96571909375 0.41439503593750004
910 0.601491284375 0.40666378437499995 0.6612011078125 0.40673865468750003 0.6721948281250001 0.20927673750000003 0.6055453015625 0.2108234328125 0.601491284375 0.40666378437499995
910 0.53620516875 0.41052940937500004 0.600735565625 0.40622309687499997 0.6082937453125 0.20876116875 0.5416442703125 0.211339 0.53620516875 0.41052940937500004