116 0.50234375 0.32109375 0.00078125 0.00078125
550 0.57109375 0.39609375 0.134375 0.15234375
550 0.44375 0.4 0.12265625 0.14765625
550 0.325 0.40078125 0.115625 0.1375
550 0.21171875 0.4 0.1078125 0.1390625
550 0.8671875 0.38515625 0.1625 0.16875
550 0.7125 0.390625 0.14609375 0.1640625
550 0.83984375 0.22734375 0.12734375 0.13046875
550 0.71328125 0.2359375 0.11875 0.13359375
550 0.709375 0.11015625 0.10625 0.115625
550 0.8234375 0.0984375 0.115625 0.128125
550 0.603125 0.11953125 0.10234375 0.11171875
550 0.59765625 0.2453125 0.115625 0.12734375
550 0.5015625 0.13046875 0.1015625 0.10703125
550 0.4890625 0.2515625 0.11015625 0.12421875
550 0.4078125 0.14296875 0.0953125 0.1046875
550 0.38515625 0.25859375 0.10390625 0.11875
550 0.2828125 0.26328125 0.0984375 0.11484375
837 0.10390625 0.4046875 0.10390625 0.1375
837 0.1859375 0.26484375 0.09921875 0.11875
837 0.31640625 0.14609375 0.0890625 0.10625
837 0.22578125 0.15078125 0.09296875 0.10546875
550 0.13671875 0.15625 0.08203125 0.10078125
550 0.09140625 0.26875 0.0921875 0.109375
550 0.02578125 0.403125 0.05 0.1328125