371 0.4703125 0.4890625 0.04296875 0.18984375
371 0.521875 0.5109375 0.05390625 0.19140625
371 0.425 0.4671875 0.034375 0.15390625
371 0.38828125 0.471875 0.0265625 0.17578125
371 0.23125 0.42421875 0.04609375 0.234375
371 0.18203125 0.4171875 0.02109375 0.2015625
371 0.30234375 0.4109375 0.0265625 0.18125
371 0.26484375 0.42578125 0.0234375 0.2078125
371 0.75390625 0.5359375 0.04765625 0.215625
371 0.65 0.56484375 0.11171875 0.0421875
371 0.67109375 0.340625 0.11015625 0.0703125
767 0.75546875 0.8265625 0.196875 0.346875