974 0.5328125 0.040625 0.1796875 0.03125
974 0.35078125 0.1359375 0.19375 0.028125
974 0.5375 0.06796875 0.1828125 0.01875
974 0.53828125 0.09140625 0.18515625 0.0265625
974 0.53984375 0.13828125 0.18515625 0.0203125
974 0.5390625 0.1640625 0.18125 0.02109375
974 0.5296875 0.18125 0.18203125 0.0234375
974 0.53203125 0.20859375 0.17890625 0.02109375
974 0.35625 0.16328125 0.165625 0.01796875
974 0.7234375 0.0375 0.196875 0.02578125
974 0.72265625 0.0671875 0.1921875 0.0203125
974 0.7265625 0.0890625 0.18203125 0.01875
974 0.72734375 0.11328125 0.1921875 0.01640625
974 0.72890625 0.13671875 0.18203125 0.02109375
974 0.72421875 0.15703125 0.1828125 0.021875
974 0.71484375 0.2046875 0.18203125 0.01953125
477 0.15078125 0.17265625 0.22265625 0.13203125
147 0.17109375 0.384375 0.24140625 0.1734375
982 0.6296875 0.3484375 0.209375 0.01796875
982 0.63046875 0.37109375 0.22109375 0.021875
982 0.85625 0.346875 0.23125 0.025
982 0.85234375 0.36953125 0.2265625 0.0203125
982 0.85625 0.38984375 0.22578125 0.02265625
982 0.6359375 0.390625 0.21484375 0.0203125
982 0.63828125 0.4140625 0.209375 0.01875
982 0.85703125 0.40859375 0.225 0.02265625
982 0.63515625 0.43203125 0.21328125 0.02265625
982 0.8546875 0.43046875 0.21953125 0.0171875
982 0.40625 0.346875 0.21875 0.0203125
982 0.4078125 0.3703125 0.2171875 0.021875
982 0.36015625 0.31015625 0.1359375 0.0203125
982 0.41015625 0.39140625 0.21328125 0.01796875
982 0.41640625 0.41171875 0.21171875 0.01875
982 0.41875 0.43125 0.21015625 0.021875
974 0.2328125 0.6421875 0.11796875 0.04765625
974 0.12109375 0.628125 0.109375 0.053125
974 0.23828125 0.5984375 0.11171875 0.04140625
974 0.85546875 0.58203125 0.1875 0.02578125
974 0.846875 0.60625 0.175 0.0203125
974 0.846875 0.625 0.18125 0.02265625
974 0.8421875 0.64375 0.18203125 0.0203125
974 0.84453125 0.665625 0.17578125 0.021875
974 0.66796875 0.58359375 0.171875 0.025
974 0.66875 0.60390625 0.171875 0.02265625
974 0.6671875 0.6234375 0.178125 0.02265625
974 0.6578125 0.64296875 0.1796875 0.01875
974 0.66328125 0.6625 0.178125 0.01796875