753 0.51875 0.446875 0.253125 0.04453125
753 0.515625 0.49140625 0.23984375 0.0421875
753 0.50234375 0.53046875 0.26484375 0.04453125
753 0.23671875 0.44140625 0.2859375 0.04453125
753 0.23359375 0.484375 0.278125 0.04609375
753 0.2 0.5296875 0.2921875 0.03984375
753 0.5015625 0.759375 0.23359375 0.11328125
753 0.73359375 0.75546875 0.228125 0.103125
753 0.92578125 0.74921875 0.1484375 0.0984375
236 0.7703125 0.4546875 0.20625 0.0515625
236 0.7609375 0.49921875 0.20625 0.04765625
236 0.76015625 0.5375 0.209375 0.03515625
236 0.93515625 0.4578125 0.1296875 0.04921875
236 0.934375 0.5015625 0.13125 0.034375
236 0.9359375 0.53828125 0.128125 0.0453125
236 0.2046875 0.78203125 0.3546875 0.07890625
893 0.26953125 0.20234375 0.190625 0.0953125
893 0.44609375 0.2078125 0.18359375 0.0828125
893 0.61640625 0.2109375 0.17109375 0.0953125