821 0.16015625 0.2265625 0.071875 0.125
821 0.32734375 0.36484375 0.1 0.06484375
821 0.5546875 0.46953125 0.08359375 0.10859375
821 0.66171875 0.4625 0.06640625 0.11875
821 0.6359375 0.6125 0.096875 0.09921875
821 0.18984375 0.59609375 0.109375 0.1078125
821 0.2765625 0.59921875 0.0921875 0.1171875
821 0.19609375 0.8609375 0.06640625 0.13046875
821 0.35859375 0.8578125 0.07578125 0.1265625
821 0.45234375 0.83984375 0.06953125 0.1078125
821 0.278125 0.85703125 0.0609375 0.1
821 0.52890625 0.72890625 0.07890625 0.0921875
821 0.3515625 0.72578125 0.04921875 0.0921875
821 0.1890625 0.71328125 0.07109375 0.1125
821 0.35703125 0.72578125 0.05390625 0.11171875
821 0.46796875 0.6109375 0.07578125 0.09453125
821 0.275 0.2140625 0.059375 0.11015625
821 0.18984375 0.40390625 0.07890625 0.040625
811 0.39375 0.209375 0.10234375 0.1265625
811 0.52421875 0.2328125 0.09609375 0.11953125
811 0.546875 0.1859375 0.04140625 0.03984375
811 0.37109375 0.590625 0.096875 0.12578125
811 0.4390625 0.53984375 0.071875 0.03125
811 0.5421875 0.8421875 0.10390625 0.1109375
811 0.63359375 0.853125 0.090625 0.15859375
811 0.60625 0.7140625 0.065625 0.0953125
811 0.64921875 0.546875 0.06484375 0.03515625
812 0.4609375 0.73203125 0.05703125 0.09453125
812 0.409375 0.72421875 0.03125 0.09296875
812 0.47734375 0.459375 0.065625 0.09375
812 0.36796875 0.4515625 0.0703125 0.0875
812 0.2765625 0.459375 0.0625 0.0890625
812 0.19921875 0.3578125 0.08828125 0.0578125
192 0.5484375 0.37578125 0.090625 0.06015625
192 0.4828125 0.3796875 0.04609375 0.025
545 0.27734375 0.725 0.08046875 0.115625
821 0.546875 0.60625 0.0859375 0.1109375