497 0.28730589375000004 0.16907264375 0.12592248281250001 0.2146652671875 0.1241132515625 0.2236209609375 0.2561871203125 0.23746157812500002 0.3962216046875 0.19051203125 0.402372990625 0.1804708 0.28730589375000004 0.16907264375
497 0.1327975609375 0.15007571718749999 0.1338831 0.17341479843750002 0.2717465078125 0.178299721875 0.2724702 0.1576744875 0.1327975609375 0.15007571718749999
497 0.41937976250000003 0.13352125312500002 0.408886221875 0.1552320265625 0.5029662375 0.1818277234375 0.5127360859375 0.1620166421875 0.41937976250000003 0.13352125312500002
497 0.40201114374999997 0.1533323328125 0.39187945 0.1745003375 0.4852357734375 0.20733788125000002 0.49681485312499996 0.189155109375 0.40201114374999997 0.1533323328125
497 0.66434965 0.1498043328125 0.6404677999999999 0.13243571406250002 0.5576050171875 0.12429417499999999 0.54783516875 0.14654771718749998 0.563032709375 0.1650018734375 0.65892195625 0.171786490625 0.66434965 0.1498043328125
497 0.6600074953124999 0.21683634375 0.6451718 0.1943114171875 0.580401328125 0.19973911093750002 0.51201239375 0.2304055765625 0.5796776359375 0.23013419218750003 0.6339545671875 0.23013419218750003 0.6600074953124999 0.21683634375
497 0.3893465265625 0.19458280156250002 0.291286203125 0.23529050156250003 0.34411575 0.23447634687500002 0.4237219171875 0.21086588125 0.41467576250000004 0.193225878125 0.3893465265625 0.19458280156250002
497 0.776883821875 0.0607901640625 0.7312912 0.22524926875 0.8445490640625 0.22552065312499997 0.8930364578125 0.06458955 0.776883821875 0.0607901640625
497 0.5554339390624999 0.33298897968749996 0.5807631734375 0.38808006562499997 0.7012579640625 0.397035759375 0.6904025765624999 0.3281040546875 0.5554339390624999 0.33298897968749996
497 0.3745108328125 0.403820375 0.4074388375 0.415489915625 0.42082714687499995 0.40083514375 0.41974160937500005 0.3644696 0.33253667187499997 0.36012744531249996 0.3383262109375 0.415489915625 0.3737871390625 0.42146037812500003 0.3745108328125 0.403820375
497 0.33796436406249997 0.4610825390625 0.339049903125 0.4499557671875 0.3347077484375 0.3745108328125 0.2366474234375 0.3750536015625 0.2163840359375 0.4496843828125 0.2247065 0.46216807812500005 0.33796436406249997 0.4610825390625
497 0.30069420468749997 0.49419146718749996 0.29816128124999997 0.483064696875 0.3035889734375 0.46325361562499995 0.2221735765625 0.462710846875 0.2152984984375 0.4502271515625 0.229048653125 0.40083514375 0.21312742031249998 0.4013779140625 0.1689821828125 0.4795366953125 0.17079141250000002 0.489577928125 0.30069420468749997 0.49419146718749996
497 0.31842466875 0.4819791578125 0.41757053125 0.4933773140625 0.42118899374999996 0.4792653109375 0.390432065625 0.46651023125 0.37740560156249997 0.42118899374999996 0.339049903125 0.416032684375 0.34049728749999997 0.46026838437500006 0.3209575921875 0.4640677703125 0.31842466875 0.47546592656250003 0.31842466875 0.4819791578125
497 0.518525625 0.5091176234375 0.6415533375 0.5207871640625 0.6513231859374999 0.5137311625 0.6118819484375 0.44262838125000004 0.55977609375 0.438828996875 0.5163545484375 0.46216807812500005 0.52865731875 0.48767823593750004 0.518525625 0.5091176234375
497 0.2836874328125 0.5050468546875 0.284411125 0.519430240625 0.3947742203125 0.5178019328125 0.38898468125 0.492291775 0.31842466875 0.4827933125 0.3053982046875 0.480622234375 0.29635205 0.5064037765625 0.2836874328125 0.5050468546875
497 0.28224004687500004 0.5351705515625 0.29635205 0.5205157796875 0.2807926625 0.5172591640624999 0.2854966625 0.5058610078125 0.295990203125 0.5064037765625 0.299608665625 0.49554839062499995 0.18888372343749998 0.4936486984375 0.1617452578125 0.5454831687499999 0.2887532796875 0.5468400921875001 0.2927335875 0.5392413203124999 0.28224004687500004 0.5351705515625
497 0.45086038281249996 0.7767029 0.4631631546875 0.6879601156249999 0.43457730312500004 0.6923022703124999 0.41576129999999994 0.6988155015624999 0.395136065625 0.79271459375 0.45086038281249996 0.7767029
497 0.5054991625 0.7338241234375 0.4718474640625 0.6936591937500001 0.46461053906250005 0.6942019625 0.451945921875 0.7843016703125001 0.5094794703125001 0.7764315140625 0.5054991625 0.7338241234375
497 0.5793157890625 0.7672044359375 0.572078865625 0.723240121875 0.5141834703125 0.738166278125 0.5138216250000001 0.7777884375 0.58727640625 0.7742604375 0.586914559375 0.7672044359375 0.5793157890625 0.7672044359375
497 0.6310597984374999 0.7169982734375 0.652408725 0.771003821875 0.7095804265625001 0.768561359375 0.6802708828124999 0.7102136578125 0.6310597984374999 0.7169982734375
497 0.7870155171875 0.75092135625 0.74504135625 0.6811754984375 0.6980013484375001 0.6836179609374999 0.7012579640625 0.6836179609374999 0.7110278109375 0.7080425796875 0.693297346875 0.70858535 0.717179196875 0.7693755140625 0.7870155171875 0.75092135625
497 0.574973634375 0.7251398140624999 0.5898093296875 0.7731748984375 0.6527705703125 0.760148434375 0.6303361062499999 0.7164555046875 0.574973634375 0.7251398140624999
497 0.57352625 0.8787435312499999 0.564841940625 0.9126666140624999 0.7077711953125 0.9034395359375 0.6922118078125 0.8703306078124999 0.57352625 0.8787435312499999
497 0.431682534375 0.8315226015625001 0.42444560937500003 0.8459059874999999 0.5159927015625 0.8662598375 0.5232296265625 0.8472629109375 0.431682534375 0.8315226015625001
497 0.5094794703125001 0.9020826124999999 0.5163545484375 0.8673453765625 0.43638653437499997 0.8499767578125 0.43023514843750005 0.8564899890625 0.43964315000000004 0.8592038359374999 0.43964315000000004 0.8820001484375 0.5094794703125001 0.9020826124999999
497 0.36148436875 0.8358647546875 0.34230651875 0.8380358328125 0.3365169796875 0.8933983031249999 0.34230651875 0.8933983031249999 0.3553329828125 0.8757583 0.36148436875 0.8358647546875
497 0.7750244187499999 0.50199509375 0.7440014781250001 0.54605865 0.7920458546875 0.556559778125 0.8337758265625 0.45525477968750006 0.7656900828125 0.407690846875 0.7494922640625 0.44351822500000004 0.7843587546874999 0.46925628281250004 0.7665137 0.4952002453125 0.7750244187499999 0.50199509375
497 0.7129785390625 0.42725177187499996 0.704742359375 0.39718971875000003 0.5806506 0.38936535 0.5625310078125 0.3934834390625 0.5652764 0.43219347812500003 0.6437946375 0.4523721171875 0.7129785390625 0.42725177187499996