147 0.50703125 0.09296875 0.071875 0.18515625
147 0.59375 0.09453125 0.078125 0.1890625
147 0.7125 0.096875 0.0890625 0.19375
147 0.815625 0.09375 0.078125 0.1875
147 0.91875 0.09609375 0.06484375 0.18359375
147 0.98515625 0.10234375 0.0296875 0.1984375
851 0.35 0.09921875 0.11640625 0.1953125
851 0.0375 0.09296875 0.075 0.1859375
851 0.1140625 0.08515625 0.1 0.1703125
851 0.21953125 0.0953125 0.125 0.18828125
763 0.2 0.45 0.10390625 0.28359375
763 0.3421875 0.471875 0.09765625 0.30703125
763 0.43046875 0.46015625 0.084375 0.278125