797 0.026143068749999998 0.2923357953125 0.0846396125 0.5250677375 0.2801877484375 0.5152107375 0.29597191718750004 0.3055850421875 0.026143068749999998 0.2923357953125
797 0.47573594531249996 0.392983834375 0.43101415468750004 0.311499240625 0.298133809375 0.3010163515625 0.2801877484375 0.512582209375 0.4608287015625 0.5053537375 0.47573594531249996 0.392983834375
797 0.680053090625 0.49681097812499997 0.6712840812499999 0.3036136359375 0.43509368593750003 0.2988462125 0.47661281093749996 0.380498284375 0.4608287015625 0.50863941875 0.680053090625 0.49681097812499997
797 0.866708953125 0.484667315625 0.8342637500000001 0.40383985312500004 0.8702165328125 0.288841434375 0.6704331921875 0.300292971875 0.6702838921875001 0.2986984453125 0.6746683375 0.49715286406250003 0.866708953125 0.484667315625
797 0.881616196875 0.3078983140625 0.8565828828125 0.34080223125 0.875477903125 0.484667315625 0.9964897609375001 0.484667315625 0.9973666859374999 0.286870028125 0.881616196875 0.3078983140625
797 0.6484375 0.65625 0.103125 0.09453125
797 0.75078125 0.6515625 0.08984375 0.08984375
797 0.34921875 0.66484375 0.09140625 0.10546875
797 0.45 0.66171875 0.10078125 0.09453125
797 0.54609375 0.66484375 0.0953125 0.08203125
797 0.25546875 0.675 0.096875 0.0953125
797 0.15546875 0.67421875 0.11484375 0.10625
797 0.6182962640625 0.07061914687500001 0.4939285625 0.076768665625 0.5130685734375 0.20993152187500003 0.6305728515625 0.199417390625 0.6182962640625 0.07061914687500001
797 0.8305412171875 0.058684175000000005 0.844535871875 0.173789159375 0.956778721875 0.1659035546875 0.9401176875000001 0.04301953125 0.8305412171875 0.058684175000000005
797 0.6694686859375001 0.0319191296875 0.6989708359375 0.117932796875 0.8226134078125 0.1199041921875 0.7813991984374999 0.031191114062500004 0.6694686859375001 0.0319191296875
888 0.3850414953125 0.286816171875 0.3569686859375 0.0897895 0.23421512031249997 0.124504115625 0.2649065328125 0.288130434375 0.3850414953125 0.286816171875
888 0.4955306140625 0.1468466640625 0.38301035156249996 0.15200014687500002 0.385918390625 0.299405234375 0.5042995640625 0.30061600624999996 0.4955306140625 0.1468466640625
797 0.0290365875 0.05579065625 0.0931620046875 0.239545134375 0.2518804359375 0.2283738703125 0.20014348437499999 0.0509477265625 0.0290365875 0.05579065625
946 0.20978935937499998 0.817698190625 0.13899029062499998 0.8269133421875001 0.12648413125 0.8919543234375 0.2054049140625 0.88012590625 0.20978935937499998 0.817698190625
946 0.2054049140625 0.8617261468749999 0.27380289687500003 0.8295265984375 0.2659108140625 0.7887843015625 0.2150507875 0.8117839828125 0.2054049140625 0.8617261468749999
946 0.0931620046875 0.9031255874999999 0.11245375312500001 0.8498977515625 0.012487432812500001 0.8518691468749999 0 0.9031255874999999 0.0931620046875 0.9031255874999999
949 0.5884022578125 0.8071917359375 0.5016446109375 0.808105471875 0.5164966359375 0.85516249375 0.609447796875 0.849248284375 0.5884022578125 0.8071917359375
949 0.73288961875 0.8048198859375001 0.6477165953124999 0.799379703125 0.6561610890625 0.8481907156249999 0.751742934375 0.8449050453125 0.73288961875 0.8048198859375001
949 0.41623511406249997 0.796847875 0.457543775 0.82973773125 0.5259417890625 0.8018095390625 0.4816584609375 0.772895659375 0.41623511406249997 0.796847875
814 0.9255113968750001 0.5183736828125001 0.771177396875 0.5238250437499999 0.8084455500000001 0.694001503125 0.9434877875 0.6859428078125 0.9255113968750001 0.5183736828125001
797 0.04765625 0.6796875 0.09453125 0.184375