930 0.725 0.125 0.04609375 0.05390625
930 0.878125 0.128125 0.046875 0.05390625
930 0.86796875 0.07734375 0.0453125 0.046875
930 0.81953125 0.07734375 0.0453125 0.0484375
930 0.8171875 0.128125 0.0515625 0.0515625
930 0.7765625 0.0765625 0.03984375 0.04453125
930 0.7328125 0.0671875 0.04609375 0.05859375
930 0.68203125 0.065625 0.05 0.05859375
930 0.6765625 0.1234375 0.04921875 0.05390625
930 0.62890625 0.07265625 0.0390625 0.04765625
930 0.62890625 0.12265625 0.05078125 0.0546875
930 0.584375 0.06484375 0.0484375 0.06171875
930 0.58125 0.12265625 0.0484375 0.0515625
930 0.534375 0.0625 0.04921875 0.06328125
930 0.534375 0.12109375 0.0421875 0.05390625
930 0.4546875 0.02421875 0.0390625 0.04765625
930 0.45546875 0.07265625 0.0390625 0.0484375
930 0.49296875 0.0421875 0.03203125 0.03671875
930 0.49140625 0.07890625 0.03359375 0.03515625
930 0.41640625 0.07734375 0.03515625 0.03671875
930 0.4171875 0.034375 0.0359375 0.0484375
930 0.3796875 0.02734375 0.03671875 0.040625
930 0.3421875 0.02578125 0.03828125 0.03828125
930 0.37734375 0.07109375 0.040625 0.04609375
930 0.4890625 0.12109375 0.0390625 0.04765625
930 0.453125 0.12109375 0.03125 0.04609375
930 0.41328125 0.11875 0.03671875 0.0453125
930 0.37578125 0.11796875 0.03828125 0.04609375
930 0.33515625 0.06875 0.0390625 0.04765625
930 0.296875 0.06796875 0.03515625 0.0484375
930 0.2546875 0.065625 0.03671875 0.0453125
930 0.2171875 0.06484375 0.0375 0.04453125
930 0.19375 0.0203125 0.03828125 0.0390625
930 0.23359375 0.0234375 0.028125 0.0375
930 0.26796875 0.0234375 0.03828125 0.0375
930 0.30546875 0.025 0.034375 0.0375
930 0.15625 0.01875 0.034375 0.0375
930 0.14140625 0.06171875 0.0375 0.046875
930 0.14296875 0.1109375 0.0359375 0.04765625
930 0.17890625 0.11171875 0.034375 0.0484375
930 0.17890625 0.0640625 0.0359375 0.04609375
930 0.25546875 0.1140625 0.03203125 0.046875
930 0.21875 0.1125 0.03671875 0.046875
930 0.3296875 0.11796875 0.03671875 0.0484375
930 0.29375 0.11640625 0.034375 0.0484375
907 0.8875 0.246875 0.06171875 0.08359375
907 0.8265625 0.24296875 0.05859375 0.08515625
907 0.76171875 0.26328125 0.0671875 0.0390625
907 0.70078125 0.2453125 0.05234375 0.07265625
907 0.64921875 0.246875 0.046875 0.06875
935 0.60078125 0.2484375 0.04921875 0.0625
935 0.54453125 0.2421875 0.05703125 0.07109375
935 0.48984375 0.2390625 0.05078125 0.0734375
935 0.4359375 0.2375 0.05390625 0.07265625
935 0.3828125 0.25234375 0.0484375 0.040625
935 0.32890625 0.2328125 0.0546875 0.07421875
935 0.27890625 0.2328125 0.04375 0.06953125
930 0.18671875 0.228125 0.05390625 0.06796875
930 0.18671875 0.34375 0.05625 0.075
930 0.259375 0.365625 0.05234375 0.04296875
935 0.33125 0.35234375 0.06015625 0.07890625
935 0.3921875 0.36484375 0.0421875 0.05625
935 0.43515625 0.36640625 0.0421875 0.0484375
935 0.515625 0.3578125 0.05 0.0765625
935 0.47421875 0.35859375 0.03125 0.0734375
935 0.63828125 0.365625 0.05234375 0.0765625
935 0.5734375 0.3609375 0.04765625 0.071875
907 0.6984375 0.36328125 0.05703125 0.0765625
907 0.8 0.36875 0.0546875 0.07890625
907 0.75 0.3765625 0.04375 0.0515625
935 0.36484375 0.47734375 0.040625 0.0546875
935 0.321875 0.47734375 0.0421875 0.05390625
935 0.28046875 0.4734375 0.03828125 0.05546875
935 0.1484375 0.475 0.04140625 0.040625
935 0.19296875 0.4765625 0.04140625 0.04296875
935 0.24375 0.46796875 0.03203125 0.05
935 0.41484375 0.4828125 0.04921875 0.0484375
935 0.46953125 0.471875 0.0546875 0.06875
935 0.54765625 0.47578125 0.04453125 0.07109375
935 0.5109375 0.46953125 0.0265625 0.06953125
935 0.61796875 0.496875 0.05 0.03984375
935 0.67734375 0.48359375 0.0484375 0.06875
935 0.81796875 0.48515625 0.0546875 0.07734375
935 0.7296875 0.5 0.04921875 0.0421875
907 0.77734375 0.59375 0.04375 0.065625
907 0.82421875 0.59296875 0.03046875 0.06171875
907 0.73515625 0.5984375 0.03359375 0.06640625
907 0.653125 0.58984375 0.0359375 0.0671875
905 0.59921875 0.58828125 0.046875 0.0640625
905 0.49921875 0.59140625 0.0328125 0.0609375
905 0.390625 0.57890625 0.05234375 0.065625
905 0.45625 0.58828125 0.0515625 0.0625
905 0.34765625 0.575 0.03359375 0.06015625
905 0.284375 0.6 0.0953125 0.02734375
935 0.33359375 0.703125 0.04609375 0.06015625
935 0.29296875 0.70390625 0.0359375 0.05234375
935 0.25859375 0.6890625 0.0359375 0.0609375
907 0.18359375 0.7 0.0390625 0.05
907 0.15078125 0.69921875 0.0265625 0.05078125
907 0.21484375 0.684375 0.02578125 0.0640625
935 0.4703125 0.68828125 0.03984375 0.0625
935 0.43125 0.7 0.03828125 0.03203125
935 0.39375 0.69609375 0.03671875 0.0296875
935 0.5421875 0.709375 0.0375 0.0625
935 0.5078125 0.709375 0.0296875 0.0609375
935 0.60390625 0.71640625 0.03046875 0.0546875
935 0.5734375 0.70625 0.02421875 0.0578125
930 0.64140625 0.715625 0.0265625 0.0640625
930 0.6703125 0.70703125 0.03046875 0.06171875
907 0.7015625 0.7125 0.0296875 0.05078125