974 0.8546875 0.303125 0.2 0.06875
974 0.2890625 0.2 0.13984375 0.0515625
974 0.42734375 0.19765625 0.1125 0.05546875
974 0.5703125 0.196875 0.10859375 0.05703125
974 0.3203125 0.653125 0.24375 0.06953125
974 0.09375 0.65078125 0.17265625 0.07109375
974 0.0703125 0.7734375 0.10859375 0.0546875
974 0.20703125 0.77734375 0.1140625 0.040625
974 0.31953125 0.778125 0.10703125 0.0625
974 0.4828125 0.778125 0.134375 0.071875
974 0.5953125 0.665625 0.24765625 0.0609375
974 0.84453125 0.68046875 0.21171875 0.065625
974 0.4265625 0.3078125 0.18828125 0.04453125
974 0.17578125 0.30703125 0.19453125 0.06484375
974 0.1828125 0.08125 0.19453125 0.05625
974 0.38125 0.08515625 0.1859375 0.0640625
974 0.6171875 0.0703125 0.2109375 0.06015625
974 0.6421875 0.3046875 0.221875 0.0640625
974 0.4765625 0.390625 0.15 0.0234375
974 0.1546875 0.21015625 0.13359375 0.06015625
974 0.265625 0.53359375 0.13203125 0.06875
974 0.10234375 0.5390625 0.1671875 0.0796875
974 0.87734375 0.18828125 0.15 0.0578125
974 0.7125 0.190625 0.159375 0.065625
974 0.85859375 0.065625 0.24921875 0.0546875
974 0.828125 0.02265625 0.2078125 0.02109375
974 0.60078125 0.02578125 0.19921875 0.03671875
974 0.37734375 0.02734375 0.203125 0.03984375
974 0.15625 0.04140625 0.153125 0.01328125
974 0.62890625 0.778125 0.12578125 0.05
974 0.759375 0.790625 0.0984375 0.06171875
974 0.89609375 0.79609375 0.1515625 0.0859375