82 0.45859375 0.73203125 0.0515625 0.09453125
82 0.409375 0.73203125 0.05390625 0.07890625
82 0.35859375 0.73125 0.04375 0.0703125
82 0.30859375 0.7609375 0.05234375 0.1171875
651 0.25234375 0.1890625 0.05703125 0.1640625
651 0.30390625 0.1859375 0.0453125 0.1578125
651 0.34921875 0.18203125 0.0453125 0.15546875
651 0.39765625 0.17578125 0.05078125 0.165625
651 0.4515625 0.16484375 0.0546875 0.18203125
651 0.50625 0.171875 0.04375 0.14765625
651 0.721875 0.12265625 0.06484375 0.20546875
651 0.66328125 0.1484375 0.05234375 0.17421875
651 0.6078125 0.1546875 0.05625 0.16484375
38 0.72421875 0.3375 0.0515625 0.13671875
38 0.66796875 0.3375 0.04765625 0.121875
38 0.61953125 0.34609375 0.046875 0.128125
38 0.56875 0.3515625 0.04375 0.12578125
38 0.5265625 0.35390625 0.04609375 0.12734375
38 0.43984375 0.58125 0.046875 0.11328125
38 0.4875 0.55390625 0.04765625 0.153125
38 0.5359375 0.553125 0.05078125 0.1515625
38 0.58828125 0.5515625 0.05234375 0.15703125
38 0.64375 0.54609375 0.0578125 0.15390625
38 0.7015625 0.53515625 0.059375 0.16328125
15 0.509375 0.7921875 0.040625 0.103125
82 0.60390625 0.72734375 0.05234375 0.10390625
82 0.5515625 0.7109375 0.05234375 0.065625
82 0.69296875 0.69453125 0.04140625 0.05859375
82 0.69609375 0.74296875 0.03984375 0.04375
82 0.69765625 0.78359375 0.04140625 0.03671875
82 0.696875 0.81640625 0.040625 0.03125
82 0.69453125 0.84609375 0.0375 0.025
82 0.68828125 0.896875 0.03515625 0.0265625
82 0.6921875 0.86953125 0.03828125 0.02265625
82 0.6515625 0.7015625 0.04296875 0.06015625
82 0.6578125 0.753125 0.0328125 0.046875
82 0.6546875 0.79296875 0.03828125 0.03515625
82 0.65625 0.821875 0.0375 0.02421875
82 0.65703125 0.84921875 0.03671875 0.03359375
82 0.65390625 0.8765625 0.03671875 0.021875
82 0.64921875 0.89765625 0.03203125 0.01875
67 0.73125 0.8203125 0.03046875 0.125
67 0.76484375 0.81953125 0.03671875 0.134375
38 0.4 0.3765625 0.04140625 0.115625
38 0.35546875 0.3921875 0.046875 0.10703125
38 0.39140625 0.57578125 0.04921875 0.15390625
38 0.34296875 0.5765625 0.05 0.14921875
38 0.29921875 0.6 0.04609375 0.1328125