925 0.6234375 0.5140625 0.05859375 0.11796875
273 0.71015625 0.515625 0.06328125 0.1203125
497 0.95546875 0.1375 0.084375 0.12578125
130 0.609375 0.1 0.05078125 0.1140625
130 0.60703125 0.22265625 0.0546875 0.090625
130 0.4828125 0.1609375 0.0453125 0.075
130 0.54765625 0.2375 0.0546875 0.090625
130 0.48984375 0.25 0.05 0.08671875
130 0.4375 0.259375 0.046875 0.08359375
130 0.4359375 0.1703125 0.0390625 0.07265625
570 0.29375 0.2921875 0.04765625 0.07890625
569 0.83203125 0.053125 0.0734375 0.1046875
750 0.24921875 0.28203125 0.03203125 0.11796875
750 0.215625 0.275 0.0359375 0.14921875
750 0.1796875 0.30078125 0.03046875 0.10546875
886 0.846875 0.90078125 0.0703125 0.17265625
355 0.55859375 0.5140625 0.06328125 0.10859375
355 0.446875 0.5171875 0.05 0.109375
355 0.3953125 0.51796875 0.0484375 0.1015625
465 0.496875 0.51796875 0.04375 0.10859375
750 0.1484375 0.2953125 0.03125 0.13984375
497 0.83359375 0.1640625 0.0796875 0.12265625
750 0.1125 0.30546875 0.0359375 0.128125
750 0.0796875 0.309375 0.025 0.1359375