483 0.4390625 0.42890625 0.22265625 0.08828125
483 0.21796875 0.4265625 0.21171875 0.08828125
762 0.22369905 0.228381946875 0.2422283109375 0.317442909375 0.4575202921875 0.3170453171875 0.46722607812500005 0.2279843546875 0.22369905 0.228381946875
762 0.124325634375 0.20007221875 0.15311155 0.3170453171875 0.23693426093749997 0.31625013125 0.22369905 0.20055039218749998 0.124325634375 0.20007221875
762 0.1504644953125 0.317442909375 0.11605308750000001 0.21565895 0 0.223213225 0.018995224999999998 0.3170453171875 0.1504644953125 0.317442909375
58 0.5945469859375 0.185839434375 0.6218996609375 0.31625013125 0.8424856328124999 0.31306937968750004 0.8363093312500001 0.1786827453125 0.5945469859375 0.185839434375
58 0.4736658125 0.3146597484375 0.6183702953125 0.3146597484375 0.5901352484375 0.1786827453125 0.42634252031250003 0.1948201171875 0.4304309296875 0.2228156328125 0.4701364453125 0.226393978125 0.4736658125 0.3146597484375
154 0.5476546328125 0.5033810421875 0.5107242750000001 0.6059237468750001 0.6263113390624999 0.6118876453125 0.5918999312500001 0.50215181875 0.5476546328125 0.5033810421875
154 0.4625 0.55703125 0.115625 0.11171875
154 0.34765625 0.55625 0.121875 0.11484375
154 0.23125 0.5515625 0.128125 0.11171875
154 0.1125 0.54765625 0.11953125 0.115625
154 0.18984375 0.7109375 0.12890625 0.10625
154 0.3328125 0.7078125 0.18046875 0.11953125
154 0.4796875 0.7125 0.1578125 0.1375