776 0.37578125 0.2765625 0.12265625 0.32890625
776 0.49765625 0.27109375 0.121875 0.33203125
776 0.62109375 0.2671875 0.1265625 0.33984375
776 0.2578125 0.27734375 0.11953125 0.3375
776 0.13203125 0.29296875 0.11953125 0.35390625
909 0.87265625 0.71875 0.15546875 0.4765625
685 0.50546875 0.72109375 0.13515625 0.39140625
685 0.66171875 0.72578125 0.15390625 0.4046875
685 0.371875 0.71328125 0.13515625 0.4078125
685 0.25546875 0.73515625 0.0953125 0.36640625
685 0.16171875 0.71953125 0.0921875 0.4015625