635 0.03203125 0.11953125 0.06171875 0.146875
635 0.10546875 0.12890625 0.06796875 0.1390625
635 0.21640625 0.0421875 0.05 0.0796875
635 0.2671875 0.04765625 0.046875 0.0921875
635 0.32421875 0.05078125 0.0484375 0.096875
635 0.175 0.1421875 0.05390625 0.11640625
635 0.234375 0.1515625 0.0515625 0.11015625
635 0.290625 0.1609375 0.05 0.11015625
635 0.3390625 0.1671875 0.04375 0.10703125
635 0.37578125 0.17421875 0.02421875 0.10234375
635 0.40546875 0.17890625 0.02890625 0.09921875
635 0.4609375 0.18359375 0.03359375 0.0953125
635 0.50390625 0.1765625 0.03515625 0.1203125
809 0.1921875 0.43671875 0.046875 0.1
635 0.490625 0.6 0.04140625 0.07578125
635 0.53203125 0.575 0.03203125 0.09453125
607 0.57265625 0.5640625 0.03828125 0.09453125
607 0.64609375 0.5125 0.03125 0.0796875
607 0.77578125 0.87890625 0.028125 0.09921875
607 0.74765625 0.915625 0.01953125 0.0890625
635 0.7171875 0.94296875 0.0296875 0.08671875
635 0.67890625 0.9578125 0.0359375 0.084375
234 0.6359375 0.96171875 0.04375 0.0765625