39 0.1265625 0.29375 0.15 0.38984375
39 0.29140625 0.278125 0.15078125 0.41171875
39 0.5546875 0.26484375 0.153125 0.43828125
39 0.72734375 0.24921875 0.14453125 0.4453125
39 0.08984375 0.79609375 0.0890625 0.28203125
39 0.17109375 0.7765625 0.078125 0.3203125
39 0.253125 0.77421875 0.08125 0.29140625
39 0.33359375 0.7875 0.08125 0.2984375
39 0.425 0.77578125 0.09765625 0.303125
39 0.53046875 0.7765625 0.10390625 0.34453125
39 0.63984375 0.7765625 0.1078125 0.34453125
39 0.8127170140625 0.9248554906249999 0.7790798609375 0.5997109828125 0.693359375 0.6045279390625 0.7052951390625 0.934489403125 0.8127170140625 0.9248554906249999
890 0.8890625 0.246875 0.153125 0.46484375
797 0.8192274312500001 0.5419075140625 0.844184028125 0.9754335265625 1 0.977842003125 0.9971788187499999 0.7032755296875 0.942925346875 0.5178227359375 0.8192274312500001 0.5419075140625