828 0.13203125 0.33203125 0.11640625 0.20703125
828 0.23828125 0.35 0.08671875 0.14609375
828 0.328125 0.3421875 0.078125 0.1640625
480 0.40703125 0.36640625 0.071875 0.1125
480 0.48515625 0.33515625 0.08359375 0.1703125
480 0.590625 0.303125 0.11171875 0.21953125
480 0.67890625 0.3625 0.0625 0.1
480 0.66171875 0.28515625 0.021875 0.0515625
480 0.7515625 0.32890625 0.07734375 0.1640625
480 0.83125 0.30859375 0.07734375 0.196875
480 0.9 0.3578125 0.0515625 0.0953125
480 0.97109375 0.3328125 0.0578125 0.14140625
58 0.96796875 0.603125 0.06171875 0.08671875
58 0.89140625 0.58515625 0.08203125 0.1375
58 0.81875 0.54609375 0.0546875 0.121875
58 0.81640625 0.640625 0.05859375 0.05859375
58 0.759375 0.5515625 0.05390625 0.1171875
58 0.75546875 0.64609375 0.05546875 0.0640625
58 0.6875 0.54765625 0.08203125 0.07734375
58 0.684375 0.63515625 0.07890625 0.0890625
58 0.6 0.55390625 0.084375 0.07734375
58 0.6 0.64609375 0.084375 0.09609375
58 0.4984375 0.62109375 0.10859375 0.16796875
58 0.3890625 0.67734375 0.0921875 0.165625
58 0.2 0.56953125 0.12734375 0.090625
253 0.3015625 0.7125 0.08125 0.13671875
253 0.090625 0.7265625 0.1140625 0.16953125
253 0.2046875 0.71328125 0.1046875 0.1765625
167 0.128125 0.9453125 0.0828125 0.109375
167 0.22890625 0.92578125 0.1078125 0.06875
167 0.32734375 0.96953125 0.0703125 0.0609375
167 0.4109375 0.95703125 0.08984375 0.07578125
167 0.4890625 0.946875 0.0609375 0.06015625
169 0.56953125 0.92421875 0.08671875 0.07734375
169 0.65546875 0.90625 0.0828125 0.0625
169 0.940625 0.89921875 0.0625 0.13203125
169 0.9875 0.89609375 0.02421875 0.10546875
166 0.86484375 0.9140625 0.0734375 0.1203125
166 0.80078125 0.8890625 0.05 0.0375
166 0.7375 0.88984375 0.071875 0.075