583 0.11844906250000001 0.32096977031249996 0.1360154765625 0.1489973640625 0.0003659953125 0.1390938609375 0.0028031875 0.1395185046875 0 0.308782775 0.11844906250000001 0.32096977031249996
583 0.22677546718750002 0.155767934375 0.14772649375 0.1571220015625 0.14311716875 0.15770739375 0.1491903421875 0.2979498734375 0.2560528984375 0.308782775 0.276547121875 0.1706631421875 0.22677546718750002 0.155767934375
583 0.3878013359375 0.27357578125000004 0.361451715625 0.2370147453125 0.37023492343750003 0.20993246718749997 0.35559620625 0.1706631421875 0.2838664796875 0.17607964375000001 0.28037791093750003 0.1763209265625 0.2560528984375 0.20587008281250002 0.26190840625 0.3169074390625 0.38633748749999997 0.329094484375 0.3878013359375 0.27357578125000004
583 0.47270592968749997 0.22347360625 0.49466400312500003 0.15305964375 0.350734178125 0.16320352968750002 0.37023492343750003 0.2139947984375 0.36291556406250003 0.2383688390625 0.380481978125 0.2762840203125 0.38487363750000003 0.326386246875 0.48880849531250004 0.3182615828125 0.47270592968749997 0.22347360625
583 0.0203696015625 0.3954460375 0.017441904687500003 0.39409194375 0.010122546875000001 0.4387776953125 0.141870984375 0.44961059687500005 0.143334834375 0.4049248453125 0.0203696015625 0.3954460375
583 0.28240263125 0.47263054374999997 0.2692277640625 0.37648847343749997 0.28240263125 0.34805205 0.275083271875 0.334510909375 0.16675675625 0.327740340625 0.1650788875 0.3319977515625 0.1682206046875 0.35482261875 0.14772649375 0.37919671093749996 0.152118040625 0.46856821249999997 0.28240263125 0.47263054374999997
583 0.389265296875 0.3385732921875 0.2822080546875 0.33707417031250003 0.29411364687499997 0.36159318906250004 0.28093878125 0.4631517359375 0.39219299531249996 0.45908940468750004 0.389265296875 0.3385732921875
583 0.5019833609375 0.46992230625 0.49612785312499996 0.3399273859375 0.393790415625 0.3412797140625 0.39219299531249996 0.4604435484375 0.5019833609375 0.46992230625
583 0.027688959375 0.47263054374999997 0.020497570312499998 0.472445321875 0.024761260937499998 0.590438571875 0.1491903421875 0.5972091421875 0.152118040625 0.4739846890625 0.027688959375 0.47263054374999997
583 0.153581890625 0.4739846890625 0.1559281703125 0.4741374609375 0.15797355 0.6039797109375 0.2838664796875 0.60127136875 0.2604445578125 0.4739846890625 0.153581890625 0.4739846890625
583 0.3819459390625 0.5985631312499999 0.3746265828125 0.4834634453125 0.26580650625 0.4834634453125 0.275083271875 0.5985631312499999 0.3819459390625 0.5985631312499999
583 0.3746265828125 0.48481759062499996 0.3718850734375 0.4809060203125 0.380481978125 0.618874840625 0.49612785312499996 0.60127136875 0.4800252875 0.48481759062499996 0.3746265828125 0.48481759062499996
583 0.14626253281249998 0.6080419390625 0.0071947359375 0.6256454625 0.0131769984375 0.6298142875 0.0408638265625 0.647311265625 0.024761260937499998 0.7407451484375 0.15504584999999999 0.7190793453125 0.14626253281249998 0.6080419390625
583 0.153581890625 0.6175208515625 0.152267884375 0.6145850328125 0.152118040625 0.7312662890625 0.27069161249999996 0.7190793453125 0.257516859375 0.613458415625 0.153581890625 0.6175208515625
583 0.26337225468750003 0.614812509375 0.262076478125 0.616277171875 0.26190840625 0.7326204859375001 0.371698771875 0.735328671875 0.3673072234375 0.61075028125 0.26337225468750003 0.614812509375
583 0.3687710734375 0.606687846875 0.3700549296875 0.6095086140625 0.3746265828125 0.7068923 0.48588079687499997 0.744807428125 0.4814891375 0.613458415625 0.3687710734375 0.606687846875
583 0.048183184375 0.7461616249999999 0.0497798625 0.74657190625 0.05257484375 0.8517824515625 0.162365209375 0.8544907421874999 0.1609012484375 0.7461616249999999 0.048183184375 0.7461616249999999
583 0.1696845671875 0.7407451484375 0.16690902968750002 0.7414954875 0.1652929078125 0.8450118828125 0.27069161249999996 0.8436577890624999 0.276547121875 0.7393910546875 0.1696845671875 0.7407451484375
583 0.26630006562499997 0.735328671875 0.27671762499999997 0.7364190703125 0.27947493125 0.8409496015625001 0.3746265828125 0.8274084625 0.3775542796875 0.736682765625 0.26630006562499997 0.735328671875
583 0.3775542796875 0.733974578125 0.375545359375 0.7364190703125 0.3775542796875 0.807096753125 0.45221170624999996 0.807096753125 0.4595310640625 0.7272040093750001 0.3775542796875 0.733974578125
583 0.0701412578125 0.8636085890625 0.064421009375 0.8617050703125001 0.059894199999999995 0.9963117984375 0.17261226406250002 1 0.1784677734375 0.8622544968750001 0.0701412578125 0.8636085890625
583 0.17972003281249999 0.8549365140624999 0.181395471875 0.9841247515625 0.2838664796875 0.9692295203124999 0.29264968593749996 0.8514215953125 0.17972003281249999 0.8549365140624999
583 0.2970413453125 0.8473592109375 0.285868340625 0.8430915375 0.2897219875 0.9665212296875 0.3834097890625 0.9570424734375 0.3819459390625 0.846005221875 0.2970413453125 0.8473592109375
583 0.380481978125 0.9502719031250001 0.4683142703125 0.9475637171875 0.466850421875 0.846005221875 0.45660336562500003 0.8351722171875 0.381015359375 0.8470454890625 0.380481978125 0.9502719031250001
797 0.5297969421875 0.006823396875 0.5292773921875 0.013875545312500001 0.5195498859375001 0.174733521875 0.6322679499999999 0.1869205671875 0.6542260234375 0 0.5297969421875 0.006823396875
797 0.7186362828124999 0.1882746609375 0.7479137125 0.010885728124999999 0.6573874203125001 0.00203056875 0.655689984375 0.0014069453125 0.6308039890625 0.18556642343750002 0.7186362828124999 0.1882746609375
797 0.816715853125 0.19775346875 0.837209965625 0.0190104171875 0.7470644390625 0.013875545312500001 0.7449860140625 0.0190104171875 0.725955640625 0.1963993765625 0.816715853125 0.19775346875
797 0.6308039890625 0.20587813281249998 0.5678576921875 0.1963993765625 0.4932001546875 0.2085863703125 0.489014240625 0.21524013281249998 0.5107665671875 0.2207734171875 0.49173630468749996 0.32774838906250003 0.6308039890625 0.33451895781249996 0.6308039890625 0.20587813281249998
797 0.6073821781250001 0.4848256390625 0.600062821875 0.42389051093749996 0.49816495781250003 0.41998900156249996 0.49612785312499996 0.42253636562499997 0.4873446453125 0.48617973125 0.6073821781250001 0.4848256390625
797 0.589815765625 0.6364863609375 0.5766407874999999 0.5064914421875 0.489014240625 0.5012116921875001 0.48295298593749997 0.5051373484374999 0.48295298593749997 0.6391946515625 0.589815765625 0.6364863609375
797 0.4595310640625 0.75294024375 0.4595310640625 0.7867930921874999 0.5634660328125001 0.7840848031250001 0.58688784375 0.662214546875 0.4835238109375 0.667041353125 0.4800252875 0.6744015921875001 0.484416946875 0.7461696734375 0.4595310640625 0.75294024375
797 0.5781047484374999 0.9343914312500001 0.56639373125 0.8084588953124999 0.4712858171875 0.8124641390624999 0.47270592968749997 0.9425161984375 0.5781047484374999 0.9343914312500001
797 0.6791117953125 0.6391946515625 0.7025338296875 0.5051373484374999 0.5896721203124999 0.5012116921875001 0.5883518046875 0.5091997828125 0.5781047484374999 0.6283616984375 0.6791117953125 0.6391946515625
797 0.58688784375 0.7895012796875001 0.6703287 0.782730709375 0.6761840968749999 0.6581522671875 0.5878419765625 0.6619649359374999 0.581032446875 0.6676310234375 0.560538334375 0.7705436625 0.58688784375 0.7895012796875001
797 0.746449975 0.785438896875 0.75669703125 0.6567980703125 0.6793491390625 0.6619649359374999 0.6791117953125 0.6662769296875 0.6644730796875 0.785438896875 0.746449975 0.785438896875
797 0.5693214296875 0.9343914312500001 0.6717924375 0.92355858125 0.6688647390625 0.815229465625 0.6835034546875 0.801688325 0.56954054375 0.8041046453125 0.5620020718750001 0.8071048015625 0.5737130890625 0.866685734375 0.5693214296875 0.9343914312500001
797 0.6791117953125 0.9330373375000001 0.75669703125 0.9249126750000001 0.7727997078125 0.8138753718749999 0.75669703125 0.7922094656249999 0.6738587093749999 0.7973360875 0.6703287 0.801688325 0.665937040625 0.9208502921875 0.6791117953125 0.9330373375000001
797 0.64251500625 0.19775346875 0.6390859875 0.20001087812499999 0.6249485921875 0.343997765625 0.721564203125 0.3453519109375 0.73620291875 0.2045240390625 0.64251500625 0.19775346875
797 0.807932534375 0.34941424374999996 0.8225712515625 0.215356940625 0.7360835796874999 0.21016371562499997 0.7405943546875 0.21129460937500003 0.723027940625 0.3467060046875 0.807932534375 0.34941424374999996
797 0.8899094312500001 0.353476575 0.9235782968749999 0.21806517812499998 0.8257605984374999 0.21524013281249998 0.8211072890625 0.21806517812499998 0.8137879328125001 0.35212248125 0.8899094312500001 0.353476575
797 0.6190931953125001 0.3629553828125 0.6189544109375 0.360764121875 0.6059182187500001 0.4929503015625 0.70106986875 0.4902420625 0.7201002421875 0.373788284375 0.6190931953125001 0.3629553828125
797 0.7845105015625 0.4915962078125 0.806468575 0.3670177140625 0.7221047765625 0.36751790156249997 0.7025338296875 0.4929503015625 0.7845105015625 0.4915962078125
797 0.8738067546874999 0.4915962078125 0.8913731687500001 0.3710800453125 0.816418446875 0.37423232031250003 0.7874384234375 0.4929503015625 0.8738067546874999 0.4915962078125
797 0.76548035 0.6364863609375 0.7786551046875 0.51461615625 0.6994807140625 0.516440946875 0.696678209375 0.5186784875 0.6835034546875 0.6378405578125 0.76548035 0.6364863609375
797 0.7640163890625 0.6364863609375 0.8430653625 0.6364863609375 0.8386739265625 0.5958629421875 0.845993284375 0.5254490578125 0.783667303125 0.5215173656250001 0.780119065625 0.5268031515625 0.7669440875 0.5904466203125 0.7640163890625 0.6364863609375
797 0.8211072890625 0.782730709375 0.8430653625 0.6581522671875 0.761705584375 0.6568885171875001 0.7596247296875 0.659506359375 0.7435222765625 0.7840848031250001 0.8211072890625 0.782730709375
797 0.7479137125 0.9222044890625 0.8254989484375 0.9276208609375001 0.8547763796875 0.8165835578125 0.8240352109375 0.7922094656249999 0.759875440625 0.7956439484375 0.7610886906250001 0.7962718484375 0.7742634453125 0.826062315625 0.7479137125 0.9222044890625
762 0.91040354375 0.2072322765625 0.999699796875 0.209940515625 1 0.06911264375000001 0.9352893140624999 0.0650503109375 0.897136184375 0.0815611203125 0.903084184375 0.081299715625 0.8869815093750001 0.20587813281249998 0.91040354375 0.2072322765625
762 0.9587113484374999 0.341289528125 0.96603070625 0.2329604109375 0.9245883328125 0.2287772484375 0.9206505984375 0.2248357484375 0.8972287890624999 0.3467060046875 0.9587113484374999 0.341289528125
762 0.999699796875 0.341289528125 1 0.2370227953125 0.9703419140625 0.23554580625 0.96749444375 0.2275439859375 0.9543196890625 0.3453519109375 0.999699796875 0.341289528125
762 0.9235782968749999 0.475346934375 0.9470003312499999 0.372434190625 0.898966328125 0.3709169578125 0.8913731687500001 0.3751423765625 0.8650234359375 0.4712844984375 0.9235782968749999 0.475346934375
762 0.9455363703125 0.3751423765625 0.9250422578125 0.4685763640625 0.9821331593749999 0.4739927375 0.9850610812499999 0.4306610796875 0.9661721828125 0.3728670625 0.9455363703125 0.3751423765625
762 0.9136982343750001 0.5492774390624999 0.912376265625 0.531545828125 0.8832925546875 0.5309344015625 0.89056343125 0.502808421875 0.8634627234375 0.5052541453125 0.8629061140625 0.5074926921875 0.83702295 0.5896321125 0.8555308125 0.5951350328125 0.9011393812499999 0.5963579078125 0.9136982343750001 0.5492774390624999
762 0.9150203031249999 0.5309344015625 0.9157944421875 0.532706871875 0.9031223859375 0.593300734375 0.9540189296875001 0.5969693328125001 0.9745097953125 0.5333801499999999 0.9150203031249999 0.5309344015625
762 1 0.5945236078125 0.9989665671875001 0.493025453125 0.9785993328125 0.4929754359375 0.9797976687500001 0.49424832656250006 0.9560019328125 0.5969693328125001 1 0.5945236078125
762 0.9421210109375 0.6195924625 0.9414122265625 0.6175182078125 0.9269181203124999 0.699078934375 0.99830553125 0.699078934375 1 0.6116437718750001 0.9421210109375 0.6195924625
762 0.8951904734375 0.616535290625 0.8926558 0.6167541421875 0.8892414625 0.6996903609375 0.9262571875000001 0.6960217625 0.9388160390625 0.6177581171875001 0.8951904734375 0.616535290625
762 0.8528867734375 0.6379355 0.8555308125 0.6507755703125 0.840327921875 0.65383274375 0.8330569421874999 0.7009132109375 0.8892414625 0.7015246359375 0.893868403125 0.61531236875 0.839767471875 0.6152260093749999 0.8416498890625 0.618980990625 0.8416498890625 0.6318211546875 0.8528867734375 0.6379355
762 0.9890516515625001 0.7166324890625 0.91435926875 0.7196896625 0.9124889234375001 0.7214311953125 0.9024613499999999 0.7924503171875 0.9150203031249999 0.7985646625 0.9698827546875 0.7979532375 0.9890516515625001 0.7166324890625
762 0.824463996875 0.9153487046875 0.8746996078124999 0.9147372328125 0.8932074703125 0.8352507375 0.8713946359375001 0.8217991953125001 0.8496840328124999 0.8253441828125 0.84892086875 0.8279135406250001 0.8462768296875 0.8395308078125 0.824463996875 0.9153487046875
762 0.8760215765625 0.9116800609375 0.9295621593750001 0.9043428640625001 0.9454259828125 0.8291363921875 0.918986209375 0.8181305968749999 0.8827392375 0.8261082484375001 0.8839534875 0.8291363921875 0.893868403125 0.836473634375 0.8760215765625 0.9116800609375