932 0.74375 0.62734375 0.071875 0.08671875
932 0.74453125 0.7203125 0.0734375 0.09609375
645 0.85546875 0.721875 0.07265625 0.12734375
645 0.9296875 0.7328125 0.0734375 0.12890625
594 0.621875 0.30625 0.0984375 0.18828125
584 0.72109375 0.3328125 0.0765625 0.14765625
584 0.81796875 0.24609375 0.1 0.0546875
750 0.525 0.35234375 0.08359375 0.1171875
750 0.28984375 0.06640625 0.07421875 0.1015625
497 0.22109375 0.07578125 0.05703125 0.10859375
497 0.16015625 0.0859375 0.06171875 0.1015625
606 0.4203125 0.628125 0.06953125 0.1890625
760 0.5796875 0.64921875 0.05390625 0.16328125
886 0.19765625 0.63046875 0.046875 0.12734375
761 0.0875 0.8359375 0.03203125 0.134375
761 0.04921875 0.82421875 0.04765625 0.134375
761 0.1390625 0.84296875 0.0578125 0.10625
761 0.48203125 0.671875 0.04609375 0.1171875
761 0.5296875 0.67890625 0.04375 0.1140625
273 0.44296875 0.3625 0.05 0.08359375
273 0.1125 0.35859375 0.059375 0.09609375
273 0.3984375 0.37578125 0.034375 0.05859375
917 0.3515625 0.36640625 0.04765625 0.0859375
917 0.053125 0.3671875 0.05 0.1078125