142 0.06875 0.33828125 0.13515625 0.2890625
142 0.2453125 0.35 0.15234375 0.27265625
142 0.24453125 0.61328125 0.1234375 0.209375
142 0.24453125 0.8953125 0.11953125 0.20390625
142 0.059375 0.90625 0.1125 0.1875
142 0.059375 0.634375 0.1140625 0.225
607 0.36015625 0.121875 0.059375 0.1203125
607 0.4875 0.22734375 0.0515625 0.109375
607 0.425 0.2234375 0.053125 0.10703125
607 0.54765625 0.23203125 0.0578125 0.10390625
607 0.42265625 0.1171875 0.05078125 0.09609375
607 0.54453125 0.10859375 0.05234375 0.1265625
607 0.359375 0.23359375 0.05546875 0.08828125
607 0.60703125 0.10625 0.0546875 0.12734375
607 0.7203125 0.153125 0.0546875 0.115625
607 0.4828125 0.1046875 0.0546875 0.1203125
80 0.60625 0.23203125 0.053125 0.11328125
235 0.66484375 0.1203125 0.05 0.12109375
235 0.66171875 0.23828125 0.05078125 0.10234375
635 0.83125 0.41640625 0.05390625 0.1125
635 0.88359375 0.4171875 0.04453125 0.11171875
635 0.9375 0.4171875 0.05703125 0.109375
635 0.96953125 0.5328125 0.05078125 0.1078125
635 0.915625 0.534375 0.0515625 0.109375
635 0.86171875 0.534375 0.05 0.11328125
635 0.809375 0.53515625 0.053125 0.1140625
635 0.75 0.53515625 0.06171875 0.11328125
635 0.69140625 0.41328125 0.05234375 0.1203125
635 0.63671875 0.41640625 0.04921875 0.1171875
635 0.54921875 0.53828125 0.04296875 0.12109375
635 0.59375 0.5375 0.040625 0.11328125
635 0.63828125 0.53828125 0.0390625 0.11015625
635 0.68984375 0.5359375 0.05234375 0.115625
635 0.48046875 0.409375 0.0546875 0.1234375
635 0.49609375 0.5375 0.05625 0.121875
635 0.4328125 0.53671875 0.05546875 0.1234375
635 0.38359375 0.73046875 0.06171875 0.08984375
635 0.38359375 0.86953125 0.0734375 0.1125
234 0.4609375 0.86484375 0.07109375 0.109375
809 0.578125 0.84765625 0.04765625 0.1296875
809 0.6453125 0.840625 0.05234375 0.12734375
809 0.81484375 0.82734375 0.04296875 0.115625
635 0.371875 0.53671875 0.053125 0.1234375