477 0.45497042343749994 0.7043257015625 0.01053701875 0.7037141265625 0.0084095421875 0.9669634874999999 0.44885308906250004 0.9765242031250001 0.45497042343749994 0.7043257015625
477 0.486403775 0.710748453125 0.48079881718750006 0.9697754546875 0.990571521875 0.9579651984374999 0.9260003250000001 0.702638503125 0.486403775 0.710748453125
333 0.7090414375 0.3337084984375 0.5073070562499999 0.46560635 0.6649967953125 0.604517546875 0.8349209953125 0.447609771875 0.7090414375 0.3337084984375
333 0.0020393984375 0.24788970312499997 0 0.38349698125 0.298640159375 0.3868712484375 0.24970190625000002 0.2597703078125 0.0020393984375 0.24788970312499997
333 0.265334953125 0.5105978359375001 0.1040108453125 0.47580191406249994 0.0587071671875 0.6866270437499999 0.2306704796875 0.6989996859375001 0.265334953125 0.5105978359375001
333 0.272263734375 0.54192459375 0.2510613828125 0.6905637828125 0.39651645625 0.6776287125 0.369328584375 0.5685243921875001 0.272263734375 0.54192459375
333 0.384432328125 0.5869442890625 0.4644861359375 0.70518605 0.631011853125 0.6697552375 0.5684797671874999 0.5465911203125 0.384432328125 0.5869442890625
333 0.9470709671875 0.6315124562500001 0.7668252578125 0.5517726515625 0.631691590625 0.69843734375 0.8410382249999999 0.7063108203125 0.9470709671875 0.6315124562500001
177 0.2586675421875 0.131119865625 0.295241675 0.317134434375 0.569839140625 0.24796005000000002 0.51954161875 0.10286248906249999 0.2586675421875 0.131119865625
177 0.5815771265625 0.1817670234375 0.6418870421875 0.350315665625 0.7812247828125 0.20690530156250003 0.7350054828125 0.0786796125 0.5815771265625 0.1817670234375
177 0.8539524234375 0.43861148281249995 0.8254050749999999 0.47404225312500003 0.8743433265625 0.5021619328125 0.9538679359375 0.50778586875 0.9416332687500001 0.2952011203125 0.727736203125 0.28728193750000003 0.7322867375000001 0.293513921875 0.7553963875 0.35256524843750003 0.8539524234375 0.43861148281249995
177 0.3285467765625 0.12198387968749999 0.188987053125 0.0467079359375 0.09473111875 0.18834636093749998 0.2789288890625 0.25583356875 0.255819240625 0.1259206390625 0.3285467765625 0.12198387968749999
177 0.2898040796875 0.011192339062499999 0.1477473875 0.006693184374999999 0.1783337421875 0.060120585937500005 0.19260741718750002 0.038187228125 0.307476134375 0.0994881359375 0.327187403125 0.100612928125 0.2898040796875 0.011192339062499999
177 0.567980934375 0.008722567187499999 0.550127975 0.189471109375 0.6622778421875 0.12085913125 0.6378088203125001 0.03200090625 0.567980934375 0.008722567187499999
177 0.382732803125 0.3055711890625 0.4672048828125 0.4689807015625 0.6269336296875 0.36943705625 0.5521669828125 0.26539424375 0.382732803125 0.3055711890625
177 0.4522515734375 0.46841831718750004 0.1878495609375 0.4099293765625 0.1966856390625 0.4942884140625 0.407391646875 0.57077393125 0.4522515734375 0.46841831718750004
177 0.7872195468750001 0.0045019703125 0.7893812265625 0.0685564890625 0.9830948156250001 0.044373568749999995 0.98853230625 0.009505153125 0.7872195468750001 0.0045019703125