178 0.25703125 0.0375 0.24296875 0.07421875
178 0.19296875 0.23046875 0.0796875 0.28046875
178 0.278125 0.2234375 0.07734375 0.2890625
828 0.2515625 0.56484375 0.05234375 0.10859375
828 0.3046875 0.5578125 0.04375 0.1046875
828 0.36171875 0.55546875 0.0578125 0.11328125
828 0.4296875 0.5578125 0.05625 0.11796875
828 0.6140625 0.52578125 0.075 0.06796875
828 0.5390625 0.52890625 0.05546875 0.08984375
828 0.1953125 0.571875 0.04609375 0.11875
178 0.37578125 0.14609375 0.1078125 0.12109375
178 0.3765625 0.27734375 0.10546875 0.11015625
178 0.496875 0.12265625 0.11328125 0.13125
178 0.50625 0.26484375 0.12734375 0.11875
962 0.6125 0.20390625 0.06875 0.1546875
962 0.6890625 0.1796875 0.065625 0.05625
962 0.95546875 0.1078125 0.0875 0.21171875
163 0.73671875 0.52578125 0.075 0.13359375
163 0.915625 0.525 0.15859375 0.19921875
762 0.059375 0.6875 0.10078125 0.19375
931 0.48359375 0.87109375 0.05625 0.20234375
931 0.55546875 0.87890625 0.07578125 0.18125
931 0.68203125 0.8875 0.07578125 0.2015625
931 0.75625 0.91171875 0.0625 0.1765625
931 0.6171875 0.921875 0.04140625 0.09609375