932 0.8234375 0.63125 0.071875 0.0953125
932 0.81953125 0.728125 0.0703125 0.0953125
645 0.94296875 0.7296875 0.0796875 0.13828125
760 0.6515625 0.6578125 0.06015625 0.178125
761 0.5953125 0.68359375 0.04453125 0.10703125
761 0.54609375 0.6796875 0.0421875 0.1046875
761 0.15234375 0.8328125 0.0421875 0.125
761 0.11015625 0.828125 0.03984375 0.1125
761 0.20078125 0.85546875 0.059375 0.103125
761 0.2609375 0.88046875 0.03359375 0.0609375
606 0.47421875 0.6234375 0.06953125 0.20625
606 0.53203125 0.5765625 0.04296875 0.1
750 0.5875 0.34765625 0.084375 0.1109375
750 0.35078125 0.0625 0.06796875 0.1171875
750 0.2828125 0.071875 0.05546875 0.11640625
750 0.2234375 0.09140625 0.05625 0.1046875
594 0.6921875 0.296875 0.10859375 0.2
584 0.79609375 0.32421875 0.08125 0.1484375
584 0.89765625 0.225 0.1 0.059375
886 0.26015625 0.64140625 0.04140625 0.128125