543 0.057150953125 0.267372109375 0.04934655 0.280059384375 0.067231628125 0.2955660046875 0.17649318281249998 0.30026498749999997 0.1787694796875 0.280529275 0.17649318281249998 0.1066669015625 0.19397178125 0.105844584375 0.1885249765625 0.0902204625 0.050322109375 0.08975057187499999 0.0516228234375 0.118414359375 0.057150953125 0.267372109375
543 0.172265790625 0.671014721875 0.1758428265625 0.5977105828125 0.1784443015625 0.554010046875 0.19015086718750002 0.52910544375 0.185598321875 0.5145386046875 0.150153371875 0.5150084953125 0.1312927359375 0.5107794046875 0.10430251875 0.5093697140625 0.04869619375 0.5150084953125 0.041216970312500004 0.5107794046875 0.027234081249999997 0.5042008390625 0.02203115625 0.5215870781249999 0.024957809375 0.526755953125 0.029185201562500002 0.5967708 0.0334125671875 0.6681953390625 0.013901575 0.72834229375 0.093896640625 0.7222336390625 0.169013959375 0.7297520046875 0.1693391625 0.7227035296875 0.169664365625 0.7156550562499999 0.170639875 0.6987387265625 0.172265790625 0.671014721875
543 0.0058532953125 0.858621615625 0.012356959375 0.8962134765625 0.0042273796874999995 0.9258170437500001 0.006828854687499999 0.965758396875 0.0016259046875 0.9892533109375 0.158039025 0.9892533109375 0.159014584375 0.9779757453125001 0.16259162031250002 0.95448083125 0.1619412640625 0.9328655203125 0.1603153484375 0.8102220812500001 0.15999014375 0.764641946875 0.16909528437500002 0.7397373421875 0.168444928125 0.7308092671875001 0.0816209953125 0.7223511015625 0.000894246875 0.7325713859375 0 0.79048635 0.002926640625 0.794715440625 0.0058532953125 0.858621615625
890 0.2766496234375 0.981265053125 0.2789258953125 0.7632322546875 0.17291619687499998 0.7604128546875 0.16348585468750002 0.7842601953125 0.160234021875 0.9892533109375 0.270796315625 0.9892533109375 0.2766496234375 0.981265053125
890 0.28632384375000003 0.7728651828124999 0.29055118593749996 0.753129434375 0.2944534234375 0.6948620437499999 0.2921771015625 0.53650634375 0.1871429625 0.535096653125 0.1793385359375 0.5506032921874999 0.1789320578125 0.7590031640625 0.27916977187500003 0.7644070000000001 0.2794949765625 0.77427485625 0.28632384375000003 0.7728651828124999
890 0.2692410578125 0.1111105 0.1769710140625 0.10763829531249999 0.179373878125 0.2989566984375 0.20844854375000002 0.3006928015625 0.20910933437499998 0.2878456328125 0.217098871875 0.2763873671875 0.26876045625 0.27673458125 0.2692410578125 0.1111105
890 0.3076869 0.30260249687499996 0.3559844671875 0.30364416875 0.3629527984375 0.29669976249999996 0.36367362812500004 0.11545075468749999 0.35454277031250003 0.1130202078125 0.2709831125 0.110329253125 0.2682798890625 0.27725543125 0.3072062984375 0.278644290625 0.3076869 0.30260249687499996
890 0.3033421421875 0.4789081484375 0.30859895000000004 0.46198925468749996 0.30716529531250003 0.27864373750000004 0.2177994125 0.27631307656250004 0.20824156562499999 0.28658526875 0.211825759375 0.4768364546875 0.3033421421875 0.4789081484375
116 0.3359375 0.79765625 0.0796875 0.4046875
116 0.3470397984375 0.598546640625 0.3480798875 0.619086840625 0.3536269984375 0.6396270390625001 0.37234840625 0.6857172421875 0.3772021421875 0.6857172421875 0.37616205156250004 0.598546640625 0.38170911093750004 0.5254034390625 0.37789551875 0.512878921875 0.3824025390625 0.502859309375 0.3772021421875 0.47129753281250003 0.3598674859375 0.43272203906250006 0.3598674859375 0.4091759453125 0.33767909375 0.4106788828125 0.3331720734375 0.437230853125 0.3106370203125 0.474303428125 0.3069100796875 0.6470164953124999 0.3175708828125 0.6286054796875 0.3186109734375 0.6000495609375001 0.3470397984375 0.598546640625
716 0.3736485046875 0.8238626578125 0.3753819703125 0.9895620078125 0.5601694171875 0.9891862874999999 0.5671032796875 0.8118391328125 0.3736485046875 0.8238626578125
716 0.3767687484375 0.5130041750000001 0.382662521875 0.5260296640625 0.3802356796875 0.562601265625 0.4142116171875 0.550577721875 0.5331273421875 0.5400571375000001 0.5549690203125001 0.54156009375 0.569876834375 0.56159931875 0.5816643796875 0.55157970625 0.569876834375 0.5400571375000001 0.5639830625 0.520518884375 0.5546223046875001 0.3862560765625 0.5528888390625 0.3652148859375 0.5445682265625 0.37072568437500003 0.3868228546875 0.3922678484375 0.371568353125 0.385755103125 0.3691415109375 0.4513835609375 0.37780883906249996 0.47843652187499996 0.3837026109375 0.5059904390625001 0.3767687484375 0.5130041750000001
716 0.555055671875 0.36233424375 0.5526288312500001 0.306224428125 0.5557491 0.2415979171875 0.5328673328125 0.2275704546875 0.4874505125 0.2240635953125 0.44792751875 0.2235626125 0.40459087812499994 0.23007535781250002 0.384482665625 0.2461067515625 0.384135978125 0.2681498875 0.391416528125 0.3896376921875 0.489183978125 0.3753597515625 0.5429214124999999 0.3718528828125 0.555055671875 0.36233424375
716 0.40996460468749996 0.13789492187500002 0.49213089062500004 0.141401809375 0.5215998078124999 0.147914534375 0.5590426749999999 0.1649478828125 0.5538422781250001 0.13388709999999998 0.5576558703125001 0.021667409375 0.5652831609375 0.00713898125 0.577417421875 0.00563604375 0.578804171875 0 0.3758153375 0.000751471875 0.38153577968749997 0.050223309375000004 0.3853493984375 0.0842899890625 0.3853493984375 0.152924340625 0.40996460468749996 0.13789492187500002
710 0.6507673546875 0.21958531875 0.645353765625 0.21426582968750002 0.5595484046875 0.21090203437500002 0.555704753125 0.30907786875 0.6470861218749999 0.315336090625 0.6507673546875 0.21958531875
710 0.7401998265625 0.2230273359375 0.7306719265625 0.21645620937499999 0.645353765625 0.2136400046875 0.6509839109375 0.21989822656250002 0.647302678125 0.314710278125 0.7367351171875 0.3200297546875 0.7401998265625 0.2230273359375
710 0.6523914296875 0.4861072984375 0.6558561390625 0.38722740624999996 0.6476274796875 0.37189476093749996 0.556029571875 0.36892210312499996 0.5551633953125 0.391608153125 0.5601439015625 0.47515541250000004 0.570537996875 0.472026303125 0.6523914296875 0.4861072984375
710 0.5709710765625 0.5555735359375 0.5714041578125 0.5668383296874999 0.576384665625 0.5755998484375 0.5859125828125 0.5831097171875 0.6610531703125 0.59938108125 0.66928183125 0.49831080937500005 0.65780501875 0.4848556484375 0.6530410671875 0.4848556484375 0.5698883593749999 0.4729650203125 0.5659905703125 0.5255340828125 0.570537996875 0.5405537984375 0.5789831796875 0.5499411296875001 0.5709710765625 0.5555735359375
710 0.7453427359375 0.4938518421875 0.752488678125 0.39716232812499996 0.744476575 0.38495879375 0.6522290296875 0.3740069078125 0.6521207515625 0.3794828515625 0.655260625 0.3840200625 0.652662109375 0.4838386734375 0.7453427359375 0.4938518421875
710 0.7312674078125 0.5905413546875 0.7347321171875 0.5138781515625 0.7481578078125 0.513565221875 0.7481578078125 0.4938518421875 0.6608907703125 0.48602906562500003 0.6693359531249999 0.49948422499999995 0.6617569296875 0.5824056484375 0.7312674078125 0.5905413546875
102 0.7373847546875 0.1675638609375 0.7492946468749999 0.196351665625 0.745180334375 0.2066777390625 0.7460464953125 0.2439141578125 0.7453968578125 0.3149449515625 0.760121821875 0.31744824843749997 0.7644526921875 0.319951521875 0.7939026218749999 0.321203171875 0.7969342187499999 0.3155707875 0.8077613937500001 0.31744824843749997 0.8088441109375 0.311190028125 0.8107930218750001 0.309625471875 0.816639690625 0.204487371875 0.8237856328125 0.15755070625 0.8224863578124999 0.10842367187499999 0.7648857734375001 0.1131173375 0.7514600828125 0.1215659375 0.7466961328124999 0.1381502203125 0.743881059375 0.138541359375 0.733703521875 0.1356469328125 0.73110500625 0.1494150234375 0.7410659875000001 0.1544215953125 0.7373847546875 0.1675638609375
263 0.907046603125 0.513095875 0.911810553125 0.43361645624999995 0.8927547171875 0.4126514265625 0.8022395265625001 0.4079577625 0.7528134796875 0.40373345625 0.747237490625 0.48055311093749997 0.7595804640625 0.508089278125 0.907046603125 0.513095875
263 0.73121326875 0.5975818515625 0.7405246453125 0.6191726937500001 0.919389575 0.6310633234374999 0.9202557359375 0.597894759375 0.915924865625 0.5913236328125 0.9150587046875 0.570358578125 0.9243700828125 0.5340609046875 0.894108115625 0.5132523156250001 0.7385757515625 0.5105925765625 0.733811784375 0.5121571328125001 0.73121326875 0.5975818515625
263 0.9264272390625001 0.7615472125 0.979047315625 0.7621730484375 0.986193259375 0.7471533109374999 0.997020434375 0.746527496875 0.9965873203125 0.6923938796875 0.9955046031249999 0.686135659375 0.9994023921874999 0.6620415078125 0.964484753125 0.6399812828125 0.8138246171875 0.645457225 0.8237856328125 0.6564091109375 0.8188051249999999 0.7621730484375 0.9264272390625001 0.7615472125
263 0.9826744265625 0.9162034968749999 0.9852729421875001 0.8808445421875 0.9852729421875001 0.8486147203125001 0.987005296875 0.8420435812499999 0.9883045375 0.8101266546874999 0.9904699734375001 0.802929703125 0.986139103125 0.7972973078125001 0.985489465625 0.801678053125 0.953224496875 0.7825904859375 0.89584046875 0.7788355515625 0.8683394515625 0.7757064406249999 0.7885431578125 0.7721861921875 0.77977315625 0.8595666062499999 0.8018605859375001 0.9043128687499999 0.9294047125 0.9143260359375001 0.9826744265625 0.9162034968749999
263 0.8794373046875 0.98739075625 0.9573929671875 0.9870778515625 0.9617238359375 0.9579771156250001 0.9651885124999999 0.9144824781249999 0.9017412921875 0.9129179234375 0.8592987531249999 0.908537175 0.8010485484375 0.9038435109374999 0.7824258093750001 0.8678587421874999 0.7700828203125 0.868484565625 0.7865401390625 0.9000885750000001 0.7835085265624999 0.9883295000000001 0.8794373046875 0.98739075625
710 0.8022395265625001 0.6346617921875 0.7201695531250001 0.6330972375 0.7230387484375 0.6552356953125 0.7162717640625 0.7623294890625 0.8189134031249999 0.7632682328125 0.8243269906249999 0.6568784828124999 0.8022395265625001 0.6346617921875
710 0.714322884375 0.7640505109375 0.72341770625 0.658286584375 0.7104250953125 0.6307504046875 0.6088661906249999 0.622614721875 0.6015037078125001 0.7283786484375 0.611248165625 0.7527857171875 0.714322884375 0.7640505109375
710 0.6802714062499999 0.8950037703125 0.666196078125 0.8571415421875 0.563879275 0.845720284375 0.560306303125 0.9888770796875 0.67009386875 0.989502915625 0.6802714062499999 0.8950037703125
710 0.782858890625 0.9878601281250001 0.78610704375 0.898993390625 0.767267765625 0.8655119078125001 0.6691735515625 0.864886084375 0.6804338249999999 0.8942997265624999 0.6715555265625001 0.988173034375 0.782858890625 0.9878601281250001
716 0.5863336171875 0.5846155265624999 0.553663384375 0.54060684375 0.47503337031250004 0.5438074734375 0.41024665000000005 0.5514089656250001 0.3833906265625 0.5622111046875 0.3838751296875 0.5637114000000001 0.3786838875 0.601418865625 0.3972339421875 0.638226125 0.58245750625 0.6158217046875001 0.5863336171875 0.5846155265624999