38 0.06796875 0.33984375 0.115625 0.325
67 0.15546875 0.8828125 0.06875 0.22890625
67 0.21953125 0.8859375 0.059375 0.22734375
15 0.29140625 0.8375 0.0859375 0.325
15 0.3765625 0.83515625 0.084375 0.3296875
15 0.58984375 0.80625 0.084375 0.30390625
15 0.66796875 0.83984375 0.07734375 0.3046875
80 0.74375 0.8546875 0.07578125 0.27734375
80 0.82109375 0.84921875 0.0796875 0.284375
945 0.90078125 0.8578125 0.08046875 0.27109375
945 0.9703125 0.8515625 0.059375 0.25390625
702 0.375 0.4859375 0.08671875 0.2171875
702 0.4578125 0.48984375 0.075 0.221875
702 0.53125 0.48984375 0.075 0.2203125
702 0.60546875 0.490625 0.07578125 0.21328125
702 0.6796875 0.4890625 0.07421875 0.2078125
702 0.75234375 0.48984375 0.0734375 0.2109375
702 0.828125 0.48828125 0.07734375 0.20546875
889 0.90703125 0.525 0.065625 0.1375
889 0.90703125 0.40234375 0.0625 0.1203125
889 0.971875 0.50078125 0.05625 0.16171875
651 0.3625 0.2109375 0.03671875 0.13125
651 0.4046875 0.21171875 0.03671875 0.13359375
651 0.4421875 0.209375 0.0375 0.11953125
651 0.53828125 0.2328125 0.02265625 0.08359375
651 0.51171875 0.22421875 0.02734375 0.0953125
651 0.48046875 0.20703125 0.0375 0.128125
38 0.5703125 0.21640625 0.040625 0.125
38 0.6046875 0.23359375 0.028125 0.08828125
38 0.63515625 0.22578125 0.0328125 0.1046875
842 0.96796875 0.16171875 0.0640625 0.23671875
842 0.903125 0.175 0.06640625 0.20859375
755 0.6703125 0.21875 0.03671875 0.12734375
755 0.70703125 0.21796875 0.0375 0.1234375
755 0.734375 0.21328125 0.02109375 0.096875
755 0.7703125 0.24296875 0.02734375 0.07890625
755 0.80390625 0.2421875 0.0265625 0.07890625
755 0.83046875 0.23984375 0.025 0.08046875