107 0.034123671875 0.14854829218750001 0.0439431703125 0.2179856671875 0.102277190625 0.21745561875 0.0931923953125 0.1453679625 0.034123671875 0.14854829218750001
107 0 0.1617997015625 0.033423935937499996 0.16338986718749998 0.0267298625 0.10561373593750001 0 0.106673853125 0 0.1617997015625
107 0.0360537453125 0.1665702171875 0.0003585625 0.1637874125 0 0.2206359484375 0.042986890625 0.2206359484375 0.0360537453125 0.1665702171875
107 0.20059050625000002 0.1083965203125 0.0962753765625 0.1028309328125 0.1092643078125 0.22235865625 0.20154682343750002 0.22553898593750002 0.21302233906249998 0.2170580921875 0.20059050625000002 0.1083965203125
107 0.21968236874999997 0.0365738890625 0.226274015625 0.1368870484375 0.283412665625 0.13953733125 0.276718590625 0.0420069734375 0.21968236874999997 0.0365738890625
107 0.2770531734375 0.044524734375 0.28221729687499997 0.1448378953125 0.3364870671875 0.146958128125 0.3333791015625 0.051547984375 0.2770531734375 0.044524734375
107 0.33452088125 0.054523053125 0.33719036875 0.14870592656249998 0.38710408281249997 0.15194345781250002 0.384581834375 0.0601151671875 0.33452088125 0.054523053125
107 0.22634331093750001 0.1387725765625 0.2324242375 0.23266113125 0.28778066562500004 0.23589866406249999 0.28247069687500004 0.1423044359375 0.22634331093750001 0.1387725765625
107 0.3364996234375 0.14848519375 0.28325267656249997 0.1435553 0.28751515156249996 0.23560434687499998 0.3392873453125 0.23913619531250002 0.3364996234375 0.14848519375
107 0.33618004687499997 0.14833802499999998 0.339378853125 0.24046065625000002 0.390221796875 0.2416379453125 0.3870358234375 0.1524585296875 0.33618004687499997 0.14833802499999998
107 0.385457253125 0.041278587500000005 0.3877576578125 0.1440703609375 0.44948605312499995 0.149956790625 0.44868955 0.049593171874999994 0.385457253125 0.041278587500000005
107 0.4498328625 0.0515798390625 0.4501777578125 0.1503246921875 0.5077909296875001 0.15650545 0.51031315625 0.058202071875000004 0.4498328625 0.0515798390625
107 0.38661866875 0.145394809375 0.38977686562499997 0.241858678125 0.4489830140625 0.245684865625 0.44911577031250005 0.1485587671875 0.38661866875 0.145394809375
107 0.4498328625 0.14980963125 0.45004501093749993 0.24391891875 0.50487043125 0.2465678171875 0.5068616687499999 0.15650545 0.4498328625 0.14980963125
107 0.5107242234375 0.058937874999999994 0.50745180625 0.15576964531249998 0.561082490625 0.16018446875 0.5654632187499999 0.066590234375 0.5107242234375 0.058937874999999994
107 0.5659744250000001 0.0662959125 0.5612152484374999 0.16018446875 0.612589190625 0.1631276828125 0.61736815 0.0724766703125 0.5659744250000001 0.0662959125
107 0.5071863125 0.1563582921875 0.50740589375 0.1564318640625 0.505593315625 0.2473036203125 0.5586930015625 0.24877522812500003 0.5609497343750001 0.16018446875 0.5071863125 0.1563582921875
107 0.561494678125 0.1608466875 0.5590871734375 0.24936388437499998 0.6076733937500001 0.24995251875000002 0.6121868593750001 0.163716328125 0.561494678125 0.1608466875
107 0.6180532359375001 0.07622926249999999 0.61327425625 0.1645257046875 0.65416101875 0.16835189374999998 0.66172771875 0.07946680625 0.6180532359375001 0.07622926249999999
107 0.6620400890625 0.08064408437500001 0.65469200625 0.1698235 0.694649528125 0.172178059375 0.7030127328125 0.0868248421875 0.6620400890625 0.08064408437500001
107 0.6550715953124999 0.168940528125 0.6128760140625 0.1651143625 0.6086280328125 0.25076190625 0.6487182921875 0.2534108046875 0.6550715953124999 0.168940528125
107 0.694393809375 0.17225164375 0.6550902578125 0.16923484375 0.64898380625 0.25076190625 0.6880120671875 0.2522335140625 0.694393809375 0.17225164375
107 0.7442493671875 0.182479321875 0.7281867140625 0.176887209375 0.69422789375 0.1774022703125 0.68836195 0.24840732656250003 0.6988491296875 0.2516448578125 0.73668265625 0.2534108046875 0.7442493671875 0.182479321875
107 0.9012436328125 0.23560434687499998 0.9181028 0.23560434687499998 0.9279262328125 0.1608466875 0.8924821968750001 0.1567261828125 0.892332215625 0.1593750796875 0.8822605109375001 0.2185336921875 0.8924821968750001 0.220888271875 0.8908892109375 0.2350157125 0.9012436328125 0.23560434687499998
107 0.886906734375 0.0905038609375 0.8274588578125 0.0894737296875 0.8237181 0.11905303593750001 0.8622153718750001 0.120230325 0.8809330203125001 0.12405650312500001 0.886906734375 0.0905038609375
107 0.8185408781250001 0.1508397640625 0.8554451640625 0.1531943328125 0.8768177859374999 0.1552545859375 0.881215809375 0.12516020781249998 0.86234811875 0.1208189703125 0.8226561015625 0.11758142812500001 0.8185408781250001 0.1508397640625
107 0.9478983937500001 0.1609938453125 0.9273406015625 0.1604787859375 0.9180298109375 0.2360458328125 0.935021725 0.2348685421875 0.9478983937500001 0.1609938453125
107 0.860808078125 0.3642964078125 0.8520268468750001 0.4222777515625 0.9002148156249999 0.4178629296875 0.907516021875 0.3589986234375 0.860808078125 0.3642964078125
107 0.9319418687500001 0.3484030546875 0.908312525 0.35164058593749997 0.907516021875 0.35870430625 0.9080942859375 0.3628248 0.9006130671875001 0.41462537499999996 0.9436238046875 0.4119765 0.9533145 0.359292940625 0.9319418687500001 0.3484030546875
107 0.8615847953125 0.3648850640625 0.81451736875 0.367239621875 0.8043698765625 0.42522096718749997 0.8524250984374999 0.42257206875 0.8615847953125 0.3648850640625
107 0.7270793640625001 0.357306271875 0.7223104984375001 0.395935965625 0.7450106125 0.3953473328125 0.7516480718749999 0.3553196046875 0.7270793640625001 0.357306271875
107 0.7715604546875 0.353847996875 0.751137259375 0.354730959375 0.7454088640625 0.3929927515625 0.7670469890625 0.39122682656249996 0.7715604546875 0.353847996875
107 0.7411608828125 0.4309602265625 0.74368311875 0.395053015625 0.7216467515625 0.395935965625 0.718195275 0.43066590937499993 0.7411608828125 0.4309602265625
107 0.7666487375 0.39093251093750003 0.74433468125 0.3937285546875 0.7404971359375 0.432137515625 0.7625335046874999 0.42948861875000005 0.7666487375 0.39093251093750003
107 0.7954369703124999 0.35289145 0.7895427374999999 0.39085892499999997 0.8105171171875 0.3899759515625 0.8167563265625001 0.3511255265625 0.7954369703124999 0.35289145
107 0.7892772328125 0.39174189843749996 0.7956028859375001 0.3525235484375 0.772019834375 0.35524602031249997 0.7673736124999999 0.39144755937500003 0.7892772328125 0.39174189843749996
107 0.7879707265625 0.39152114375 0.78330351875 0.427649109375 0.8044106453125 0.42529452812499996 0.810384359375 0.3879157109375 0.7879707265625 0.39152114375
107 0.78423276875 0.4285320828125 0.7878048093750001 0.39152114375 0.76657711875 0.3935078234375 0.7621964015625 0.4297093515625 0.78423276875 0.4285320828125
107 0.6615639625 0.429415034375 0.662227709375 0.3631927015625 0.6610329734375 0.355834665625 0.655191996875 0.35289145 0.59718059375 0.3546573859375 0.5966689796875 0.3661359171875 0.6052783046875 0.3779087765625 0.603021571875 0.43029800781249994 0.6615639625 0.429415034375
107 0.5900418640625 0.588863703125 0.597741321875 0.6003422453125 0.6511065015625 0.5915125999999999 0.655088978125 0.5850375140625 0.6569474796875 0.53529718125 0.6455310390625 0.5155776515625 0.591691484375 0.5276448265625 0.5907056093749999 0.5497189375 0.5919003546875 0.5567826578124999 0.5900418640625 0.588863703125
107 0.7100832953125 0.8479275875000001 0.726497453125 0.84332375625 0.7280795312499999 0.837623775 0.72089980625 0.8205238125 0.7039527031249999 0.8273199468750001 0.71037993125 0.8409122281249999 0.7100832953125 0.8479275875000001
107 0.6904060859375 0.8529698890624999 0.710281053125 0.8494622093749999 0.7109732203125 0.8424468328125 0.7029798875 0.8246343796875 0.68467101875 0.8268814921875001 0.6849676625 0.8387199265625 0.6904060859375 0.8529698890624999
107 0.6704322406250001 0.8312660968750001 0.6547814843750001 0.8051777 0.64600876875 0.814166134375 0.6615330015625001 0.8402545312499999 0.6704322406250001 0.8312660968750001
107 0.6741844312499999 0.8005190578124999 0.6823967718749999 0.8183315109375 0.6980198765625001 0.8084661531249999 0.6889228796875 0.790050821875 0.6741844312499999 0.8005190578124999
107 0.6945760640625 0.7975046421875 0.7015795781249999 0.8157007546875 0.71789484375 0.81087768125 0.7106765765625 0.7889546703125 0.6945760640625 0.7975046421875
107 0.6929769765625 0.85757371875 0.6849676625 0.8365276250000001 0.6840777375 0.8308276421875 0.6699378390625 0.8380622296875 0.6679602296875 0.851216040625 0.6697400734375 0.863712171875 0.6929769765625 0.85757371875
107 0.761050703125 0.8288545671875 0.750569378125 0.8102199999999999 0.7331664234375 0.8181122843749999 0.7330112 0.8205238125 0.7407802140624999 0.8382814562500001 0.7403846984375 0.8463929828125 0.7596663828125 0.8402545312499999 0.761050703125 0.8288545671875
107 0.7316832171875001 0.8157007546875 0.7312876937499999 0.8203045859375001 0.7491850515625 0.80978153125 0.740681334375 0.7929008125 0.724563828125 0.800135415625 0.7316832171875001 0.8157007546875
107 0.7166533937499999 0.8207430406249999 0.7206086109375 0.8196468890625 0.7215974140625 0.8220584343749999 0.731485459375 0.8192084359375 0.7309910562499999 0.8128507562499999 0.724267184375 0.8003546421875001 0.715862346875 0.8021084734375 0.718235478125 0.814385378125 0.715862346875 0.8146046046875 0.7166533937499999 0.8207430406249999
107 0.7154620390625 0.781884490625 0.7218940515625001 0.799258490625 0.7381104453125 0.794216190625 0.729903365625 0.7755816234374999 0.7154620390625 0.781884490625
107 0.74236230625 0.7977238703125 0.7552167640625 0.793558509375 0.755711165625 0.785008528125 0.746416403125 0.7690047171875001 0.730786659375 0.775033546875 0.7384070890625 0.794216190625 0.7404835765625 0.7939969640625 0.74236230625 0.7977238703125
107 0.7267391953125 0.8516545109375 0.7409779796875 0.8452968328124999 0.7410768578125 0.837623775 0.7337597046875 0.8233738125000001 0.7239894484375 0.8279228328125001 0.72792575625 0.837623775 0.727826878125 0.8439814546875001 0.7267391953125 0.8516545109375
107 0.7931089265625 0.8292382093749999 0.7938010859375 0.81718055 0.79132906875 0.8160843984374999 0.7811443875 0.8024921328125 0.7671033609375 0.8077536609375 0.765719040625 0.81454979375 0.7750137953125 0.8331843609374999 0.7931089265625 0.8292382093749999
107 0.766905603125 0.8064382828125 0.7804522203125 0.8005190578124999 0.7783757328124999 0.795696 0.7720473828125 0.79942290625 0.7630492640625001 0.787365246875 0.7571164390625 0.789776775 0.7566220359375 0.7963536812500001 0.7647302359375 0.814988246875 0.766905603125 0.8064382828125
107 0.761862703125 0.7715806703125 0.7646313499999999 0.7696076046875 0.7626537421874999 0.765003765625 0.7484149640625 0.7702652921875 0.7555343531250001 0.7849537171875001 0.76077501875 0.7812268109375 0.761862703125 0.7715806703125
107 0.7789690140625 0.7974498328124999 0.7802544625000001 0.7880229437499999 0.7884615421875 0.7845152640624999 0.7883626546875 0.7768421984375 0.777386928125 0.7630306984375 0.7616649375 0.7715806703125 0.7613683 0.7823229625 0.772640671875 0.79942290625 0.7789690140625 0.7974498328124999
107 0.8086331515625 0.810165190625 0.808929796875 0.7985459828125 0.796534225 0.780240265625 0.78055110625 0.788461396875 0.7795623015625 0.795696 0.7927133953125 0.8169613234374999 0.8086331515625 0.810165190625
107 0.7989428671875001 0.7779383578125 0.8174335046874999 0.7781575843749999 0.8179279078125001 0.7739922078125 0.8069154187500001 0.75557686875 0.7900436265625 0.7606191609375 0.786681690625 0.7663191515625 0.79409773125 0.7814460375000001 0.7989428671875001 0.7779383578125
107 0.80843539375 0.8079728875000001 0.8190155984375 0.8084113421874999 0.8227730578125 0.7869267921875001 0.819644740625 0.7785960390625 0.7987451078125 0.7783768125 0.7972619015625 0.7812268109375 0.8086331515625 0.798984453125 0.80843539375 0.8079728875000001
107 0.8182245515625001 0.7634691609375001 0.8271237906250001 0.758426859375 0.8265305015625 0.7450538203125 0.8151592515624999 0.7413269062500001 0.8038868875 0.7459307453124999 0.804282403125 0.7560153296875 0.8063588984375001 0.7560153296875 0.8182245515625001 0.7634691609375001
107 0.7820343125 0.763249925 0.7851984843750001 0.7669768390625 0.7906369078125 0.7593037828125 0.8038868875 0.7551384062500001 0.8039857749999999 0.753384565625 0.796287053125 0.74242305625 0.7790679 0.7479038109375 0.78292423125 0.750534575 0.7820343125 0.763249925
107 0.758500765625 0.7551384062500001 0.763939190625 0.765003765625 0.77758469375 0.763249925 0.7820343125 0.7643460765625 0.7828162171875 0.749822075 0.779166778125 0.7479038109375 0.76492799375 0.75250765 0.758500765625 0.7551384062500001
107 0.62298010625 0.8399228031250001 0.6242848249999999 0.8442619015625 0.6284785640624999 0.8535599390625 0.63938228125 0.8498407171875 0.6420849140625 0.830211525 0.639840765625 0.8237028953125 0.6236324625 0.8304181453125 0.62353926875 0.8343439859374999 0.62298010625 0.8399228031250001
107 0.869712815625 0.4846474515625 0.8742659828124999 0.4528998171875 0.8614025156249999 0.45573442656249996 0.8557770890624999 0.4874820609375 0.869712815625 0.4846474515625
107 0.8560327875 0.488899365625 0.85015164375 0.524898915625 0.863575975 0.5220643046875 0.8688178640625001 0.485214375 0.8560327875 0.488899365625
107 0.8498174703125001 0.5251823718749999 0.844398359375 0.55749693125 0.8587176421875 0.5555127125 0.8637038328125 0.5220643046875 0.8498174703125001 0.5251823718749999
107 0.8500238046874999 0.5223477625 0.85572985625 0.48904109375000004 0.8367273140625 0.490600128125 0.8319968390625 0.5243320015624999 0.8500238046874999 0.5223477625
107 0.8442705203124999 0.5580638437500001 0.84917829375 0.5255366984375 0.8302069265625001 0.52745006875 0.8238143890625 0.5617488453124999 0.8442705203124999 0.5580638437500001
107 0.8322525375 0.5251823718749999 0.8316009328125 0.52411939375 0.8367273140625 0.49258435624999997 0.8138420249999999 0.49258435624999997 0.8097508046874999 0.527733525 0.8322525375 0.5251823718749999
107 0.8239422375000001 0.560898453125 0.829683403125 0.526954003125 0.808600146875 0.5283004390625 0.8032304187499999 0.5645834562500001 0.8239422375000001 0.560898453125
107 0.8037418234375 0.5642999984375 0.8077915984375 0.5290799609375 0.7881440234375 0.5339696593750001 0.7831578421875001 0.567134609375 0.8037418234375 0.5642999984375
107 0.7892946828125 0.5328358328125 0.81066789375 0.525891025 0.814992684375 0.49201743281250004 0.7940251578125 0.497686653125 0.7892946828125 0.5328358328125
107 0.8149823375 0.491521378125 0.8190839140625 0.4591359609375 0.8001619984375001 0.4616871140625 0.7936416109375 0.49626934843750004 0.8149823375 0.491521378125
107 0.7721626781250001 0.4979701203125 0.7938973078125 0.4951355109375 0.8001619984375001 0.46112018906249996 0.77650960625 0.46480518125000003 0.7721626781250001 0.4979701203125
107 0.7715183171875 0.4989622296875 0.76819930625 0.5365208124999999 0.78942253125 0.5328358328125 0.7932580546875 0.49655281562500003 0.7715183171875 0.4989622296875
107 0.78341355 0.5660007609375 0.7874977359375 0.53297755 0.76730435625 0.5353869640625 0.7634688328125 0.57166998125 0.78341355 0.5660007609375
107 0.7685828640625 0.5362373546875 0.7719977 0.49967088125 0.7513230046875 0.503922796875 0.7460811265625 0.5402058140625 0.7685828640625 0.5362373546875
107 0.74978630625 0.5007338609375 0.7724183859375 0.4979701203125 0.7759982015625 0.4619705703125 0.7532407671875 0.466789409375 0.74978630625 0.5007338609375
107 0.7456316578125 0.5407727265625 0.7410949437500001 0.5756384390625 0.7637245296875 0.5702526765625 0.7666651015625 0.5356704421875 0.7456316578125 0.5407727265625
107 0.730291415625 0.46955315000000003 0.7257968124999999 0.5038519375 0.7488099593750001 0.501017328125 0.7522619265625 0.465017778125 0.730291415625 0.46955315000000003
107 0.7262965609375 0.5046314484375001 0.7226005437499999 0.542402640625 0.7461250859375 0.53956803125 0.7505998625 0.5041353953125001 0.7262965609375 0.5046314484375001
107 0.72262129375 0.542544359375 0.7174865125000001 0.5818037031250001 0.740883215625 0.5750006562500001 0.7453579921875 0.54183570625 0.72262129375 0.542544359375
107 0.7177422203125 0.5809533328125001 0.7218223234375001 0.542544359375 0.6970303906249999 0.54722146875 0.6940898296875 0.5832210078125 0.7177422203125 0.5809533328125001
107 0.70495714375 0.51235576875 0.7008659140625 0.5475049265624999 0.7224615 0.5407727265625 0.7266917734375 0.508103853125 0.7256689640625 0.503001546875 0.7031672312499999 0.5069700046875 0.70495714375 0.51235576875
107 0.700993771875 0.5475049265624999 0.705340690625 0.51178884375 0.7028068140625 0.50640308125 0.686290934375 0.5137730734375 0.6903821546875 0.54892223125 0.700993771875 0.5475049265624999
107 0.7053635218750001 0.4723877609375 0.7027836749999999 0.50583615625 0.7260525203125 0.5032850140625 0.7295044859375001 0.4681358453125 0.7053635218750001 0.4723877609375
107 0.8398667812499999 0.6871803390625 0.8410174484375 0.6792434218750001 0.8417845421875001 0.6625192296875 0.8367983703125 0.656850009375 0.8254196593750001 0.660535 0.8346249109375 0.67442459375 0.833346403125 0.687747253125 0.8398667812499999 0.6871803390625
107 0.81647010625 0.686046490625 0.8332185453125 0.6902984062499999 0.8338577984375 0.6749915078125001 0.8252918015624999 0.6599680765625 0.818643565625 0.66138538125 0.8162143890625 0.6681884499999999 0.8173650578125 0.6755584421874999 0.81647010625 0.686046490625
107 0.8195385171874999 0.6370077390625 0.8162143890625 0.6307715953125 0.8048356796875 0.621417384375 0.7871781484375 0.6300629421874999 0.7860416203125 0.6412596546875 0.8008722984375 0.657416934375 0.8195385171874999 0.6477792546875001 0.8195385171874999 0.6370077390625
107 0.7673754015625 0.6579838578125 0.767631109375 0.66790499375 0.7768363609375 0.676975746875 0.7972924921875 0.671589984375 0.7980595859374999 0.6599680765625 0.787703684375 0.6438108078125 0.7816946828125 0.64721233125 0.7814389859374999 0.649763484375 0.77338439375 0.6599680765625 0.7673754015625 0.6579838578125
107 0.7657133484374999 0.68151111875 0.7663526015625 0.6667711453125 0.7556131359375 0.6520311703125 0.7342862703125 0.655928759375 0.7318328953125001 0.66903883125 0.7435951625 0.68803073125 0.7657133484374999 0.68151111875
107 0.7314493390625 0.7036210859375001 0.7554852875 0.700786475 0.7566359359375 0.6900149484375 0.7544624765625 0.6849126421875 0.7437230109375 0.6874637953125 0.7325999984375 0.6710230593750001 0.7213491265624999 0.6747080515625 0.720837721875 0.68094420625 0.7276138171875 0.6956841687499999 0.7314493390625 0.7036210859375001
107 0.7323442906250001 0.6681884499999999 0.7332392515625 0.6557161609375 0.7443622640625 0.6540154 0.7368190671875 0.6409761984375 0.7304265296875 0.6457950265625 0.723899646875 0.6385667734375 0.7106096609375 0.6429604171875 0.7099704078125 0.653448475 0.7207098734375 0.6681884499999999 0.7323442906250001 0.6681884499999999
107 0.7281295359375 0.7064556953125 0.7285130828125 0.6988022359375 0.720384175 0.6807315968750001 0.6983403046875 0.68207804375 0.6982124562500001 0.6956841687499999 0.7054999453125 0.707589521875 0.7281295359375 0.7064556953125
107 0.6878565453125 0.6979518546875 0.6900300046875001 0.6653538390625 0.67340940625 0.671873440625 0.669446034375 0.6730072890625001 0.669318184375 0.7022037812499999 0.6878565453125 0.6979518546875
107 0.6630534953125 0.7407544734375 0.6842767203125 0.7367860140625 0.6882400921875 0.7056053046875 0.6854273796875 0.6979518546875 0.6689346296875 0.7039045421875 0.6640763062499999 0.7104241328125 0.6644598515625 0.714676046875 0.6630534953125 0.7407544734375
107 0.755772159375 0.687818121875 0.755388603125 0.700857334375 0.7761004328125 0.693770809375 0.7771232328125001 0.6835662078125 0.7677901328125001 0.66825931875 0.766404903125 0.6693931562500001 0.767278728125 0.680448140625 0.75423794375 0.6841331312500001 0.755772159375 0.687818121875
107 0.046410675 0.331725809375 0.0450569875 0.285039090625 0.000234946875 0.2840386640625 0.0005357734375 0.347065725 0.059345892187500006 0.35206787500000003 0.0758909390625 0.340729678125 0.075289309375 0.3303918984375 0.046410675 0.331725809375
107 0.069946175 0.3557361234375 0.0684420796875 0.3447314 0.065734715625 0.3447314 0.058815879687499996 0.350400490625 0.012188929687499999 0.34773268125 0.0064733640625000005 0.35606959531250004 0.016099574999999998 0.41742928749999997 0.068141265625 0.4114266984375 0.06347857343749999 0.364406509375 0.069946175 0.3557361234375
107 0.0618240703125 0.4257662015625 0.067539625 0.41442799375000006 0.014888743749999999 0.4156785296875 0.0078270515625 0.42609967187500003 0.01579875 0.48112330468750003 0.067539625 0.47245291875 0.0618240703125 0.4257662015625
107 0.1213803453125 0.41184354531249995 0.0685866078125 0.41584527812500005 0.062419807812500006 0.42751695781250004 0.06813537343750001 0.4768714734375 0.12453894375 0.4698684703125 0.1295024609375 0.46286546875 0.1213803453125 0.41184354531249995
107 0.18725971875 0.44685858281249996 0.1782351484375 0.40584098125 0.1732716296875 0.410509659375 0.1246744578125 0.41317745625 0.12273403281249999 0.42118089843749995 0.12965286874999998 0.4648663234375 0.17673105312499998 0.4631989390625 0.18725971875 0.44685858281249996
107 0.1741740953125 0.352818203125 0.123937303125 0.352818203125 0.1179068453125 0.3627391265625 0.1213803453125 0.41251051250000004 0.17447490937500001 0.40884227656250005 0.1795888234375 0.403840128125 0.1741740953125 0.352818203125
107 0.0687370140625 0.4148448390625 0.1210795203125 0.4135109265625 0.116868059375 0.36348945625 0.1233585328125 0.35273482968750003 0.0717452046875 0.35681992500000004 0.06347268125 0.3654903109375 0.0687370140625 0.4148448390625
107 0.09409663593749999 0.6020402781249999 0.011216271875 0.6131449765625 0.0228998875 0.6897766265625 0.1023753265625 0.6684849749999999 0.09343435 0.6060783484375001 0.09409663593749999 0.6020402781249999
107 0.18515695468749999 0.5736819703125 0.1070060984375 0.5802897265625 0.09440709375 0.6080973828125 0.10684052656250001 0.691520334375 0.1849913703125 0.6772035468750001 0.1755536671875 0.60158140625 0.18515695468749999 0.5736819703125
107 0.2522446390625 0.5695521203125 0.1856839640625 0.5732230984375 0.17573543593750002 0.6025909171875 0.183697084375 0.6796814390625 0.2515823546875 0.6649975296874999 0.2456216859375 0.592679275 0.2522446390625 0.5695521203125
107 0.2421446515625 0.5126519734375 0.237839721875 0.50567711875 0.19477413125 0.5126519734375 0.1982675734375 0.55523531875 0.26366925 0.5383488140625 0.2618479265625 0.5104493859375 0.2421446515625 0.5126519734375
107 0.1012114140625 0.8807592234375001 0.0917737109375 0.821289403125 0.10220486718749999 0.8018332125000001 0.098562234375 0.7812757312499999 0.03663761875 0.7944912578125 0.033152159375000004 0.8017414328125 0.0137884375 0.8418468703125 0.0245507375 0.9126967140625 0.092104853125 0.8965444375 0.1012114140625 0.8807592234375001
107 0.1742294703125 0.84625203125 0.1671098171875 0.7812757312499999 0.11075553906249999 0.78568090625 0.09127698437500001 0.8231248921875001 0.103363878125 0.895810225 0.1594934109375 0.8851643859375 0.1742294703125 0.84625203125
107 0.25787576093750003 0.7907285 0.26234625 0.760626484375 0.20139628593749997 0.77558571875 0.19247409843750002 0.8098175984375 0.20042164687500003 0.876996465625 0.263339703125 0.851299625 0.25787576093750003 0.7907285
107 0.209053153125 0.7448412859375 0.20240852812500001 0.7749433015625 0.2648298578125 0.7602593921875 0.2686380609375 0.7308915734375 0.209053153125 0.7448412859375
107 0.308405265625 0.58451135625 0.3087364078125 0.5624854921875 0.2531318734375 0.571387609375 0.24614950625 0.5947900890625 0.2517790203125 0.6682096359374999 0.31304133749999996 0.657930915625 0.308405265625 0.58451135625
107 0.3050744015625 0.5076043796875 0.3100593078125 0.5821252296874999 0.3668511359375 0.5747832749999999 0.3633740765625 0.499528228125 0.3050744015625 0.5076043796875
107 0.308385478125 0.5828594140625001 0.313370784375 0.6566460515625 0.36916916093749996 0.64636733125 0.36486425625 0.5736819703125 0.308385478125 0.5828594140625001
107 0.4215649609375 0.53376009375 0.398219040625 0.539266559375 0.3953012640625 0.49888580937500004 0.3637796921875 0.5018225890625 0.3674223109375 0.5748750406250001 0.4227239734375 0.5690014828125001 0.4215649609375 0.53376009375
107 0.4220616875 0.57157115625 0.366097715625 0.57414084375 0.36990591875 0.6464591109375 0.422227246875 0.6376487609375 0.4220616875 0.57157115625
107 0.479515803125 0.5642292015625 0.4217305203125 0.570469865625 0.42355184218749997 0.639851340625 0.4776944796875 0.6277371046875 0.479515803125 0.5642292015625
107 0.5318832109375 0.55578595625 0.479515803125 0.5609253296875 0.47968136093749997 0.6244332484374999 0.5296846796875 0.6152558046875 0.5318832109375 0.55578595625
107 0.4810059578125 0.5308233140625 0.479515803125 0.5579885515624999 0.532830571875 0.5546846671875 0.534987346875 0.48787287656249995 0.49458300624999996 0.4889741671875 0.49574204374999997 0.5264181390625 0.4810059578125 0.5308233140625
107 0.385351946875 0.383525365625 0.3856830890625 0.3666388625 0.3189395390625 0.3699427328125 0.3164732234375 0.3860950390625 0.31945355625 0.4624513765625 0.386510959375 0.4598816765625 0.385351946875 0.383525365625
107 0.320778153125 0.29248511875 0.322250615625 0.29285221093749997 0.325414225 0.36406917499999997 0.38866342343750004 0.36113239531249997 0.3875044125 0.29358640937499997 0.320778153125 0.29248511875
107 0.44552978750000005 0.3780188859375 0.4422183109375 0.36627175625 0.3897314125 0.3739808171875 0.391552734375 0.3846266421875 0.3920494609375 0.45878040000000003 0.44602651406250005 0.451071325 0.44552978750000005 0.3780188859375
107 0.49908599843749996 0.367373046875 0.49494665156249995 0.3563601140625 0.443287609375 0.3578285109375 0.44310494531250005 0.36627175625 0.4459367875 0.37838597812499997 0.4457712296875 0.44923583593750005 0.49875485468749997 0.4444635828125 0.49908599843749996 0.367373046875
107 0.5730439640625 0.5733148781249999 0.5708915 0.562301946875 0.5399539625 0.5622101671874999 0.5386046015625 0.607454978125 0.540260340625 0.6133285359375 0.5703947734375 0.613695628125 0.5730439640625 0.5733148781249999
107 0.5712226421875 0.59901171875 0.5896013484375 0.5968091390625 0.5922505140625 0.555327084375 0.587117740625 0.546149640625 0.5594669156250001 0.5490864203125 0.5626128078125 0.555327084375 0.5629245640625 0.5617512953125 0.570725915625 0.561934840625 0.5725472375 0.5703780984375 0.5712226421875 0.59901171875
107 0.2978513046875 0.79082028125 0.30050049687499997 0.7713641046874999 0.2975201625 0.753376309375 0.265233265625 0.7574143796875 0.2589262578125 0.7925639890625 0.2658955640625 0.8557965671875 0.29834803125 0.8477204281249999 0.2953676984375 0.8095422593749999 0.2978513046875 0.79082028125
107 0.33444313281250004 0.8356061921875 0.3322906671875 0.798529328125 0.33394640625 0.7878835015625001 0.3331185359375 0.7809086390625 0.29617588125 0.7930228609375 0.29520213906250004 0.8121119468750001 0.29834803125 0.84698624375 0.33444313281250004 0.8356061921875
107 0.370869375 0.816517121875 0.36871691093750003 0.7779718609375 0.3359088109375 0.78384541875 0.3331185359375 0.7977951296875 0.334608690625 0.8378088015625 0.36805462499999997 0.8341378234375 0.370869375 0.816517121875
107 0.372193971875 0.7273123765625 0.33839211874999997 0.7361227140625 0.33643001250000004 0.7596169734375 0.336926740625 0.77944024375 0.37169724375 0.7768705703125 0.372193971875 0.7273123765625
107 0.30050049687499997 0.7511737296875001 0.3026529609375 0.7739337765625 0.335436559375 0.7618195546875 0.336926740625 0.7541105078125 0.3372578828125 0.7408949812500001 0.33756434999999996 0.7196033171875 0.33676115625 0.7166665375 0.301328365625 0.726578178125 0.30050049687499997 0.7511737296875001
107 0.3971956046875 0.7647563328125 0.37285625625 0.7720982890625 0.36984735468749996 0.78384541875 0.37070379062500003 0.795959640625 0.3990169265625 0.7900860828125 0.39818905781249997 0.7743008828125 0.3971956046875 0.7647563328125
107 0.39421527031250003 0.7309833546875 0.3717098359375 0.7361227140625 0.3713661015625 0.77062990625 0.3971956046875 0.7658576390625 0.39421527031250003 0.7309833546875
107 0.4287594890625 0.731350446875 0.42693816562500003 0.7214388046875 0.3949824234375 0.733185934375 0.3957151484375 0.743923540625 0.39912177031249996 0.780174440625 0.4314086671875 0.7665918359375 0.4287594890625 0.731350446875
107 0.462205409375 0.7295149578125 0.46005294531249996 0.7214388046875 0.43048146249999997 0.728780759375 0.4314086671875 0.7750350671875 0.4618742421875 0.766958928125 0.462205409375 0.7295149578125
107 0.4317231171875 0.7760445921875 0.43256767968750004 0.8091751671875 0.4638611484375 0.802567396875 0.4628676953125 0.7676931125 0.4317231171875 0.7760445921875
107 0.43074636875000005 0.7665918359375 0.40028078125000005 0.7816428375 0.40127422187499995 0.814314540625 0.43256767968750004 0.8062383750000001 0.432070965625 0.7746679750000001 0.43074636875000005 0.7665918359375
107 0.543072596875 0.9091175171874999 0.5442316203125 0.89773749375 0.5404234171875 0.8709393484374999 0.5132584 0.8797496984375 0.5124414374999999 0.8911297234375001 0.5159184859375 0.9182949609375 0.543072596875 0.9091175171874999
107 0.484625040625 0.9359156625 0.511282425 0.9219659375000001 0.5117791390625 0.9050794484375 0.5039459953125001 0.8847972921875 0.4780020875 0.8948007 0.4784988015625 0.9138897984375 0.484625040625 0.9359156625
107 0.5367807984375 0.8624961171875001 0.52850210625 0.8434070328125 0.50601541875 0.8540528593750001 0.5109512703125 0.8859903765625001 0.513434878125 0.8793826078125001 0.5366152140625 0.8702051640624999 0.5367807984375 0.8624961171875001
107 0.47866437343749996 0.8826864921875 0.48032011093750004 0.8922310265625001 0.5053217703125 0.88452198125 0.5081365203125 0.8925981203125 0.5084676625 0.8815851875 0.50229045625 0.8540528593750001 0.482141434375 0.86433160625 0.4824725765625 0.876812934375 0.47866437343749996 0.8826864921875
107 0.48032011093750004 0.8481793 0.4826381484375 0.8635973937499999 0.50201029375 0.8540528593750001 0.5023414359375 0.8463438125 0.49835855156250003 0.8292737625 0.47866437343749996 0.8386347515624999 0.47816765937500005 0.8478121937499999 0.48032011093750004 0.8481793
107 0.5291643921875 0.8393689484375001 0.5228725937500001 0.8191785749999999 0.4998071484375 0.8306503781250001 0.5054873421875 0.8624961171875001 0.50648078125 0.8522173703125 0.5291643921875 0.8452425203124999 0.5291643921875 0.8393689484375001
107 0.4500969296875 0.9224812921875 0.447730753125 0.8926738234375 0.4221329921875 0.9029275875 0.42396140937500004 0.9310658374999999 0.4240689609375 0.9389349953125 0.44945161718750004 0.93058890625 0.4500969296875 0.9224812921875
107 0.47773820312500004 0.91294290625 0.4746191546875 0.8876661734375 0.4488746328125 0.8942834234375001 0.45041959374999996 0.9224812921875 0.4503120328125 0.9293966093750001 0.4754795859375 0.9253428015624999 0.47773820312500004 0.91294290625
107 0.42245565625000003 0.9217659062499999 0.397610775 0.9320196796875001 0.39819610625 0.9422734359374999 0.3986863109375 0.96826554375 0.423423640625 0.9570579468749999 0.42363874375000005 0.9317812062499999 0.42245565625000003 0.9217659062499999
107 0.3720130140625 0.9778039312500001 0.3980409828125 0.96826554375 0.3983636484375 0.9425118906250001 0.3973895515625 0.9321388984375 0.37158279843750003 0.9415580671875 0.3719054625 0.9532425765625 0.3720130140625 0.9778039312500001
107 0.37271817500000004 0.865847109375 0.3731929078125 0.8701393812499999 0.373686159375 0.896131490625 0.3988537046875 0.886593103125 0.398208375 0.8567856421875 0.37271817500000004 0.865847109375
107 0.287361290625 1 0.31037775624999997 0.9840634984375001 0.31080797968749996 0.9664174781250001 0.3081191390625 0.9447176515625 0.2740246421875 0.963794425 0.2747775140625 0.9943172718750001 0.275315290625 1 0.287361290625 1
107 0.26369949843749996 1 0.2661732265625 0.990263446875 0.26520525 0.9728559000000001 0.23143341718750002 0.9869250078125 0.227744190625 1 0.26369949843749996 1
107 0.2770361390625 0.935894640625 0.2774663625 0.926833175 0.2749926265625 0.9258793328125 0.27337932187499997 0.9161024890625 0.24898346718750003 0.923494734375 0.245738040625 0.94495610625 0.246490921875 0.9587867765625001 0.2778965703125 0.9475791687499999 0.2770361390625 0.935894640625
107 0.2523441125 0.9044179609375 0.25079306562500003 0.921825515625 0.27370197812499997 0.9141948125000001 0.27176601875 0.8998872328124999 0.2523441125 0.9044179609375
107 0.312525003125 0.949367615625 0.313923203125 0.912406365625 0.283934175 0.9318408234375 0.281011803125 0.9600982921875 0.308760628125 0.9438830359375 0.3090832921875 0.9536598890624999 0.312525003125 0.949367615625
107 0.22502689375 0.9772103921875 0.2349199359375 0.9580180578125 0.2347825453125 0.9418721046874999 0.208003715625 0.917043903125 0.19438592500000001 0.9433953078125 0.19273708750000001 0.9531438031249999 0.2213170046875 0.9836078374999999 0.22502689375 0.9772103921875
107 0.201805721875 1 0.207301859375 0.984826403125 0.20579041406249998 0.9720315140625001 0.1743250375 0.9650247734375 0.1609487125 1 0.201805721875 1
107 0.20482859375 0.9205472734375 0.1844762140625 0.9269447187500001 0.1762486765625 0.9589319656249999 0.1932867140625 0.9546669953125001 0.19452333593749999 0.9427860234375001 0.20482859375 0.9205472734375
107 0.13860013437500002 0.9668526125 0.13942456406249998 0.9793428890625 0.1421726328125 0.9784289578124999 0.1443710859375 0.968071178125 0.1664930453125 0.9616737343749999 0.1671800625 0.9692897453124999 0.1751494453125 0.9647201390625 0.17597387343749998 0.9592366015625 0.184647946875 0.925421515625 0.184355490625 0.924507596875 0.146981753125 0.93608393125 0.13860013437500002 0.9668526125
107 0.159760265625 1 0.16800447031250001 0.9793428890625 0.1664930453125 0.9616737343749999 0.1444622890625 0.9692135796875 0.14134820312500002 0.9799521609375 0.13612687968749998 1 0.159760265625 1
107 0.341001734375 0.9399681015624999 0.31224600156250004 0.9497927515625 0.310635578125 0.98383633125 0.311185184375 0.9987637171875001 0.34072692031249996 0.9859688046875 0.341001734375 0.9399681015624999
107 0.37136788906249996 0.960379003125 0.3712304890625 0.9256499984375001 0.3421276453125 0.93570313125 0.3411391359375 0.9676903781249999 0.3422383671875 0.9817038328125 0.37191750625000003 0.972259984375 0.37136788906249996 0.960379003125
107 0.370955675 0.9165107859375 0.3711506203125 0.8732518390624999 0.34429941875000003 0.8817817703124999 0.34292538437500003 0.9122458140624999 0.3440246046875 0.9253453625000001 0.370955675 0.9165107859375
107 0.3146602328125 0.9131597453125 0.31287399374999997 0.9280871203125001 0.313973215625 0.9430145062499999 0.3425531328125 0.92991496875 0.3417287140625 0.91620615 0.3433297796875 0.8869606593749999 0.3255151046875 0.8936627515625 0.3253777046875 0.9064576531249999 0.3146602328125 0.9131597453125
107 0.5526935796875 0.6734838640625 0.5474722453124999 0.66160289375 0.522276175 0.6729507453125 0.5213655937499999 0.7072989609375 0.523976271875 0.7176567406250001 0.5524187765625 0.7076035968750001 0.5526935796875 0.6734838640625
107 0.5220526109375 0.7185706484375001 0.5219327078125 0.7422564484375 0.5471974421875 0.7347166015625 0.5485714765624999 0.7082128921875 0.5220526109375 0.7185706484375001
107 0.5499455109375 0.7465975828125 0.547884459375 0.7350212375 0.5217778078124999 0.7414186828125 0.522276175 0.7472068546874999 0.522877040625 0.7554321609375 0.5226022375 0.7819358703125 0.54925849375 0.7764523328124999 0.5499455109375 0.7465975828125
107 0.49319938125 0.6823946078125 0.4904513125 0.6735600296875 0.45993688437499997 0.6839939625 0.45953555156250003 0.7174282468750001 0.46187140624999995 0.7262628234374999 0.49306199062499995 0.7183421765625 0.49319938125 0.6823946078125
107 0.49416122187499995 0.7262628234374999 0.49264977656250003 0.7171236109375 0.4621694203125 0.7274052265625001 0.4628332265625 0.73266026875 0.463245440625 0.768303215625 0.49484823906250003 0.76221040625 0.49416122187499995 0.7262628234374999
107 0.463199821875 0.7689124875 0.46352024218750004 0.8039461375 0.4940238109375 0.79541621875 0.49374900781250003 0.761296475 0.463199821875 0.7689124875
107 0.5231533328125 0.7552036671875 0.520954890625 0.7503294234375 0.49411186718750005 0.7559652671875 0.49361159531250004 0.7951115609375 0.522603728125 0.7859723468750001 0.5231533328125 0.7552036671875
107 0.5220541015625 0.7189514484374999 0.51958085625 0.7092029640625 0.49239453125 0.7190276140625 0.49416122187499995 0.726567459375 0.4942986125 0.7552036671875 0.522466315625 0.7500247890625 0.5220541015625 0.7189514484374999
107 0.5217792984375 0.6790435546875 0.518756428125 0.6650300984374999 0.49067719531250004 0.673331546875 0.49306199062499995 0.684831728125 0.49333679375 0.7183421765625 0.5216419078125 0.707375125 0.5217792984375 0.6790435546875
107 0.6026955953125 0.707832090625 0.5948636046875 0.6865072609375 0.5698561734375 0.6919907734375 0.5679325234375 0.7063088890625 0.574253090625 0.7282429921875 0.6003597421875 0.72428265625 0.6026955953125 0.707832090625
107 0.5698561734375 0.6929047046875 0.5934895703125 0.6895536640625 0.5933521578125001 0.6858979656249999 0.588955253125 0.6697520234375001 0.5857949703124999 0.6706659421875 0.58400873125 0.6679241859375 0.5628053015625001 0.669142740625 0.5606501484375 0.683765490625 0.5651844546875 0.700520715625 0.5684821390625 0.702348553125 0.5698561734375 0.6929047046875
107 0.4598141734375 0.72336875 0.4592645484375 0.683765490625 0.45610427500000006 0.6770634 0.4261053671875 0.6847555625 0.42560070781250003 0.7108784953125 0.42807397343750003 0.7276337203125001 0.4598141734375 0.72336875