910 0.25234375 0.2859375 0.05390625 0.34296875
910 0.3046875 0.2890625 0.0515625 0.34609375
671 0.19296875 0.29765625 0.059375 0.4
671 0.1328125 0.290625 0.0625 0.40625
671 0.11875 0.75859375 0.0515625 0.328125
671 0.165625 0.753125 0.0484375 0.325
671 0.2140625 0.7515625 0.05390625 0.32421875
671 0.2609375 0.74921875 0.04375 0.32890625
910 0.48125 0.7546875 0.0421875 0.32734375
910 0.52265625 0.7390625 0.03828125 0.2921875
910 0.56171875 0.7375 0.040625 0.29296875
910 0.603125 0.75703125 0.040625 0.3234375
910 0.63984375 0.79921875 0.0328125 0.234375
910 0.67421875 0.79765625 0.028125 0.23203125
910 0.4015625 0.74609375 0.04296875 0.34140625
910 0.43984375 0.746875 0.034375 0.33203125
910 0.30078125 0.790625 0.03125 0.25546875
910 0.3328125 0.79296875 0.0328125 0.24921875
910 0.36328125 0.78828125 0.0296875 0.24296875
910 0.56171875 0.32421875 0.05390625 0.37734375
910 0.3578125 0.3078125 0.04921875 0.38046875
910 0.40703125 0.3140625 0.05625 0.39609375
910 0.45859375 0.2953125 0.0453125 0.34765625
910 0.50703125 0.2984375 0.05390625 0.34453125
910 0.6140625 0.33359375 0.0515625 0.38984375
910 0.66171875 0.32890625 0.0484375 0.37578125
910 0.71171875 0.31328125 0.0484375 0.3546875
910 0.7625 0.33828125 0.0515625 0.35859375
910 0.803125 0.365625 0.0328125 0.33828125