426 0.57109375 0.2796875 0.31953125 0.0578125
426 0.190625 0.2765625 0.32109375 0.08828125
426 0.2234375 0.11484375 0.3375 0.09296875
426 0.553125 0.11796875 0.25859375 0.08125
426 0.6640625 0.4890625 0.33515625 0.04921875
426 0.62890625 0.46484375 0.3234375 0.034375
426 0.5234375 0.33203125 0.2546875 0.06015625
426 0.21796875 0.03203125 0.3015625 0.0640625
426 0.5546875 0.20703125 0.29375 0.04609375
426 0.2140625 0.1890625 0.28125 0.0625
426 0.23125 0.3453125 0.28984375 0.03125
426 0.2609375 0.3984375 0.28671875 0.0546875
426 0.55 0.39375 0.23984375 0.05234375
426 0.46875 0.03984375 0.1703125 0.0453125
426 0.45078125 0.00625 0.1078125 0.0125
426 0.25859375 0.4609375 0.25234375 0.0171875
426 0.290625 0.48125 0.29375 0.01875
426 0.28671875 0.51171875 0.28515625 0.021875
426 0.32890625 0.5453125 0.2875 0.03515625
426 0.33515625 0.57265625 0.290625 0.028125
426 0.35546875 0.60546875 0.340625 0.028125
426 0.36953125 0.6578125 0.39765625 0.046875
426 0.38984375 0.73828125 0.43515625 0.06484375
426 0.3953125 0.8015625 0.46484375 0.04921875
426 0.434375 0.8859375 0.471875 0.0546875
426 0.59296875 0.9796875 0.3578125 0.040625
426 0.91953125 0.94765625 0.16015625 0.0671875
426 0.88671875 0.8609375 0.2265625 0.0578125
426 0.8703125 0.7640625 0.259375 0.046875
426 0.84453125 0.6984375 0.3109375 0.03125
426 0.821875 0.6484375 0.35625 0.0625
426 0.7828125 0.58515625 0.3703125 0.046875
426 0.7203125 0.54765625 0.33359375 0.05234375