635 0.46875 0.609375 0.0390625 0.07109375
635 0.50859375 0.5875 0.034375 0.096875
607 0.55234375 0.57890625 0.04375 0.08828125
607 0.628125 0.5234375 0.0265625 0.07578125
635 0.6796875 0.54296875 0.02578125 0.07734375
607 0.75546875 0.88984375 0.0234375 0.10703125
607 0.7265625 0.921875 0.0234375 0.09765625
635 0.69765625 0.95390625 0.0296875 0.08515625
635 0.6609375 0.9640625 0.034375 0.07109375
234 0.61484375 0.9703125 0.04609375 0.05859375
809 0.16796875 0.45 0.053125 0.10859375
635 0.4859375 0.19140625 0.04140625 0.12265625
635 0.440625 0.1953125 0.0390625 0.10234375
635 0.38984375 0.18984375 0.03203125 0.0953125
635 0.30625 0.0578125 0.05390625 0.1109375
635 0.24921875 0.05078125 0.0484375 0.1015625
635 0.1953125 0.04609375 0.053125 0.090625
635 0.08359375 0.13828125 0.06953125 0.12734375
635 0.1546875 0.1546875 0.05625 0.11875
635 0.21484375 0.16171875 0.05 0.11875
635 0.27421875 0.1734375 0.046875 0.109375
635 0.321875 0.17734375 0.04140625 0.1109375