142 0.59609375 0.19765625 0.15078125 0.26328125
142 0.38828125 0.16015625 0.12890625 0.2296875
142 0.40078125 0.49765625 0.12109375 0.2234375
142 0.575 0.47265625 0.115625 0.19140625
142 0.59140625 0.775 0.1078125 0.20625
142 0.41328125 0.81328125 0.12421875 0.19453125
142 0.58671875 0.91796875 0.11640625 0.084375
635 0.709375 0.759375 0.075 0.11171875
234 0.796875 0.7625 0.0828125 0.10703125
5 0.87109375 0.74765625 0.05390625 0.13671875
5 0.9328125 0.74140625 0.05546875 0.13359375
635 0.71171875 0.40546875 0.059375 0.13828125
635 0.77890625 0.40234375 0.059375 0.13828125
635 0.84921875 0.40546875 0.0609375 0.14140625
635 0.90625 0.409375 0.05390625 0.1359375
635 0.9546875 0.4 0.04296875 0.13828125
635 0.82421875 0.25390625 0.0625 0.12890625
608 0.696875 0.06484375 0.05078125 0.0890625
608 0.7703125 0.05703125 0.071875 0.11328125
608 0.84921875 0.05546875 0.071875 0.11015625
608 0.92578125 0.05234375 0.07265625 0.1046875
932 0.1109375 0.75234375 0.08515625 0.0984375
932 0.11171875 0.85 0.08203125 0.0890625
191 0.31953125 0.8390625 0.04921875 0.1140625
584 0.07578125 0.4453125 0.07890625 0.13984375
584 0.01328125 0.41875 0.0265625 0.196875
584 0.1984375 0.35703125 0.09296875 0.059375