661 0.12890625 0.2796875 0.08359375 0.11640625
661 0.2171875 0.26328125 0.09296875 0.15625
661 0.303125 0.28828125 0.07265625 0.10625
661 0.0421875 0.25625 0.084375 0.159375
661 0.38515625 0.27421875 0.0875 0.140625
661 0.4625 0.296875 0.06640625 0.10390625
992 0.5390625 0.3015625 0.06875 0.0984375
839 0.797588834375 0.357042371875 0.8553787328125001 0.35863496875 0.8903000984375 0.2704444125 0.8399711046875 0.2678564296875 0.8302585125 0.285773246875 0.797588834375 0.357042371875
839 0.9039359046875 0.3606257265625 0.9481342078124999 0.27343054843750003 0.8911830500000001 0.27024533906250003 0.8549815000000001 0.35863496875 0.9039359046875 0.3606257265625
107 0.151118859375 0.4051689265625 0.000110346875 0.40218279062500006 0 0.4513545109375 0.15685810625000002 0.4521508015625 0.151118859375 0.4051689265625
107 0.1518515125 0.4051689265625 0.15641663125 0.44996097187500006 0.35243466875 0.4505582046875 0.3542005703125 0.4081550625 0.1518515125 0.4051689265625
107 0.1402640046875 0.3894917109375 0.142922565625 0.4040242390625 0.3464458015625 0.4084039078125 0.3490946875 0.3902880171875 0.1402640046875 0.3894917109375
107 0.356012353125 0.40939928593749997 0.3535095078125 0.4522005734375 0.5296608203125001 0.452598734375 0.5362830515625 0.41139004375 0.356012353125 0.40939928593749997
107 0.3515980640625 0.39222900312500003 0.350860621875 0.40780668281250004 0.5367245609375 0.41139004375 0.5380490203125 0.3964593625 0.3515980640625 0.39222900312500003
107 0.65533940625 0.4156701765625 0.6209037921875 0.409697903125 0.5361392515625 0.41188773437500004 0.530399971875 0.4493139734375 0.5502666640625 0.4560825515625 0.6438608796875 0.45488809999999996 0.65533940625 0.4156701765625
107 0.7810445968749999 0.418954921875 0.7479334093750001 0.41357988125 0.663908971875 0.4133808015625 0.6494828984375001 0.44801998593750003 0.67641333125 0.4555848625 0.768683053125 0.455385790625 0.7810445968749999 0.418954921875
107 0.87640468125 0.4183576953125 0.8353468359375 0.4129826484375 0.759367959375 0.414625025 0.7845764 0.41855677656249995 0.768683053125 0.4561820890625 0.8605113671875 0.45578393593750005 0.87640468125 0.4183576953125
107 0.9474609359375 0.4561323234375 0.9642373015624999 0.41910422968749994 0.9169987015625001 0.4151227140625 0.8542751609374999 0.4151227140625 0.880355678125 0.41950238281249996 0.8613719359375 0.45493786406250003 0.86534528125 0.45692862187500005 0.9474609359375 0.4561323234375
107 0.6643813875 0.4123356578125 0.7601830140625 0.4149236421875 0.76636376875 0.4003911140625 0.710295528125 0.399395734375 0.7116199875 0.3798863046875 0.6745354890625 0.3788909265625 0.67100361875 0.39720589687499996 0.6634984375 0.3991966546875 0.6643813875 0.4123356578125
107 0.202436559375 0.559303334375 0.20111210000000002 0.5366086953125 0.2055269203125 0.5242659984375 0.1980217390625 0.518293725 0.11149122812500001 0.51749741875 0.10310309687500001 0.526455828125 0.10795939218749999 0.5616922375 0.202436559375 0.559303334375
107 0.55392903125 0.48410246562500003 0.3583525015625 0.487088603125 0.3610013875 0.5239176171875 0.5662905421875 0.520533328125 0.5715883125000001 0.4928617953125 0.55392903125 0.48410246562500003
107 0.568449984375 0.521130553125 0.3583525015625 0.5239176171875 0.3610013875 0.55357990625 0.562758671875 0.5488020859375 0.568449984375 0.521130553125
107 0.7583352359375 0.491269190625 0.7446493328125 0.4854959984375 0.73935149375 0.49445440625000003 0.6386936390625 0.497639615625 0.641342490625 0.48450061875 0.561875721875 0.48489876406250004 0.558517834375 0.48579460625 0.572029821875 0.4920654953125 0.5662905421875 0.5209314796875 0.7521545140625 0.51794534375 0.7583352359375 0.491269190625
107 0.752194740625 0.5181444171875 0.5724713312499999 0.521130553125 0.5667320515625 0.5497974640625001 0.741558903125 0.5440242640624999 0.752194740625 0.5181444171875
107 0.7556863828125 0.5428298125000001 0.8342701343750001 0.5458159499999999 0.8487572999999999 0.5141629015625 0.8302968234374999 0.5052044921875 0.76275005625 0.5042091140625 0.74773969375 0.5334732515625 0.7556863828125 0.5428298125000001
107 0.8991312984375 0.5409467625 0.9154602703125001 0.51051236875 0.8864309859375 0.5011856984375 0.826558084375 0.50282195625 0.8472414390624999 0.5114941203125001 0.8490557687500001 0.5137848828125 0.83381540625 0.542419384375 0.8991312984375 0.5409467625
107 0.97859894375 0.50871248125 0.9492067703125 0.49971306406249993 0.8867377718749999 0.5009402578125 0.9150973828125 0.5096942390625 0.89985701875 0.5384923765625 0.9644471890625 0.5391468703125 0.97859894375 0.50871248125
107 0.3531594578125 0.64407189375 0.3556565828125 0.6404312156249999 0.35497378749999997 0.616746390625 0.2653458515625 0.6169100140625 0.2653458515625 0.644890021875 0.3531594578125 0.64407189375
107 0.44242453125000003 0.6187099015624999 0.43226427031250003 0.6115103640624999 0.3564252296875 0.6139647515625 0.3570171671875 0.6156828203125 0.3567881171875 0.6218187859375 0.35497378749999997 0.6421083828125 0.4427873640625 0.6398176203125 0.44242453125000003 0.6187099015624999
107 0.5277659546875 0.6155600999999999 0.520508634375 0.6096695750000001 0.43886376875 0.612287584375 0.440466303125 0.6152737562499999 0.4439439 0.6206325015624999 0.442855290625 0.639940340625 0.527040234375 0.6361769484375001 0.5277659546875 0.6155600999999999
107 0.606498259375 0.6330271546875 0.6097640875 0.613719309375 0.5985152171875 0.6068470328125 0.523915440625 0.6111831125 0.529933525 0.617319078125 0.5263048640625 0.6354815406250001 0.5313849937499999 0.6374450453125 0.606498259375 0.6330271546875
107 0.6817860796875 0.6288546921875 0.6850519078125 0.6105286125 0.6745287578125 0.6036563296875 0.6078181046875 0.60709246875 0.604495625 0.6095468546875 0.6113900578125 0.6147828796875 0.6084871453125 0.6322908375 0.6817860796875 0.6288546921875
107 0.7529078515625 0.6259094296875001 0.7627052234375 0.60823785 0.7485534687500001 0.601529196875 0.6790219875 0.6042290171875 0.68650335 0.6103649828125 0.6836004109375 0.62869106875 0.7529078515625 0.6259094296875001
107 1 0.5793579046875 0.9935594609375 0.5787033984375001 0.933686559375 0.5818122906250001 0.9329608390624999 0.5883573171875 0.935863778125 0.5893390765625 0.9213491359375 0.610610425 0.942032490625 0.61813720625 1 0.616991825 1 0.5793579046875
107 0.871014315625 0.6875963484375001 0.8829888515625001 0.664852359375 0.865571325 0.65339855625 0.8104156390625 0.6565074484375 0.8104156390625 0.6542166843749999 0.731631225 0.65843005 0.7480026859375 0.674179028125 0.7392939234375 0.6923414859375 0.7447369140625 0.6951231296875 0.871014315625 0.6875963484375001
107 0.5988647390625 0.678269671875 0.5923331375 0.6990501515624999 0.5981390171875 0.70215903125 0.7353023734375 0.69626850625 0.7490912953125 0.6728700234375 0.7289100578125 0.65843005 0.5905188078125 0.6623979734375001 0.5887044765625 0.6679612515625 0.5988647390625 0.678269671875
107 0.4400524203125 0.7105448515624999 0.44368108125 0.7134901203124999 0.5917304484375 0.70301806875 0.599713490625 0.67896508125 0.5837474046875 0.6640751390624999 0.44041530937499995 0.671929175 0.4356980390625 0.6743835609375 0.4440439703125 0.6881281265625 0.4400524203125 0.7105448515624999
107 0.27785129999999997 0.7234712875 0.43860097812500004 0.7136537421875 0.444769690625 0.6905825140624999 0.4356980390625 0.6724200515625001 0.273114503125 0.6807240593749999 0.2742226390625 0.696800296875 0.27494836093749997 0.7223259125 0.27785129999999997 0.7234712875
107 0.27245073125 0.6968411999999999 0.2717250109375 0.681296753125 0.0975991984375 0.6915642656250001 0.092469140625 0.7105857609374999 0.09972646093750001 0.735293246875 0.27462795 0.7220395625 0.27245073125 0.6968411999999999
107 0.264604565625 0.616789975 0.25830084062499997 0.6095415578125001 0.20787103906249998 0.6132368328125 0.21102290156249998 0.614658090625 0.213544378125 0.6206273640625 0.2170114453125 0.6483418750000001 0.265550134375 0.6440781046875 0.264604565625 0.616789975
107 0.21102290156249998 0.6507580078124999 0.21291401406250002 0.648057628125 0.21039251406249998 0.6157950890625 0.161198334375 0.61650571875 0.15523491875 0.62432263125 0.1612234625 0.651042265625 0.21102290156249998 0.6507580078124999
107 0.159029325 0.6543111500000001 0.16249639375 0.6507580078124999 0.1561926671875 0.6253175171875001 0.15839896250000002 0.616789975 0.1403197609375 0.6189929171874999 0.14862816875 0.6334186765625 0.1029261609375 0.6369718203125 0.10576284218750001 0.6560166640625 0.159029325 0.6543111500000001
832 0.764933553125 0.327018290625 0.7543899953125 0.34190154375000004 0.7470553375 0.3551311109375 0.796517253125 0.356888159375 0.8396554921874999 0.2670718203125 0.779602903125 0.2650047015625 0.7718098015625 0.29001685 0.764933553125 0.327018290625