828 0.13515625 0.3265625 0.11796875 0.20703125
828 0.24296875 0.35 0.08125 0.16328125
828 0.33203125 0.340625 0.0828125 0.1640625
480 0.41171875 0.36875 0.06875 0.11015625
480 0.596875 0.30546875 0.11015625 0.2234375
480 0.684375 0.36484375 0.05625 0.109375
480 0.75546875 0.32890625 0.075 0.16796875
480 0.83671875 0.3078125 0.0765625 0.203125
480 0.90625 0.3578125 0.0546875 0.103125
480 0.971875 0.33046875 0.05625 0.1453125
58 0.96875 0.60390625 0.0625 0.09609375
58 0.89453125 0.5890625 0.084375 0.14453125
58 0.7640625 0.55390625 0.05390625 0.12109375
58 0.821875 0.546875 0.053125 0.12109375
58 0.759375 0.65078125 0.0546875 0.0640625
58 0.82109375 0.64453125 0.04921875 0.06171875
58 0.68984375 0.55 0.08125 0.075
58 0.6875 0.6375 0.078125 0.0875
58 0.6046875 0.553125 0.08203125 0.08046875
58 0.6015625 0.6484375 0.08359375 0.09375
58 0.5 0.6203125 0.11328125 0.16953125
58 0.39375 0.68046875 0.08828125 0.1796875
58 0.2109375 0.56953125 0.1375 0.10390625
253 0.3078125 0.71484375 0.078125 0.13671875
253 0.096875 0.73046875 0.115625 0.16875
253 0.21171875 0.71796875 0.09921875 0.1703125
167 0.0375 0.97109375 0.0703125 0.0578125
167 0.134375 0.94375 0.078125 0.1125
167 0.234375 0.92890625 0.10546875 0.06796875
167 0.328125 0.965625 0.07265625 0.06796875
167 0.4140625 0.95703125 0.08515625 0.0734375
167 0.49140625 0.95390625 0.06171875 0.06484375
169 0.5734375 0.92265625 0.08515625 0.07890625
169 0.66015625 0.91796875 0.07734375 0.0734375
169 0.94609375 0.9 0.06015625 0.1296875
166 0.74140625 0.89453125 0.06875 0.0703125
166 0.803125 0.88828125 0.0484375 0.06796875
166 0.87109375 0.91484375 0.06953125 0.121875