762 0.0859375 0.4046875 0.06640625 0.15234375
762 0.015625 0.41171875 0.03125 0.13671875
762 0.07734375 0.58671875 0.06640625 0.0796875
762 0.13515625 0.6328125 0.03671875 0.08203125
269 0.01640625 0.7265625 0.0328125 0.13125
269 0.053125 0.746875 0.03046875 0.1203125
269 0.090625 0.759375 0.0390625 0.125
648 0.04765625 0.87578125 0.0421875 0.1046875
648 0.090625 0.896875 0.0328125 0.109375
648 0.12734375 0.9125 0.034375 0.10703125
648 0.17109375 0.94453125 0.04140625 0.08828125
648 0.0125 0.8625 0.01875 0.09765625
483 0.9546875 0.90859375 0.084375 0.1828125
483 0.85625 0.853125 0.1 0.24140625
483 0.76171875 0.83046875 0.08046875 0.25
483 0.68359375 0.83984375 0.0640625 0.175
483 0.22734375 0.71640625 0.05234375 0.16796875
483 0.2875 0.73203125 0.065625 0.153125
483 0.35234375 0.76328125 0.05390625 0.1296875
483 0.51875 0.7984375 0.059375 0.15625
483 0.57421875 0.8265625 0.040625 0.13203125
483 0.62265625 0.8625 0.0421875 0.08828125
483 0.428125 0.771875 0.0328125 0.11015625
931 0.390625 0.54765625 0.04765625 0.15078125
931 0.44609375 0.5578125 0.05234375 0.1453125
931 0.5390625 0.5625 0.053125 0.1546875
931 0.59375 0.58671875 0.05 0.12890625
931 0.490625 0.5921875 0.028125 0.07421875
163 0.73828125 0.24375 0.1390625 0.20625
163 0.5765625 0.25546875 0.0578125 0.13125
828 0.5046875 0.2578125 0.06875 0.0625
828 0.34921875 0.28984375 0.0546875 0.10859375
828 0.29375 0.29609375 0.04140625 0.10859375
828 0.2515625 0.30078125 0.03203125 0.1
828 0.2125 0.29921875 0.034375 0.09765625
828 0.17265625 0.3046875 0.0328125 0.10859375