844 0.228125 0.39921875 0.153125 0.10390625
844 0.06953125 0.39296875 0.1390625 0.10078125
844 0.5171875 0.415625 0.13125 0.08359375
844 0.63984375 0.43203125 0.11015625 0.06875
844 0.74921875 0.4375 0.09765625 0.06796875
844 0.26640625 0.2796875 0.15 0.103125
844 0.0921875 0.2671875 0.17734375 0.1109375
844 0.409375 0.30625 0.12265625 0.08203125
844 0.53125 0.315625 0.10859375 0.0734375
844 0.9359375 0.34921875 0.09375 0.0625
844 0.8390625 0.3421875 0.0921875 0.059375
844 0.6421875 0.3265625 0.10625 0.06953125
844 0.74921875 0.33515625 0.09609375 0.0640625
844 0.84921875 0.44140625 0.08984375 0.0609375
844 0.93828125 0.44921875 0.07890625 0.06328125
147 0.284375 0.5484375 0.1046875 0.07734375
147 0.0484375 0.546875 0.09375 0.08984375
147 0.60234375 0.5484375 0.09609375 0.07734375
147 0.6890625 0.5515625 0.075 0.06875
147 0.76953125 0.553125 0.08203125 0.065625
147 0.8453125 0.553125 0.059375 0.0671875
147 0.16171875 0.546875 0.1375 0.0859375
147 0.396875 0.55 0.1109375 0.0796875
147 0.50234375 0.55078125 0.096875 0.075
844 0.37890625 0.4078125 0.13515625 0.09453125
260 0.528125 0.1609375 0.1296875 0.16640625
260 0.87485251875 0.1504298375 0.7476639546875 0.130776140625 0.728096546875 0.22984676718750002 0.8499484484375 0.24709389062499998 0.87485251875 0.1504298375
260 0.7209810515624999 0.22744019375 0.7414379984374999 0.134787109375 0.626058528125 0.11835617812499999 0.5884559874999999 0.213000753125 0.7209810515624999 0.22744019375
260 0.9683242328125001 0.2575223640625 0.9967859703125 0.1756988609375 0.8828417 0.14863395937499999 0.8384673781249999 0.244286209375 0.9683242328125001 0.2575223640625
260 0.24765625 0.66796875 0.13515625 0.1
260 0.0734375 0.67109375 0.146875 0.1109375
260 0.390625 0.6796875 0.1328125 0.07734375
260 0.53515625 0.6734375 0.12734375 0.06640625
260 0.65625 0.66875 0.1078125 0.06484375
260 0.76328125 0.6640625 0.1015625 0.06484375
260 0.85859375 0.66484375 0.090625 0.059375
941 0.3984375 0.8890625 0.1375 0.10859375
941 0.2203125 0.90390625 0.19140625 0.1296875
941 0.06171875 0.91328125 0.1234375 0.1453125
941 0.5421875 0.87734375 0.13671875 0.11875
941 0.68125 0.865625 0.13671875 0.1109375
941 0.8 0.8453125 0.0953125 0.07734375
941 0.87109375 0.83125 0.08203125 0.08984375
941 0.3453125 0.1 0.19609375 0.196875
941 0.11484375 0.09609375 0.22890625 0.1875