635 0.0546875 0.1578125 0.07265625 0.13984375
635 0.12578125 0.1703125 0.06328125 0.1265625
635 0.18828125 0.1828125 0.05546875 0.1171875
635 0.2453125 0.190625 0.053125 0.1125
635 0.296875 0.2 0.04609375 0.10234375
635 0.33359375 0.20625 0.021875 0.096875
635 0.3890625 0.215625 0.01640625 0.09296875
635 0.16875 0.05234375 0.05625 0.10234375
635 0.2265625 0.06015625 0.0484375 0.11796875
635 0.28125 0.07890625 0.053125 0.11171875
635 0.653125 0.565625 0.02421875 0.0796875
635 0.3640625 0.21171875 0.03125 0.0953125
635 0.41875 0.21796875 0.034375 0.09609375
635 0.46015625 0.2140625 0.04140625 0.11484375
635 0.4453125 0.63359375 0.0390625 0.07734375
635 0.63359375 0.978125 0.034375 0.04296875
234 0.53046875 0.028125 0.01796875 0.0546875
234 0.5609375 0.0375 0.03671875 0.07421875
234 0.56796875 0.16171875 0.034375 0.09375
234 0.59765625 0.1671875 0.02421875 0.09375
234 0.634375 0.178125 0.03203125 0.08828125
234 0.5640625 0.25078125 0.028125 0.06953125
234 0.59296875 0.253125 0.02421875 0.06796875
234 0.6296875 0.25859375 0.03046875 0.06328125
234 0.65703125 0.265625 0.01953125 0.0640625
234 0.678125 0.5625 0.01640625 0.06640625
234 0.715625 0.54609375 0.015625 0.0671875
234 0.7296875 0.540625 0.009375 0.071875
234 0.58984375 0.98359375 0.04375 0.0328125
809 0.1375 0.47109375 0.04375 0.10390625
635 0.48515625 0.60859375 0.03046875 0.103125
607 0.525 0.59765625 0.03828125 0.0921875
607 0.6015625 0.55078125 0.03046875 0.078125
607 0.6984375 0.95 0.02109375 0.09453125
607 0.7265625 0.9171875 0.02109375 0.09921875
607 0.69921875 0.878125 0.02109375 0.03828125
607 0.67265625 0.903125 0.01875 0.02890625
635 0.66796875 0.9671875 0.02578125 0.065625
635 0.6421875 0.92109375 0.0296875 0.04375
635 0.6015625 0.94375 0.03671875 0.02734375
234 0.12109375 0.95625 0.0421875 0.0875
607 0.25625 0.896875 0.04453125 0.15390625
607 0.30703125 0.86796875 0.0453125 0.14765625
607 0.390625 0.83125 0.034375 0.13359375
607 0.34921875 0.85 0.03359375 0.14296875
800 0.43359375 0.83125 0.0328125 0.090625
800 0.4640625 0.81875 0.02265625 0.08125
800 0.4875 0.80703125 0.01796875 0.07734375
800 0.50859375 0.79453125 0.01875 0.07265625
800 0.5296875 0.78984375 0.0203125 0.07734375
800 0.5515625 0.76796875 0.015625 0.07734375
800 0.5703125 0.7640625 0.0171875 0.0796875
800 0.60625 0.74140625 0.0140625 0.0625
800 0.62265625 0.7390625 0.01328125 0.0640625
800 0.61015625 0.675 0.021875 0.0609375
800 0.5875 0.75234375 0.0125 0.0703125