842 0.55625 0.07734375 0.0515625 0.1296875
842 0.49453125 0.0921875 0.0609375 0.12421875
842 0.60390625 0.08984375 0.0390625 0.1
842 0.6515625 0.0921875 0.0515625 0.09453125
842 0.70078125 0.103125 0.0421875 0.10078125
842 0.753125 0.10859375 0.0484375 0.11796875
842 0.79609375 0.11796875 0.0359375 0.08359375
842 0.8359375 0.128125 0.0390625 0.0875
842 0.8875 0.12578125 0.04375 0.0984375
842 0.934375 0.134375 0.04375 0.0859375
842 0.4921875 0.26015625 0.0453125 0.1125
842 0.5390625 0.2578125 0.0390625 0.10625
842 0.6953125 0.26796875 0.03984375 0.09921875
842 0.7390625 0.2703125 0.0453125 0.103125
842 0.64609375 0.265625 0.04140625 0.09921875
842 0.59453125 0.2625 0.05078125 0.11484375
842 0.7890625 0.6234375 0.0640625 0.10078125
842 0.71796875 0.61953125 0.0625 0.10390625
842 0.6609375 0.61875 0.0515625 0.1109375
842 0.60625 0.61484375 0.046875 0.10703125
842 0.54921875 0.62265625 0.04609375 0.1140625
842 0.54765625 0.77109375 0.04296875 0.09609375
842 0.59453125 0.77265625 0.0421875 0.103125
842 0.63671875 0.771875 0.040625 0.0953125
842 0.6875 0.7671875 0.04921875 0.10390625
842 0.74140625 0.7640625 0.053125 0.084375
702 0.79453125 0.27890625 0.059375 0.1234375
702 0.8453125 0.2921875 0.0375 0.09921875
702 0.8890625 0.29296875 0.03828125 0.09765625
702 0.6640625 0.47109375 0.04296875 0.1
842 0.53125 0.915625 0.0359375 0.0671875
842 0.48828125 0.91640625 0.03828125 0.07578125
842 0.4515625 0.9140625 0.03359375 0.07109375
842 0.39609375 0.92109375 0.03203125 0.05703125
842 0.36015625 0.9265625 0.03828125 0.053125
842 0.3234375 0.9234375 0.03046875 0.06328125
842 0.284375 0.92578125 0.03984375 0.05625
842 0.24375 0.9234375 0.0390625 0.0609375
842 0.0890625 0.92421875 0.0421875 0.0609375
842 0.1265625 0.91953125 0.0296875 0.06796875
842 0.178125 0.91484375 0.0359375 0.04453125
280 0.09375 0.09140625 0.0484375 0.1140625
280 0.13359375 0.0875 0.0328125 0.1078125
280 0.1734375 0.0890625 0.0390625 0.1078125
280 0.20859375 0.0921875 0.0296875 0.11171875
280 0.246875 0.09453125 0.0375 0.11796875
280 0.2953125 0.09296875 0.0421875 0.1140625
280 0.3375 0.09609375 0.03828125 0.11640625
280 0.378125 0.09921875 0.03828125 0.115625
280 0.40546875 0.4671875 0.025 0.0796875
280 0.375 0.46875 0.0234375 0.07578125
280 0.34921875 0.46875 0.02734375 0.0765625
280 0.32109375 0.471875 0.0296875 0.07578125
280 0.29296875 0.46875 0.02734375 0.071875
280 0.26328125 0.4671875 0.0234375 0.07421875
280 0.23828125 0.4671875 0.02734375 0.071875
280 0.209375 0.46328125 0.0328125 0.078125
280 0.17734375 0.4640625 0.03125 0.08203125
280 0.14765625 0.4578125 0.02734375 0.06640625
280 0.465625 0.63515625 0.0265625 0.06484375
280 0.440625 0.6296875 0.0234375 0.05546875
280 0.41640625 0.6359375 0.02265625 0.06875
280 0.39140625 0.6359375 0.0265625 0.0671875
280 0.3625 0.63359375 0.028125 0.0625
280 0.31796875 0.63046875 0.021875 0.06796875
280 0.2796875 0.6375 0.02890625 0.0703125
280 0.05 0.57890625 0.0328125 0.05859375
280 0.07890625 0.584375 0.0234375 0.05234375
280 0.1109375 0.584375 0.03671875 0.0484375
280 0.165625 0.58046875 0.03046875 0.05078125
280 0.19453125 0.6375 0.01953125 0.0625
280 0.221875 0.640625 0.03203125 0.06796875
280 0.25078125 0.6421875 0.02109375 0.0640625
280 0.1671875 0.64140625 0.02578125 0.06015625
280 0.140625 0.6375 0.028125 0.06328125
280 0.1109375 0.6375 0.02421875 0.06328125
280 0.1453125 0.26484375 0.040625 0.1046875
280 0.1859375 0.26875 0.0328125 0.10078125
280 0.22265625 0.2703125 0.0359375 0.10625
280 0.2609375 0.27109375 0.0359375 0.115625
280 0.30078125 0.26953125 0.03671875 0.11640625
280 0.33984375 0.2703125 0.03515625 0.11875
280 0.37578125 0.27265625 0.0359375 0.1140625
280 0.41953125 0.28046875 0.0359375 0.11484375