144 0.16484375 0.484375 0.075 0.215625
144 0.33828125 0.4828125 0.07265625 0.215625
144 0.421875 0.50234375 0.07890625 0.1953125
144 0.50625 0.51484375 0.0765625 0.175
144 0.7796875 0.52421875 0.084375 0.21953125
144 0.68828125 0.50703125 0.0828125 0.2546875
144 0.5953125 0.503125 0.0734375 0.2015625
144 0.81953125 0.1515625 0.0890625 0.19375
144 0.62421875 0.14453125 0.0859375 0.18828125
144 0.525 0.14140625 0.0828125 0.1875
144 0.68046875 0.846875 0.08125 0.2
144 0.76484375 0.840625 0.0890625 0.1984375