543 0.659375 0.45234375 0.10859375 0.196875
543 0.77109375 0.453125 0.0765625 0.20234375
543 0.86171875 0.46484375 0.07734375 0.19609375
543 0.95703125 0.48046875 0.0859375 0.1671875
543 0.88984375 0.80234375 0.1546875 0.1296875
844 0.42734375 0.6171875 0.10703125 0.0796875
844 0.30546875 0.66484375 0.10078125 0.06953125
844 0.31484375 0.58359375 0.109375 0.08046875
844 0.20703125 0.6375 0.08359375 0.09375
844 0.22109375 0.56640625 0.0671875 0.05625
844 0.09765625 0.60078125 0.034375 0.0703125
940 0.30859375 0.85234375 0.11171875 0.09765625
940 0.19765625 0.8046875 0.09453125 0.07890625
940 0.11484375 0.77734375 0.0375 0.08359375
940 0.0546875 0.74765625 0.034375 0.07421875
205 0.12421875 0.92734375 0.03984375 0.084375
205 0.1546875 0.94296875 0.03203125 0.0796875
205 0.19296875 0.9609375 0.0375 0.078125
205 0.509375 0.41171875 0.171875 0.06640625
205 0.36015625 0.41328125 0.0953125 0.06171875
205 0.4859375 0.48984375 0.16875 0.07890625
205 0.3484375 0.48046875 0.0921875 0.0703125
844 0.96171875 0.20390625 0.07578125 0.12734375
844 0.86328125 0.20859375 0.08203125 0.11328125
844 0.8796875 0.08046875 0.07890625 0.1296875
844 0.79140625 0.09765625 0.07421875 0.12421875
844 0.78125 0.221875 0.0703125 0.11328125
844 0.7015625 0.1125 0.071875 0.11796875
844 0.7 0.2328125 0.06953125 0.1078125
844 0.63125 0.1203125 0.06796875 0.11953125
844 0.6265625 0.23984375 0.0625 0.1046875
844 0.56328125 0.13359375 0.0609375 0.11328125
844 0.56015625 0.24453125 0.059375 0.0953125
844 0.50234375 0.0453125 0.05625 0.090625
844 0.50234375 0.1484375 0.05625 0.10234375
844 0.5 0.2515625 0.0546875 0.0828125
844 0.44765625 0.059375 0.05 0.09765625
844 0.44140625 0.16171875 0.04765625 0.103125
844 0.44140625 0.25703125 0.04921875 0.0890625
844 0.38984375 0.0765625 0.059375 0.09921875
844 0.3921875 0.1703125 0.04140625 0.0796875
844 0.38828125 0.2625 0.0484375 0.08828125
844 0.2203125 0.20390625 0.053125 0.090625
844 0.21875 0.2828125 0.05 0.06875
844 0.56953125 0.6296875 0.13046875 0.08828125
844 0.565625 0.72421875 0.140625 0.10390625
844 0.42109375 0.6953125 0.1140625 0.0765625
844 0.74765625 0.646875 0.1828125 0.1125