892 0.50078125 0.2640625 0.92109375 0.13984375
892 0.490625 0.0875 0.96171875 0.15
892 0.50078125 0.36875 0.74921875 0.0671875
892 0.43203125 0.44609375 0.603125 0.053125
892 0.4921875 0.5109375 0.80078125 0.06640625
892 0.44921875 0.625 0.56875 0.0390625
892 0.45625 0.665625 0.53984375 0.0375
892 0.475 0.69375 0.5859375 0.02421875
892 0.53046875 0.73671875 0.5234375 0.03984375
892 0.5390625 0.76953125 0.403125 0.03125
892 0.46796875 0.796875 0.503125 0.03203125
892 0.47421875 0.8421875 0.48984375 0.04765625
892 0.4703125 0.87890625 0.3875 0.03359375
892 0.48984375 0.9078125 0.425 0.03828125
892 0.48671875 0.95078125 0.3765625 0.03828125