51 0.25508403125 0.24187998593749999 0.25508403125 0.24800370312500003 0.2699901484375 0.24759544687499999 0.2676184734375 0.1194788234375 0.236313353125 0.11001593125 0.2376015453125 0.24147172968750003 0.25508403125 0.24187998593749999
51 0.2144142375 0.24147172968750003 0.2144142375 0.2377975078125 0.2385216765625 0.2402470203125 0.235408546875 0.11080615 0.20834138124999999 0.105933453125 0.21165384375000001 0.24187998593749999 0.2144142375 0.24147172968750003
51 0.21183788125 0.24351296875 0.2068797546875 0.1046842625 0.1790812171875 0.101442725 0.1847860265625 0.24269646875 0.21183788125 0.24351296875
51 0.3555307828125 0.0919779640625 0.3557356296875 0.0103051765625 0.34025660625 0.006654184374999999 0.33933647499999997 0.0891202265625 0.3555307828125 0.0919779640625
51 0.32461438125000003 0.08381300781249999 0.3237557734375 0.007244232812499999 0.30934021718750004 0.0070624171875 0.309524240625 0.0801387859375 0.32461438125000003 0.08381300781249999
214 0.48315100624999996 0.275955953125 0.4834691609375 0.2685449421875 0.495877365625 0.2713681703125 0.4974446390625 0.1575252328125 0.47122004375 0.1542035140625 0.46931109375 0.2745443265625 0.48315100624999996 0.275955953125
214 0.46931109375 0.2748972265625 0.47079439843750004 0.15399723125 0.44497192500000005 0.1503215578125 0.4438583734375 0.272426896875 0.46931109375 0.2748972265625
214 0.4390344296875 0.271279015625 0.44412496875 0.2709261140625 0.4449203671875 0.147762075 0.4186872109375 0.1442952296875 0.41692237656250003 0.2603389484375 0.43967075 0.2603389484375 0.4390344296875 0.271279015625
818 0.4038778625 0.263868003125 0.40451417031250003 0.259633146875 0.41580882499999994 0.2603389484375 0.4180905640625 0.1451772296875 0.389242540625 0.14035105 0.3890834640625 0.26210347500000003 0.4038778625 0.263868003125
818 0.37175619531250004 0.255237775 0.3718679609375 0.2599487671875 0.3886330421875 0.2611885015625 0.3883435375 0.1404198578125 0.358679434375 0.134735634375 0.35935004375 0.2535021359375 0.37175619531250004 0.255237775
818 0.3349848015625 0.25647750937499997 0.33532010625 0.2490391046875 0.35912650468749996 0.25375009843749996 0.35802166562500004 0.133603359375 0.328614078125 0.129280803125 0.3308494203125 0.2557336609375 0.3349848015625 0.25647750937499997
818 0.3302905859375 0.2515185734375 0.32872584374999997 0.12680133437500002 0.29944285000000004 0.125313653125 0.30067228749999997 0.249534990625 0.3302905859375 0.2515185734375
818 0.30018445 0.25027809843750004 0.2982163125 0.12430813437499999 0.268219046875 0.1178745140625 0.270342625 0.24755068750000003 0.30018445 0.25027809843750004
818 0.35721078125 0.008586190625 0.3562683671875 0.091308515625 0.371888109375 0.0957509765625 0.37268911875 0.009863396875 0.35721078125 0.008586190625
818 0.38724085 0.0160828390625 0.3732336921875 0.011917040625 0.37268911875 0.096047146875 0.38710735 0.0998973 0.38724085 0.0160828390625
818 0.40219309062499997 0.016971334375 0.3879083609375 0.013713539062499999 0.3875078609375 0.10019343750000001 0.402326590625 0.10167425781249999 0.40219309062499997 0.016971334375
818 0.4174214703125 0.106568625 0.417632484375 0.0218378984375 0.4024767890625 0.018777921875 0.4022282234375 0.0183269625 0.4023337296875 0.10235550625 0.4174214703125 0.106568625
818 0.4327202234375 0.0230082125 0.41784350625 0.020433526562500002 0.4175269765625 0.1061005078125 0.4328257390625 0.11031362656249999 0.4327202234375 0.0230082125
818 0.43781602656249996 0.1100190359375 0.4380270484375 0.0980818390625 0.44667875468749996 0.098784025 0.4474173125 0.03090581875 0.4333846671875 0.0264586328125 0.4331736453125 0.0264586328125 0.4331736453125 0.10814654531250001 0.43781602656249996 0.1100190359375
818 0.46218853125 0.0323102015625 0.4474173125 0.02903331875 0.44699528437499997 0.0978477796875 0.4609224296875 0.10018840625 0.46218853125 0.0323102015625
818 0.4708402359375 0.11516842812500001 0.4749550671875 0.115636546875 0.476010153125 0.0339486421875 0.46275860937499996 0.0313550359375 0.46123894375 0.0999543390625 0.4704182078125 0.101124653125 0.4708402359375 0.11516842812500001
818 0.4897832828125 0.040618553125 0.47659470312499996 0.036639484374999996 0.4752230953125 0.1159867703125 0.489677784375 0.1176252015625 0.4897832828125 0.040618553125
51 0.518354325 0.1582248 0.497910846875 0.15676181718749999 0.496372078125 0.26746044375 0.51703539375 0.2689234171875 0.518354325 0.1582248
51 0.540815078125 0.1612973734375 0.5205213296875 0.15796254375000002 0.5171390312499999 0.27718253125 0.5379965015625 0.28010048906249996 0.540815078125 0.1612973734375
51 0.549604446875 0.3016703125 0.5650126640625001 0.30125345000000003 0.566891715625 0.295000653125 0.5683949625 0.184534590625 0.550168153125 0.1816166234375 0.5456584421875 0.2837456171875 0.5499802515625001 0.28541306718750004 0.549604446875 0.3016703125
51 0.5879371015625 0.295000653125 0.5918831078125 0.1891199921875 0.5734877859374999 0.18450651875 0.56971029375 0.1887031203125 0.5674554374999999 0.296251209375 0.5879371015625 0.295000653125
51 0.594305403125 0.2959936890625 0.594305403125 0.303283903125 0.60745028125 0.30406500625 0.6101496796875 0.1921079671875 0.5915004609375 0.18844804531249998 0.591840740625 0.1889835875 0.588437153125 0.2959936890625 0.594305403125 0.2959936890625
51 0.6288107171874999 0.19575308281249998 0.6102819796875 0.1926777140625 0.6073329171874999 0.3030235421875 0.6257592203125 0.30640829687500004 0.6288107171874999 0.19575308281249998
51 0.64582864375 0.310313775 0.649232221875 0.197054909375 0.63155791875 0.1936537921875 0.62904544375 0.19627381093750002 0.6259939640625001 0.307970484375 0.64582864375 0.310313775
51 0.6618874375 0.3118759625 0.6670514984375 0.1988774625 0.6507796296875 0.197558103125 0.6494467484374999 0.20043966562499999 0.6455737078125 0.3092723109375 0.6618874375 0.3118759625
51 0.6652910234375 0.3118759625 0.6652910234375 0.30406500625 0.6816047703125 0.30640829687500004 0.68465625 0.2014811140625 0.6688274953125 0.1991848984375 0.6670514984375 0.2007000203125 0.6620048093750001 0.3118759625 0.6652910234375 0.3118759625
51 0.6910587375 0.3030235421875 0.6917629265625 0.3150003375 0.7006826640625 0.3139588921875 0.7034994265625001 0.2046055 0.6870220921875 0.20146241250000002 0.684721025 0.2030433171875 0.6820216265625 0.30510647031250004 0.6910587375 0.3030235421875
51 0.7172311296875 0.314739975 0.7211041781249999 0.208250615625 0.706243803125 0.2040652859375 0.703734153125 0.2072091515625 0.7006826640625 0.3129174265625 0.7172311296875 0.314739975
51 0.7336622296875001 0.3160418015625 0.73800473125 0.209812803125 0.7225309015625 0.2076442375 0.72098680625 0.21033353593749998 0.7172311296875 0.3144796140625 0.7336622296875001 0.3160418015625
51 0.7503078578125 0.3191661953125 0.7542247140625 0.2138260625 0.7388060828125 0.2108542671875 0.7335246578125 0.3160418015625 0.7503078578125 0.3191661953125
135 0.7320418390625 0.459803353125 0.74364264375 0.459803353125 0.7471078234374999 0.368559325 0.736561634375 0.3675566515625 0.7320418390625 0.459803353125
135 0.736321559375 0.368876534375 0.7260154453125 0.36789086718749997 0.71953706875 0.460471809375 0.731740525 0.46013757499999997 0.736321559375 0.368876534375
135 0.7259619749999999 0.36804121562500003 0.7120040765625 0.3652170515625 0.7079362640625 0.460471809375 0.7202903671875001 0.46080603125 0.7259619749999999 0.36804121562500003
135 0.6949795203125 0.46080603125 0.708256503125 0.45909090468749997 0.7117027609375 0.365551275 0.6984446906249999 0.36254324375 0.6949795203125 0.46080603125
135 0.6845839890625001 0.46247716875 0.696013359375 0.46284983593750006 0.6984446906249999 0.3648828234375 0.68699454375 0.36287745937500004 0.6845839890625001 0.46247716875
135 0.6728325171875 0.4618087109375 0.6847119937499999 0.4624321765625 0.6868438859375 0.3652170515625 0.67494175625 0.36421437968750003 0.6728325171875 0.4618087109375
135 0.674711075 0.36505069687499997 0.6611674859375001 0.3630293078125 0.657987834375 0.4603054484375 0.672752503125 0.46063969531250004 0.674711075 0.36505069687499997
135 0.646099 0.4578379265625 0.6581384921875 0.4586343125 0.66100103125 0.36304532031250003 0.648496259375 0.3610399609375 0.646099 0.4578379265625
135 0.647878984375 0.3616772453125 0.636004025 0.36036904999999997 0.63322260625 0.4592193625 0.6458433765625 0.45899357343749997 0.647878984375 0.3616772453125
135 0.635876778125 0.36065120624999997 0.6207036140625 0.358290365625 0.6181591046875 0.4594451515625 0.6330190484375 0.4594451515625 0.635876778125 0.36065120624999997
135 0.6031149953125 0.458315178125 0.6181894984375 0.4596877984375 0.6205194406250001 0.35851514687499997 0.6071862109375 0.35716039374999997 0.6031149953125 0.458315178125
51 0.5278348671875001 0.6168985359375 0.5370446453125 0.6228421187500001 0.5609900718749999 0.6209847374999999 0.5644437625000001 0.5227890000000001 0.5542920515625 0.5113993171875 0.5333607390624999 0.5143711359375 0.5278348671875001 0.6168985359375
51 0.5854378437500001 0.6194988421875001 0.5879496015625 0.5247724609375 0.578237465625 0.51474260625 0.561094196875 0.517218525 0.5648414265625 0.5236580359375 0.5609900718749999 0.621356221875 0.5854378437500001 0.6194988421875001
51 0.5449096703125 0.46139722499999997 0.5467516359375 0.34883998437499997 0.5269924703125 0.34698260468750003 0.5246481609375 0.4580539359375 0.5449096703125 0.46139722499999997
51 0.5271798390625 0.3459264453125 0.508070559375 0.3454966953125 0.505391353125 0.443566365625 0.5251505171875 0.4428234265625 0.5271798390625 0.3459264453125
51 0.4916604171875 0.4428234265625 0.505391353125 0.43985160624999997 0.5075011390624999 0.3440696203125 0.48680435 0.343639315625 0.4851298453125 0.4573109671875 0.49149296875 0.4554535875 0.4916604171875 0.4428234265625
51 0.361855553125 0.8500088625 0.3611857484375 0.9517932796874999 0.3834566578125 0.949564428125 0.3825204515625 0.8384492015625 0.36972572187499997 0.8388645828125 0.36955828749999997 0.8466655734374999 0.361855553125 0.8500088625
51 0.3380775734375 0.9562510078124999 0.3616881046875 0.954393628125 0.3615856625 0.8491259437500001 0.36101830156250003 0.8481514828125001 0.33774267812500003 0.8529806671875001 0.3380775734375 0.9562510078124999
51 0.315136859375 0.8552095187500001 0.314132159375 0.9614516500000001 0.33774267812500003 0.9584798593749999 0.33707287343750003 0.8529806671875001 0.33439366718749997 0.8448081921874999 0.31764861718750004 0.8462941031250001 0.315136859375 0.8552095187500001
51 0.290521640625 0.9655379078124999 0.3149694125 0.9610801796875 0.315136859375 0.85780988125 0.315529128125 0.8458764999999999 0.29236359375 0.8500088625 0.2903541796875 0.8637534640625001 0.290521640625 0.9655379078124999
51 0.2668537921875 0.966456325 0.28761765625 0.9675707359375 0.29079920625 0.9645989453125001 0.28962705781250003 0.856870890625 0.289961953125 0.8557564640624999 0.2668537921875 0.8583567999999999 0.2668537921875 0.966456325
51 0.2529553953125 0.852413175 0.24642482187499998 0.8531561296874999 0.243913065625 0.8669007453124999 0.244415421875 0.9701710859375 0.26635143437500003 0.9671992656249999 0.2668537921875 0.8594712250000001 0.26735613593749996 0.8583567999999999 0.25362519843750003 0.86058565 0.2529553953125 0.852413175
51 0.22080490312499998 0.8620715593750001 0.22264685625 0.9723999359375 0.24491776562499998 0.969428115625 0.2442479734375 0.856870890625 0.24458286875000002 0.8546420390625 0.22298175156250002 0.856127934375 0.22080490312499998 0.8620715593750001
51 0.20724001093750002 0.7069239640625 0.20857962031250002 0.8198526609375 0.2320226921875 0.8165093999999999 0.23053388749999998 0.701044171875 0.23269249531249997 0.690579021875 0.2112588265625 0.6916934609375 0.20724001093750002 0.7069239640625
51 0.2579775203125 0.8075939562500001 0.2552983140625 0.69726559375 0.25596811875 0.69132196875 0.2558006578125 0.6872357328125 0.23369719687499999 0.6894645890625 0.23051563437499997 0.7020947796875 0.2313528875 0.814652034375 0.253623809375 0.8153949609375 0.2532889 0.8061080609375001 0.2579775203125 0.8075939562500001
51 0.2768185515625 0.6981012703125 0.279832665625 0.6824992765625 0.260910753125 0.6810133875 0.2570593859375 0.6854710875000001 0.25722684687499997 0.6865855265625 0.25538488125000003 0.6981012703125 0.257729190625 0.8080581625000001 0.2796652046875 0.8047148859375 0.2768185515625 0.6981012703125
51 0.30076396562499996 0.80174308125 0.2985871296875 0.7003301203125 0.30026163437500003 0.6813848499999999 0.2818420671875 0.6821277984375 0.28200951406249997 0.6824992765625 0.27748835625 0.698844225 0.280837365625 0.803971959375 0.2898796828125 0.8047148859375 0.30076396562499996 0.80174308125
51 0.324550146875 0.6835204171875 0.305125890625 0.685377796875 0.299934928125 0.6994938890625 0.30177688125 0.8031357 0.3238803421875 0.8012783203125 0.3228756421875 0.6909499375 0.324550146875 0.6835204171875
51 0.2826818203125 0.6377955734375 0.2853610265625 0.629623084375 0.284359034375 0.518480634375 0.287872784375 0.5100078078125 0.26828107968750003 0.5085219125 0.260076003125 0.52078061875 0.26175050781250003 0.6407673640625 0.2826818203125 0.6377955734375
51 0.231274521875 0.5200376640625 0.234288621875 0.632966375 0.26091325625 0.632966375 0.2597411078125 0.52078061875 0.26258776093749997 0.5133510984375 0.2640948171875 0.5077789578125 0.239647046875 0.5077789578125 0.231274521875 0.5200376640625
51 0.21795920937500002 0.6306447875 0.2335321125 0.6258155890625 0.23035055 0.521802321875 0.2320250546875 0.5102865578125 0.22834114843750003 0.5080577078124999 0.21126118906250002 0.5099150875 0.20238632031249998 0.5199449421875 0.20657258281250002 0.6436464484375 0.21795920937500002 0.641046128125 0.21795920937500002 0.6306447875
51 0.223406521875 0.32400718125 0.1915854078125 0.3214468234375 0.19593911875 0.453692275 0.2212241546875 0.4525778640625 0.22105669374999998 0.44514834375 0.2254104171875 0.444405375 0.223406521875 0.32400718125
51 0.2578958046875 0.443662434375 0.2562213 0.3273904328125 0.25739346093750004 0.322189778125 0.22488149375000002 0.3217877234375 0.2225637515625 0.3259045375 0.2254104171875 0.44663422500000005 0.2578958046875 0.443662434375
51 0.26250813125 0.4437518390625 0.2630104875 0.45415314999999995 0.2894676734375 0.45378167812500003 0.2872908109375 0.327108353125 0.2581678078125 0.3259655796875 0.2561450203125 0.3274798375 0.2584893296875 0.44412330781250003 0.26250813125 0.4437518390625
51 0.322790325 0.45155282812499997 0.3216181640625 0.330080171875 0.28997001718750004 0.3285942625 0.2877931671875 0.3315660671875 0.28930021250000004 0.45341020781249997 0.322790325 0.45155282812499997
51 0.32241824375 0.44951053124999996 0.325767253125 0.4476531515625 0.32928371093750003 0.42685050156250004 0.34971268125 0.42090687656250003 0.3498801296875 0.332495590625 0.3230656515625 0.3287508171875 0.3222507953125 0.32878083125 0.32141354375 0.332867075 0.32241824375 0.44951053124999996
818 0.40745039375000003 0.45777073125 0.407014153125 0.33757073437499996 0.3794861515625 0.3370410515625 0.37848143749999996 0.45777073125 0.40745039375000003 0.45777073125
818 0.3611843171875 0.45889881718750003 0.378744765625 0.45538922187499997 0.3796939890625 0.338168759375 0.3507135359375 0.3377852375 0.3502683578125 0.446615234375 0.3610261171875 0.44521139062500004 0.3611843171875 0.45889881718750003
818 0.3178843921875 0.6271616125 0.31850347968750004 0.5186644234375 0.28822980781249996 0.517839121875 0.286104925 0.5237001515624999 0.2867240109375 0.630366175 0.3178843921875 0.6271616125
818 0.3456909390625 0.5192517890625 0.31887850625 0.5196431140625 0.3185257171875 0.6315618625 0.34604372968749997 0.629605240625 0.3456909390625 0.5192517890625
818 0.37285616250000003 0.5180778187499999 0.34716386718750003 0.5184474640625 0.3462201234375 0.6292139078125001 0.37285616250000003 0.6280399375 0.37285616250000003 0.5180778187499999
818 0.40019776562500003 0.6260833171875 0.4012561609375 0.5188604781249999 0.375833225 0.5184474640625 0.374267334375 0.5227737218749999 0.37285616250000003 0.624518028125 0.40019776562500003 0.6260833171875
818 0.40229748125000003 0.518936484375 0.40019776562500003 0.624518028125 0.406195296875 0.624518028125 0.40707728593750003 0.63195318125 0.4270102109375 0.6280399375 0.42683380312499997 0.5200344328125001 0.40229748125000003 0.518936484375
818 0.36787344843750003 0.79441059375 0.36821981875 0.6945216703125 0.342415878125 0.6964426109375 0.342415878125 0.6975951874999999 0.342762234375 0.7990208562500001 0.36787344843750003 0.79441059375
818 0.3948896625 0.7913370921875 0.395582375 0.688758846875 0.3711638859375 0.6918323640625 0.3711638859375 0.6899114234375 0.368566175 0.7947947921875 0.3948896625 0.7913370921875
818 0.41844223437499994 0.792105471875 0.41982768593750003 0.6849169640625 0.3962601328125 0.6880673890625 0.39592873125 0.6883746562499999 0.3954092109375 0.792489653125 0.41844223437499994 0.792105471875
818 0.444072996875 0.6837643953125 0.4215920296875 0.6837465625 0.41896178281249996 0.7898003484375 0.44251438125 0.7894161515625 0.444072996875 0.6837643953125
214 0.525100940625 0.6224991484375 0.5271946468750001 0.517360025 0.5032123281249999 0.51820451875 0.5009282890625 0.6216546390625 0.525100940625 0.6224991484375
214 0.4769459703125 0.6250326140625 0.5003572890625 0.6246103749999999 0.5028557124999999 0.5177292125 0.502831646875 0.5169377703125 0.47808798281250003 0.5148265421875 0.4769459703125 0.6250326140625
214 0.47705551875 0.6285779078125 0.47707153125 0.5161766796875 0.45249409375000005 0.5178673765624999 0.451398990625 0.6285779078125 0.47705551875 0.6285779078125
214 0.451868321875 0.628230859375 0.451841034375 0.5179114359375 0.42761977812499996 0.5182144265625 0.4268375671875 0.6299661328124999 0.451868321875 0.628230859375
214 0.459673396875 0.45779949531249997 0.4857671578125 0.4586507765625 0.487110228125 0.34457934375 0.4876858171875 0.34457934375 0.46178391875 0.3415998640625 0.459673396875 0.45779949531249997
214 0.44208060156249995 0.447588096875 0.4422154015625 0.4610452921875 0.45973971875 0.46044720312500004 0.4609660703125 0.34275694375 0.435070878125 0.3393324453125 0.4348012671875 0.4469900078125 0.44208060156249995 0.447588096875
214 0.43467522968749994 0.3390199515625 0.40891920156249995 0.33813624062500003 0.408110384375 0.44788715156250003 0.43453166562499995 0.44818619687499994 0.43467522968749994 0.3390199515625
214 0.46889365625 0.68220825 0.444862425 0.683419875 0.44285995624999996 0.7887045406250001 0.4663087453125 0.7882949453125 0.46889365625 0.68220825
214 0.49137732187500005 0.6819483484375 0.46945777031249997 0.68263444375 0.4665983640625 0.7869869671874999 0.49011469375 0.7827854328125 0.49137732187500005 0.6819483484375
214 0.5150515015625 0.6836989921875001 0.49155732968750004 0.685259625 0.49027253125000003 0.7817350359375 0.5134732234375 0.7806846515625 0.5150515015625 0.6836989921875001
214 0.5387256703125 0.6833488625 0.516222015625 0.68263444375 0.5134732234375 0.7813849109375 0.5355691140625 0.7806846515625 0.5387256703125 0.6833488625