205 0.56640625 0.0625 0.17421875 0.08515625
844 0.3859375 0.25 0.14921875 0.0953125
844 0.3890625 0.34140625 0.12890625 0.07734375
844 0.52890625 0.2703125 0.1296875 0.07890625
844 0.52890625 0.34140625 0.1375 0.06953125
844 0.68671875 0.23671875 0.15703125 0.0734375
844 0.68671875 0.325 0.159375 0.08828125
844 0.890625 0.20078125 0.21875 0.09453125
844 0.265625 0.3375 0.09453125 0.0921875
803 0.84609375 0.5421875 0.13046875 0.13125
940 0.44140625 0.53203125 0.16171875 0.0875
940 0.44453125 0.45 0.1375 0.06484375
940 0.30078125 0.453125 0.1078125 0.0671875
940 0.29921875 0.5234375 0.09921875 0.06796875
205 0.39921875 0.1125 0.1234375 0.07890625
205 0.39375 0.03203125 0.10859375 0.05703125