74 0.4609375 0.53671875 0.05 0.17890625
74 0.51328125 0.52734375 0.04921875 0.159375
74 0.56328125 0.53828125 0.0484375 0.13984375
798 0.40703125 0.515625 0.05390625 0.16640625
798 0.35390625 0.52734375 0.05234375 0.190625
651 0.303125 0.53984375 0.046875 0.16171875
651 0.25390625 0.5375 0.04765625 0.1546875
651 0.228125 0.615625 0.00078125 0.00078125
651 0.2046875 0.53828125 0.0484375 0.15859375
651 0.153125 0.5375 0.04765625 0.15859375
651 0.1046875 0.534375 0.04609375 0.16015625
651 0.02674085625 0.6604302468750001 0.07338237187499999 0.668452596875 0.0796591921875 0.5026694 0.07935473125 0.506546971875 0.03068690625 0.5036297609375 0.02674085625 0.6604302468750001
75 0.1078125 0.82265625 0.05234375 0.16171875
75 0.16015625 0.8171875 0.05078125 0.15234375
75 0.21171875 0.83671875 0.05 0.14140625
75 0.26171875 0.8390625 0.05078125 0.14140625
75 0.31171875 0.84296875 0.05 0.1515625
75 0.36171875 0.834375 0.05 0.134375
75 0.4125 0.8390625 0.05 0.14921875
75 0.51171875 0.8421875 0.04921875 0.14140625
75 0.56171875 0.840625 0.04765625 0.12890625
75 0.61015625 0.853125 0.04765625 0.1640625
75 0.65703125 0.83046875 0.04609375 0.16171875
75 0.71484375 0.84765625 0.04921875 0.13125
75 0.7671875 0.8484375 0.05 0.140625
75 0.82890625 0.828125 0.0765625 0.20546875
361 0.8894332796875 0.1494259828125 0.889080396875 0.3499060796875 0.9535323546875001 0.357199128125 0.951559340625 0.15809898125 0.8894332796875 0.1494259828125
361 0.92734375 0.5046875 0.1046875 0.14921875
361 0.94765625 0.74140625 0.0671875 0.1859375
74 0.6625 0.53359375 0.05 0.16171875
74 0.715625 0.54609375 0.0484375 0.14375
74 0.75703125 0.55546875 0.0328125 0.09609375
75 0.803125 0.571875 0.0328125 0.0890625
75 0.84296875 0.55625 0.04609375 0.09609375
800 0.80390625 0.27578125 0.04765625 0.15
800 0.75703125 0.27421875 0.0484375 0.14921875
144 0.7078125 0.26796875 0.04765625 0.1625
144 0.659375 0.26640625 0.04765625 0.16015625
144 0.61171875 0.2640625 0.046875 0.1640625
144 0.56328125 0.2609375 0.04921875 0.1578125
144 0.51484375 0.2609375 0.04921875 0.159375
144 0.46484375 0.25703125 0.046875 0.16484375
144 0.41484375 0.2546875 0.05 0.16015625
144 0.365625 0.2546875 0.05234375 0.16796875
144 0.31484375 0.2515625 0.04609375 0.165625
144 0.2671875 0.246875 0.04765625 0.1640625
144 0.21796875 0.24375 0.04921875 0.16015625
841 0.16796875 0.2375 0.0484375 0.1765625
841 0.1171875 0.23515625 0.04921875 0.175
651 0 0.377646603125 0.0443176125 0.3765526484375 0.049250181250000004 0.19933161093750001 0 0.1905799625 0 0.377646603125