543 0.36171875 0.53046875 0.109375 0.1921875
543 0.47265625 0.52578125 0.075 0.2015625
543 0.55859375 0.5390625 0.071875 0.1828125
543 0.64609375 0.54921875 0.08125 0.18984375
543 0.72578125 0.55078125 0.08125 0.178125
543 0.7859375 0.85703125 0.05546875 0.14453125
543 0.71640625 0.86953125 0.07890625 0.12890625
543 0.62890625 0.859375 0.08671875 0.1375
543 0.55859375 0.8578125 0.046875 0.10703125
844 0.46328125 0.74375 0.1703125 0.09375
844 0.28828125 0.83359375 0.1484375 0.08828125
844 0.29453125 0.74921875 0.146875 0.0703125
844 0.12109375 0.8296875 0.1234375 0.075
844 0.11640625 0.7578125 0.128125 0.07734375
205 0.2015625 0.4953125 0.1671875 0.065625
205 0.18828125 0.58203125 0.1609375 0.08359375
205 0.05546875 0.50234375 0.11015625 0.059375
205 0.046875 0.59609375 0.09296875 0.07421875
844 0.80078125 0.27109375 0.075 0.1359375
844 0.72109375 0.27421875 0.08359375 0.12421875
844 0.71875 0.1375 0.07890625 0.1359375
844 0.6265625 0.1421875 0.0796875 0.13359375
844 0.63671875 0.278125 0.07421875 0.10546875
844 0.54609375 0.159375 0.06640625 0.11796875
844 0.5484375 0.2828125 0.065625 0.1046875
844 0.47265625 0.05078125 0.06796875 0.1015625
844 0.46953125 0.171875 0.06796875 0.12734375
844 0.47109375 0.29609375 0.0609375 0.10859375
844 0.3953125 0.059375 0.06328125 0.11875
844 0.39296875 0.1828125 0.065625 0.121875
844 0.39140625 0.3015625 0.0578125 0.09765625
844 0.321875 0.309375 0.05859375 0.10078125
844 0.31796875 0.06484375 0.059375 0.10625
844 0.321875 0.18984375 0.06015625 0.1046875
844 0.25625 0.315625 0.05859375 0.1
844 0.24609375 0.078125 0.05546875 0.10703125
844 0.25234375 0.20234375 0.0625 0.11796875
844 0.18984375 0.31328125 0.05390625 0.08828125
844 0.18046875 0.0890625 0.04921875 0.09765625
844 0.18203125 0.2078125 0.0515625 0.11796875
844 0.12421875 0.1125 0.05703125 0.09375
844 0.121875 0.2234375 0.046875 0.0921875
844 0.1234375 0.32578125 0.0484375 0.08984375
844 0.9625 0.27890625 0.03984375 0.1640625