732 0.68359375 0.2625 0.125 0.225
732 0.82578125 0.26015625 0.12890625 0.24765625
732 0.96171875 0.2046875 0.0765625 0.2625
732 0.6109375 0.58203125 0.08046875 0.178125
732 0.51484375 0.57578125 0.0875 0.1421875
732 0.4375 0.57265625 0.05 0.12578125
732 0.3828125 0.56796875 0.053125 0.1359375
732 0.48203125 0.33046875 0.09921875 0.1703125
732 0.40078125 0.346875 0.05625 0.1546875
732 0.34765625 0.34375 0.05078125 0.16484375
732 0.29921875 0.36875 0.0421875 0.13984375
732 0.24296875 0.37734375 0.03515625 0.14296875
732 0.0125 0.26640625 0.025 0.1546875
732 0.15546875 0.21875 0.04296875 0.125
732 0.19453125 0.203125 0.03203125 0.125
732 0.2421875 0.175 0.05625 0.1796875
732 0.2984375 0.1421875 0.05546875 0.17265625
732 0.36015625 0.11640625 0.05859375 0.165625
982 0.284375 0.50546875 0.06171875 0.00078125