178 0.2484375 0.1453125 0.21171875 0.12578125
178 0.19296875 0.36328125 0.0828125 0.2734375
178 0.28125 0.35234375 0.0796875 0.26796875
828 0.25078125 0.68671875 0.04921875 0.12265625
828 0.31015625 0.68359375 0.05703125 0.11640625
828 0.371875 0.678125 0.0484375 0.10546875
828 0.43671875 0.6828125 0.053125 0.125
828 0.61015625 0.63671875 0.0671875 0.0796875
828 0.53046875 0.64609375 0.046875 0.08203125
828 0.19609375 0.69921875 0.046875 0.121875
178 0.375 0.275 0.096875 0.109375
178 0.3796875 0.40859375 0.10625 0.10625
178 0.49765625 0.10625 0.1265625 0.1359375
178 0.49921875 0.25390625 0.13046875 0.1296875
178 0.5046875 0.3890625 0.13828125 0.1015625
962 0.6171875 0.33359375 0.0734375 0.153125
962 0.68828125 0.30078125 0.05546875 0.0546875
962 0.94921875 0.21640625 0.0953125 0.24296875
163 0.73828125 0.64296875 0.08515625 0.1453125
163 0.92578125 0.6515625 0.1484375 0.23203125
762 0.05390625 0.8203125 0.090625 0.19921875