63 0.45078125 0.434375 0.04765625 0.19921875
63 0.403125 0.42890625 0.05078125 0.2015625
63 0.3515625 0.4265625 0.05 0.2078125
63 0.25078125 0.4234375 0.05078125 0.20703125
63 0.2640625 0.225 0.04375 0.18671875
63 0.2125 0.21953125 0.0546875 0.1890625
63 0.19609375 0.42578125 0.0515625 0.19921875
63 0.14296875 0.41875 0.0515625 0.215625
63 0.090625 0.4171875 0.0515625 0.2140625
63 0.31015625 0.22734375 0.04609375 0.184375
63 0.3015625 0.42734375 0.04921875 0.19765625
63 0.3578125 0.23046875 0.04921875 0.18046875
63 0.40703125 0.24375 0.04765625 0.15859375
63 0.45546875 0.23515625 0.0484375 0.18046875
63 0.4984375 0.428125 0.04765625 0.21171875
63 0.54453125 0.43359375 0.0453125 0.2015625
63 0.5921875 0.434375 0.05 0.203125
63 0.6421875 0.4296875 0.0484375 0.209375
63 0.68671875 0.43125 0.04609375 0.21171875
63 0.7328125 0.43203125 0.0484375 0.209375
63 0.5515625 0.23671875 0.05 0.17890625
63 0.503125 0.234375 0.04765625 0.17265625
63 0.61171875 0.2375 0.06875 0.1796875
63 0.68125 0.23984375 0.06875 0.1765625
63 0.7546875 0.23515625 0.07421875 0.17578125
63 0.82734375 0.24140625 0.065625 0.1625
63 0.85234375 0.4515625 0.0640625 0.1796875
63 0.78984375 0.4390625 0.06484375 0.18671875
63 0.3390625 0.83515625 0.0828125 0.259375
63 0.26171875 0.83671875 0.07734375 0.26953125
63 0.1984375 0.81875 0.04609375 0.25234375
63 0.15 0.82734375 0.0484375 0.2609375
63 0.096875 0.82734375 0.0546875 0.26640625
63 0.56796875 0.8484375 0.0796875 0.2
63 0.71640625 0.83984375 0.07578125 0.215625
63 0.64453125 0.8453125 0.07265625 0.21640625
63 0.7890625 0.83359375 0.06953125 0.21953125
63 0.84609375 0.81875 0.0453125 0.21796875
481 0.15703125 0.21796875 0.05625 0.1875
481 0.10234375 0.209375 0.053125 0.18984375