797 0.36953125 0.48671875 0.08125 0.26171875
797 0.27734375 0.4984375 0.10390625 0.27109375
797 0.1546875 0.5046875 0.1390625 0.2734375
797 0.26875 0.77890625 0.09765625 0.253125
797 0.70859375 0.53203125 0.053125 0.1875
797 0.76484375 0.53125 0.06796875 0.1859375
797 0.63515625 0.4984375 0.08203125 0.24140625
797 0.5484375 0.4953125 0.08671875 0.25625
797 0.45546875 0.49453125 0.0890625 0.271875
797 0.3234375 0.23984375 0.078125 0.19609375
797 0.4 0.23984375 0.07109375 0.2046875
797 0.471875 0.23984375 0.07109375 0.19765625
890 0.54765625 0.20625 0.08125 0.26796875
797 0.63125 0.20546875 0.08671875 0.26796875
797 0.71640625 0.209375 0.084375 0.259375
797 0.8046875 0.1953125 0.075 0.2859375
797 0.88515625 0.1953125 0.08359375 0.275
888 0.50078125 0.7796875 0.05546875 0.23515625
888 0.44765625 0.7671875 0.05234375 0.246875
888 0.36875 0.7875 0.10390625 0.203125
797 0.16875 0.7875 0.09921875 0.26328125