178 0.2310081578125 0.2981632234375 0.24029663281250002 0.1191799 0.1889149375 0.0954064984375 0.1791541984375 0.285519171875 0.2310081578125 0.2981632234375
178 0.17925719375 0.2870921078125 0.1869347546875 0.10766385781250001 0.1361489578125 0.085210265625 0.1274577828125 0.270879809375 0.17925719375 0.2870921078125
178 0.0793636015625 0.0603920921875 0.0716150703125 0.25418399375 0.128107709375 0.2700102890625 0.1366250640625 0.08472674687500001 0.0793636015625 0.0603920921875
253 0.285700940625 0.21381729531250002 0.293522859375 0.10885507187500001 0.2470840140625 0.0809921265625 0.2395348453125 0.1954409953125 0.285700940625 0.21381729531250002
170 0.44671779375 0.23460904999999999 0.4493106015625 0.2887325078125 0.4484463328125 0.3328757203125 0.4519034109375 0.34055280312499997 0.45294053125 0.35590696875 0.46918879843749994 0.3608970546875 0.4676331109375 0.3240470625 0.4831899609375 0.3259663328125 0.498573959375 0.185091859375 0.4838813796875 0.14747415 0.4391649859375 0.117136446875 0.4380751 0.132887709375 0.44602637500000003 0.1693538453125 0.44671779375 0.23460904999999999
170 0.5499305140625 0.3007140359375 0.5495847984375 0.31146191875 0.5402506859375 0.383626509375 0.5879583687500001 0.3947582859375 0.5971196171875001 0.337180178125 0.5976381843749999 0.3252806765625 0.60662658125 0.2984108875 0.61751638125 0.24850984843749999 0.61838065 0.23545880156250001 0.593835390625 0.1966895453125 0.581217065625 0.1755775671875 0.5696913390625 0.1694209375 0.5601288828125 0.2250947359375 0.5566718046875 0.2531160859375 0.5532147265625 0.274995775 0.5499305140625 0.3007140359375
170 0.6067800984375 0.299673365625 0.6043648562499999 0.3028283671875 0.5972611921875 0.328383896875 0.5982557015625 0.33658687187499997 0.5884526421875 0.394007896875 0.63775208125 0.4075744125 0.6395990281249999 0.39905589375 0.64428745 0.3605648875 0.6486917203125 0.31891889375 0.6511069734375 0.3047213625 0.653095990625 0.28168985625 0.65338014375 0.2668613484375 0.6577844140625 0.25140184374999996 0.654374653125 0.23278733125 0.6506807484375 0.224899834375 0.643150859375 0.21511932812499998 0.6273807265625 0.21038682656250002 0.6164410874999999 0.20186832031250002 0.6107581546875 0.2043923203125 0.606638028125 0.21354182812500003 0.6185721859375 0.2346803328125 0.6181459625 0.24950884218749997 0.6067800984375 0.299673365625
58 0.707444628125 0.8015751078125 0.715670953125 0.695154384375 0.6993464546875 0.6961980609375 0.69295315625 0.8066231296874999 0.707444628125 0.8015751078125
58 0.69892023125 0.7006150734375 0.67961386875 0.7030395296874999 0.6720683875 0.814826115625 0.6926690140625 0.8091471046875001 0.69892023125 0.7006150734375
58 0.6786912093749999 0.7040886625 0.6509139921875 0.703510071875 0.64421059375 0.814877665625 0.6718708640625 0.8129143031250001 0.6786912093749999 0.7040886625
58 0.64322548125 0.8199254265624999 0.6501721265625 0.7066121390625 0.6261229828125 0.7073654984375 0.623648571875 0.7223189234375 0.6153126 0.8235716546875 0.64322548125 0.8199254265624999
161 0.5852793468749999 0.6954621640624999 0.5725227828125 0.83850618125 0.61458155625 0.8281284859375001 0.6197599625 0.7282781468749999 0.623675353125 0.7187418812499999 0.62912316875 0.677223078125 0.6082664249999999 0.6786334578125001 0.6082664249999999 0.6904135546875 0.5852793468749999 0.6954621640624999
859 0.5416930875 0.853231090625 0.5687218453125 0.8327561765624999 0.5739002609375 0.7962939859375 0.574531775 0.7348691765625001 0.5675851296875 0.71355281875 0.5421177796875 0.7220862140625 0.5382829109375 0.7690875515625 0.539672246875 0.807793578125 0.5416930875 0.853231090625
859 0.4782195609375 0.83128166875 0.4801141015625 0.8708291265625 0.492744365625 0.869707209375 0.49375478125 0.8629757218749999 0.5180048937499999 0.8506346859375 0.51813119375 0.8439031984375 0.5192679203125 0.7819174515625 0.5114843046875001 0.7115714171875 0.47240964218750003 0.732833721875 0.478851075 0.786405103125 0.4782195609375 0.83128166875
859 0.44341652187499997 0.8302976921875 0.44632148593750004 0.880783815625 0.44354282187500005 0.8838690734375 0.4443006453125 0.8858324140624999 0.4592043515625 0.879661896875 0.4693085640625 0.8661989218749999 0.4781497484375 0.8611503234375 0.4787812609375 0.8389925203124999 0.47852865937500005 0.7862625609375 0.4714557140625 0.73100830625 0.46880335000000006 0.7248377890625 0.444426946875 0.7399836140625 0.4468266984375 0.7604585390625 0.4473319015625 0.8036522484375 0.44341652187499997 0.8302976921875
859 0.40166611249999995 0.8687202984375 0.404318465625 0.8743298671874999 0.398634846875 0.8992924546875001 0.44397748750000005 0.8782565703125 0.44069362031250003 0.8311361796875 0.4432196828125 0.8204780218750001 0.4437248859375 0.7784062296875 0.44662985 0.7694309171875 0.44423010781250005 0.7394197250000001 0.42856856875 0.7511998171875 0.4099517 0.7455692640625 0.4062130046875 0.7820524484375 0.40583409374999996 0.8086979015625 0.40166611249999995 0.8687202984375
859 0.3554650703125 0.83056893125 0.351675990625 0.887786553125 0.3512970875 0.9012495062499999 0.36771643125 0.8970423296875 0.368726846875 0.9077005187499999 0.39941839218749997 0.8956399375 0.4013129328125 0.8633849140625 0.40447049843749994 0.8193497921875 0.40661763906250004 0.7730708468749999 0.40876478125000004 0.7436206125 0.41192234687499996 0.7433401328125 0.40884636875 0.73225051875 0.358370034375 0.74137678125 0.3600119625 0.7713879796875001 0.3554650703125 0.83056893125
171 0.25073494531249996 0.72079288125 0.217585971875 0.7338644249999999 0.22223302500000003 0.810229775 0.22486634843750003 0.8669878296875 0.22192321406249998 0.89966668125 0.2195996875 0.947137015625 0.24237024843750002 0.947137015625 0.2764486296875 0.9309695874999999 0.283109396875 0.8325889984374999 0.28161936875000004 0.7360003125000001 0.27691332812499997 0.7338644249999999 0.276758428125 0.7173529984375 0.25073494531249996 0.72079288125
253 0.2159067984375 0.9367916640624999 0.221328359375 0.812955965625 0.1789312421875 0.8221663578125 0.1728441125 0.9539910656249999 0.2159067984375 0.9367916640624999
253 0.1576637390625 0.9729104078124999 0.1581284484375 0.9608708265624999 0.1689715703125 0.9550230281250001 0.175881384375 0.8185327625 0.1310206453125 0.82774745625 0.1254441859375 0.981510109375 0.1576637390625 0.9729104078124999
178 0.07808343125 0.834007596875 0.07156492187499999 1 0.1229922921875 0.9859788796875 0.1305824796875 0.823272521875 0.07808343125 0.834007596875
178 0.07000651718749999 1 0.07653415625 0.8365867359375001 0.0191987453125 0.84562763125 0.0128477765625 1 0.07000651718749999 1
178 0.07184021406249999 0.50915168125 0.0182350703125 0.5025547046875001 0.012563604687499999 0.653152075 0.0678884453125 0.64836535625 0.0721994734375 0.5366753015625 0.07184021406249999 0.50915168125
171 0.40273744375 0.5001382421875 0.3984846625 0.5241420265625 0.39813025468749996 0.599301446875 0.3922826734375 0.6292078046875 0.39458626093750004 0.6390454234375 0.422583815625 0.6323558546875 0.46617494531250003 0.631962325 0.473440115625 0.5139109093750001 0.471313725 0.5064343124999999 0.473085721875 0.49817071874999996 0.4743261140625 0.49423567031250004 0.482477309375 0.43481644062499997 0.4817684953125 0.42537234375 0.471313725 0.41789573906250005 0.47095933125 0.41159967656249996 0.44739176875000003 0.40687760937500006 0.44845496406249996 0.4143541984375 0.4461513640625 0.41710872656250003 0.3977758609375 0.3982205015625 0.3965354546875 0.3974334890625 0.384852975 0.3993862765625 0.3848402796875 0.420650275 0.3906878734375 0.45527869218749994 0.40238304999999996 0.4875460859375 0.40273744375 0.5001382421875