543 0.25546875 0.3421875 0.075 0.18125
543 0.29340277812500004 0.25337186875 0.30555555624999997 0.43641618437499996 0.37196180624999997 0.43641618437499996 0.3732638890625 0.247591521875 0.29340277812500004 0.25337186875
543 0.3815104171875 0.2196531796875 0.3841145828125 0.434489403125 0.46571180625 0.42774566406250003 0.4622395828125 0.212909440625 0.3815104171875 0.2196531796875
543 0.509375 0.32734375 0.08515625 0.20625
260 0.68828125 0.31796875 0.1 0.21171875
260 0.7552083328125 0.210982659375 0.75 0.4210019265625 0.8424479171874999 0.4142581890625 0.851996528125 0.1974951828125 0.7552083328125 0.210982659375
543 0.134375 0.34765625 0.15546875 0.1703125
543 0.53515625 0.76953125 0.0703125 0.3109375
543 0.61171875 0.76796875 0.07421875 0.315625
543 0.6921875 0.7625 0.084375 0.32734375
543 0.78125 0.7546875 0.084375 0.3421875
543 0.88671875 0.74375 0.0875 0.32890625
543 0.95 0.74765625 0.03984375 0.32890625