842 0.41015625 0.34375 0.06328125 0.2171875
842 0.559375 0.34453125 0.0453125 0.2015625
842 0.50859375 0.3453125 0.05234375 0.215625
842 0.46015625 0.34296875 0.0453125 0.2109375
842 0.603125 0.33828125 0.03984375 0.2234375
842 0.6453125 0.34921875 0.05078125 0.19609375
842 0.35390625 0.34453125 0.05625 0.20625
842 0.303125 0.3390625 0.05078125 0.22890625
842 0.2453125 0.34140625 0.06796875 0.21640625
842 0.19140625 0.34453125 0.05625 0.21484375
361 0.18984375 0.10625 0.04453125 0.12265625
361 0.2390625 0.096875 0.03828125 0.08671875
361 0.28359375 0.08359375 0.034375 0.096875
361 0.33125 0.103125 0.034375 0.0734375
361 0.375 0.0984375 0.03359375 0.07109375
361 0.42109375 0.09921875 0.03671875 0.0796875
361 0.46875 0.11015625 0.03671875 0.09453125
361 0.5140625 0.1296875 0.04375 0.11875
842 0.1890625 0.6375 0.05234375 0.16484375
842 0.240625 0.6328125 0.05703125 0.178125
842 0.29765625 0.61953125 0.0609375 0.16953125
842 0.4625 0.615625 0.0578125 0.16953125
842 0.51640625 0.61171875 0.053125 0.165625
842 0.56484375 0.62109375 0.0421875 0.1421875
842 0.6078125 0.61484375 0.0453125 0.115625
842 0.66953125 0.6171875 0.05078125 0.1171875
842 0.71484375 0.609375 0.040625 0.10859375
889 0.21796875 0.93984375 0.0640625 0.1109375
889 0.215625 0.82890625 0.0671875 0.11015625
889 0.39140625 0.9171875 0.05390625 0.10234375
889 0.44296875 0.80703125 0.04453125 0.09453125
889 0.44296875 0.91171875 0.04375 0.1015625
889 0.49765625 0.86015625 0.04375 0.10078125