635 0.07109375 0.06484375 0.07578125 0.1234375
635 0.025 0.2015625 0.0484375 0.13828125
635 0.3765625 0.22578125 0.0515625 0.109375
635 0.090625 0.20625 0.07109375 0.12421875
635 0.1578125 0.21484375 0.05625 0.1265625
635 0.21484375 0.2203125 0.05 0.115625
635 0.2625 0.09140625 0.05390625 0.134375
635 0.265625 0.22578125 0.0421875 0.11640625
635 0.315625 0.2265625 0.05234375 0.115625
635 0.32109375 0.096875 0.05390625 0.1296875
635 0.43125 0.23125 0.04375 0.10546875
635 0.48125 0.23515625 0.04375 0.10390625
635 0.46484375 0.11796875 0.04375 0.11484375
635 0.51015625 0.125 0.040625 0.11015625
635 0.559375 0.13125 0.0484375 0.10703125
635 0.52734375 0.2375 0.04375 0.10078125
635 0.57265625 0.2390625 0.03984375 0.1015625
635 0.65703125 0.2421875 0.01640625 0.084375
635 0.603125 0.2421875 0.01953125 0.09296875
635 0.63046875 0.24453125 0.02890625 0.0921875
635 0.6859375 0.24609375 0.0328125 0.09375
635 0.73125 0.234375 0.040625 0.115625
635 0.703125 0.66796875 0.04140625 0.06328125
635 0.74140625 0.6109375 0.05390625 0.05234375
635 0.9375 0.60390625 0.02734375 0.08203125
234 0.9703125 0.5984375 0.01953125 0.075
234 0.84140625 0.03671875 0.04609375 0.0734375
234 0.80546875 0.03359375 0.021875 0.06640625
234 0.8484375 0.1625 0.0375 0.09609375
234 0.88203125 0.16875 0.0234375 0.08828125
234 0.9265625 0.178125 0.03515625 0.09140625
234 0.840625 0.259375 0.02890625 0.07734375
234 0.8734375 0.2609375 0.02734375 0.078125
234 0.89375 0.2625 0.009375 0.075
234 0.91796875 0.26484375 0.03203125 0.075
234 0.890625 0.03984375 0.0265625 0.07578125
190 0.92265625 0.04140625 0.02578125 0.08203125
800 0.88359375 0.721875 0.0234375 0.065625
800 0.69140625 0.86640625 0.03046875 0.07890625
800 0.72109375 0.85859375 0.02265625 0.08046875
800 0.790625 0.83203125 0.02421875 0.078125
800 0.81484375 0.82421875 0.0171875 0.075
800 0.8578125 0.80234375 0.0171875 0.06796875
800 0.90625 0.784375 0.0109375 0.06796875
800 0.83515625 0.8125 0.0203125 0.0671875
800 0.87734375 0.79765625 0.0171875 0.07109375
800 0.89453125 0.79296875 0.0125 0.0671875
800 0.7453125 0.84921875 0.02109375 0.0703125
800 0.7671875 0.8390625 0.0171875 0.078125
607 0.6453125 0.8578125 0.03359375 0.1234375
607 0.56484375 0.88671875 0.0375 0.134375
607 0.5203125 0.90390625 0.03984375 0.14375
607 0.60546875 0.871875 0.034375 0.13359375
234 0.40625 0.95234375 0.03515625 0.08828125
234 0.36953125 0.95234375 0.03359375 0.0921875
543 0.33125 0.9640625 0.03359375 0.07109375