33 0.225650421875 0.1437635421875 0.126618975 0.13469973125 0.14159905 0.253367521875 0.23902224843750003 0.2579780234375 0.23583848437500002 0.1932215484375 0.225650421875 0.1437635421875
33 0.2402106453125 0.2149642203125 0.240529015625 0.2656796328125 0.323988603125 0.26829923125 0.3284009203125 0.209096315625 0.32012316093750004 0.1514651578125 0.23670850781250002 0.1428728796875 0.2402106453125 0.2149642203125
33 0.32862671875 0.22879569531250002 0.325761325 0.26819445625 0.409144046875 0.269085109375 0.4034451921875 0.2126589703125 0.4050370734375 0.1636200921875 0.3273532078125 0.161105284375 0.32862671875 0.22879569531250002
33 0.4228661515625 0.1632009625 0.4031267953125 0.213287671875 0.411133659375 0.2711807890625 0.492908978125 0.2769962984375 0.5015051328125 0.20343798125 0.4919538390625 0.1699071265625 0.4228661515625 0.1632009625
33 0.524248046875 0.269294675 0.5309339484375 0.296748075 0.55799595 0.298005478125 0.5662737328125 0.24687092187499998 0.5735964015625 0.18190489062499998 0.50196169375 0.17457001562500002 0.5016433218749999 0.20390951406250002 0.4959125359375 0.2655224625 0.524248046875 0.269294675
33 0.5898335984374999 0.2992628828125 0.5891968546874999 0.2770486953125 0.6270836359375 0.279982646875 0.6366349312499999 0.211453953125 0.62740203125 0.1928024203125 0.5738840187500001 0.182376415625 0.5758250265625 0.18819192499999998 0.55799595 0.2977959140625 0.5898335984374999 0.2992628828125
33 0.6875751671875 0.303244675 0.69648971875 0.30450207812499996 0.7149555640624999 0.20013729531250002 0.6439184015625 0.1923308875 0.6395003484374999 0.212711365625 0.6283571718750001 0.2804017765625 0.68853030625 0.2871079421875 0.6875751671875 0.303244675
33 0.76062351875 0.30188247968750004 0.775587203125 0.21973188437500002 0.7746320640625 0.20149948125 0.715732415625 0.19605072031249998 0.7147772765625 0.21616922968750002 0.697584940625 0.2955954453125 0.76062351875 0.30188247968750004
33 0.7851384984374999 0.310474759375 0.8112453593750001 0.31068432343749997 0.8192047718750001 0.2673037859375 0.825890696875 0.20694825 0.77364118125 0.205428878125 0.761578609375 0.3029303203125 0.782909871875 0.3050259984375 0.7851384984374999 0.310474759375
33 0.86527813125 0.315294825 0.8716456609375 0.2905658140625 0.8821520453125 0.2178457703125 0.8273607374999999 0.21014415468749997 0.82229728125 0.252843603125 0.812427615625 0.3117321625 0.86527813125 0.315294825
33 0.8929768749999999 0.307331240625 0.9222675015625 0.31152259843749996 0.9400966046875 0.264369834375 0.9544235453125 0.2203605875 0.8922221265625 0.221408425 0.864959734375 0.314666115625 0.8936136187500001 0.3178096328125 0.8929768749999999 0.307331240625
33 0.96492993125 0.318228778125 0.9732077390624999 0.3186479078125 0.9932654671875 0.2285337359375 0.955491825 0.2276954609375 0.9232226406249999 0.310474759375 0.965566721875 0.3127800015625 0.96492993125 0.318228778125
33 0.0613877328125 0.3499782984375 0.0718941671875 0.4206026578125 0.0490240609375 0.42652295156250003 0.059477478125000004 0.4715276421875 0.1591293015625 0.463564075 0.133659184375 0.349349596875 0.0613877328125 0.3499782984375
33 0.2527320171875 0.47131807812500004 0.2495482515625 0.3560557640625 0.144127571875 0.35317420624999996 0.170590875 0.4752998703125 0.18810158125 0.4759285796875 0.1890567203125 0.47341375625 0.2527320171875 0.47131807812500004
33 0.3113690546875 0.4737281109375 0.3403412859375 0.4728898375 0.3425699109375 0.4116960328125 0.3298348515625 0.35720838593750004 0.24957707031249998 0.3610330015625 0.2540612640625 0.47058459375000006 0.31105065781249996 0.469955884375 0.3113690546875 0.4737281109375
33 0.341296425 0.47142286875000006 0.41484141093750004 0.4728898375 0.4205721484375 0.36412413125 0.3807750890625 0.3666389390625 0.3505293234375 0.358884934375 0.34065968125 0.3982836890625 0.341296425 0.47142286875000006
33 0.494737953125 0.36370499375 0.42585679687500005 0.3610330015625 0.4192827375 0.47037502968749995 0.4890071671875 0.46827935 0.4963298359375 0.390739240625 0.494737953125 0.36370499375
33 0.5275307406249999 0.45947749218749995 0.5695564265625 0.4580105234375 0.5717850515625 0.3999602296875 0.5622337578125001 0.35678925625 0.49827871718749994 0.36260475937500003 0.4909174453125 0.4450173234375 0.490280703125 0.4701654640625 0.5265756015624999 0.4689080453125 0.5275307406249999 0.45947749218749995
33 0.6152230375000001 0.455128965625 0.6152230375000001 0.467493471875 0.6368726484375 0.466655196875 0.6426033859375 0.38115151875 0.6289132359375 0.36459565625 0.5663234875 0.3660102375 0.572560584375 0.397078671875 0.57065030625 0.4568055140625 0.6152230375000001 0.455128965625
33 0.6976825265625 0.466655196875 0.71200946875 0.40441354531249996 0.7081889609375 0.3679487375 0.6464239421875 0.36480522031249996 0.6413299 0.3752836125 0.6413299 0.394773428125 0.6349623703125 0.46644563124999994 0.6976825265625 0.466655196875
33 0.6989560625 0.465816921875 0.7342958234375 0.4668647609375 0.7610394765625 0.46455951874999996 0.7693172359375 0.41614935 0.767088609375 0.3696252875 0.7099735593750001 0.369939634375 0.7145564906249999 0.400431753125 0.7040500578125 0.4343817453125 0.6989560625 0.465816921875
33 0.7842809203125001 0.46393080781249996 0.7855544546875 0.462463840625 0.8132531999999999 0.462463840625 0.8266250015625 0.40944316875000003 0.824714771875 0.366272196875 0.770059878125 0.369939634375 0.7705907703125 0.40294656875 0.7610394765625 0.46372124374999996 0.7842809203125001 0.46393080781249996
33 0.866790821875 0.462621009375 0.881436159375 0.41442040625 0.889077175 0.38550004531250004 0.889077175 0.3708302953125 0.8422758421875001 0.375440790625 0.8276305296875 0.3794225828125 0.8263570187499999 0.41001948437499997 0.8152138421874999 0.4615731703125 0.866790821875 0.462621009375
33 0.1804584546875 0.578145290625 0.1766378984375 0.5154845015625 0.0671164078125 0.5226098078125 0.043238171874999995 0.523657646875 0.038144153125000003 0.515065365625 0.0179860953125 0.5208284812499999 0.042283032812499996 0.54063264375 0.048968934375 0.6525418671875001 0.17822978125 0.6422730546875 0.1804584546875 0.578145290625
33 0.3126467625 0.63362838125 0.3091446015625 0.5414185234375 0.2929074296875 0.52318611875 0.1791447640625 0.5281633546875 0.1802021515625 0.55168735 0.17861026875 0.6430589343750001 0.3126467625 0.63362838125
33 0.3133457890625 0.63242335625 0.3961236734375 0.620897125 0.401854459375 0.5387465296875 0.40344634218750003 0.51716104375 0.3053863765625 0.519675859375 0.3001132453125 0.5255437578125 0.29965559062499997 0.5257533296875 0.3107987671875 0.5395848046875 0.3133457890625 0.63242335625
33 0.49194673906249997 0.6152388 0.4865343484375 0.56284683125 0.5011796875 0.5364412859375001 0.5034083125000001 0.5224002390625 0.40471157812499997 0.5228193765625 0.40089107031250004 0.5603320234375 0.39770730625 0.6171249140625 0.49194673906249997 0.6152388
33 0.6035191906249999 0.5173182203125 0.58632685625 0.5154321078125 0.568497778125 0.5202521734375 0.5544892078125 0.518575625 0.5423908921875 0.513755565625 0.507033015625 0.5158512453124999 0.5089613625 0.557345675 0.5006835781250001 0.61434813125 0.5815512093749999 0.6103663390625 0.6035191906249999 0.5173182203125
33 0.6745042765625 0.5100357421874999 0.6442585109375 0.5108740078125 0.6394828640625 0.5016530234375 0.5812199828125 0.5020721609375001 0.579946471875 0.5165323421875 0.6057349624999999 0.5182088828125 0.5993674328124999 0.5502727609375 0.5993510671875 0.5506918984375 0.5910896484375 0.6095804593749999 0.6783248093750001 0.60098818125 0.668136746875 0.55299715 0.6745042765625 0.5100357421874999
33 0.6791956015625 0.6062273765625 0.7053024625 0.6039221343750001 0.7603816046875 0.599940340625 0.7476465453125 0.565780784375 0.740323875 0.521981103125 0.74096061875 0.510454871875 0.7460546625 0.5096166046875 0.7460546625 0.5066826515625 0.6773439031249999 0.511921846875 0.6686891671875 0.5540449890625 0.6772853234375 0.5879949812499999 0.6791956015625 0.6062273765625
33 0.7434976640625 0.5366508515625 0.745089546875 0.5481770828125 0.7489100546875 0.5672477609375 0.7584613484375 0.5995212125 0.8141772328125001 0.5976350984375001 0.8148139999999999 0.577726153125 0.8189528796875001 0.5580267734375 0.8243652953125 0.5441952984375 0.8313695671874999 0.5427283218750001 0.837418725 0.5351838828125 0.8447413953125 0.5200949968749999 0.8418760015625001 0.5112931453125 0.74618451875 0.5090402890625 0.7406322703125 0.51066444375 0.7403138984375001 0.5247054906249999 0.7434976640625 0.5366508515625
33 0.8234101562499999 0.5435665968750001 0.8192712765625 0.5578172078125 0.8138588609375 0.5934437421875 0.8743503921875 0.59449158125 0.8721217671874999 0.56326596875 0.8746687890624999 0.54754838125 0.8775341578125 0.5364412859375001 0.8788076921875 0.5284777109375 0.8807179218750001 0.5192567218749999 0.8851752218750001 0.5108740078125 0.882946546875 0.503539134375 0.87371365 0.508149628125 0.8440734875 0.5121838078125001 0.8447413953125 0.5190471578125 0.83232470625 0.5427283218750001 0.8234101562499999 0.5435665968750001
33 0.87371365 0.5938628703125 0.9205149828125 0.5923959015625 0.9189231 0.579402703125 0.91828635625 0.56284683125 0.9192414953125001 0.543147459375 0.92497228125 0.520514134375 0.9170128703125 0.508568765625 0.9096902015625 0.5175801812499999 0.8854574421875 0.5140175265625 0.8810363171875 0.518837584375 0.8727585109374999 0.5643138078125001 0.87371365 0.5938628703125
33 0.055809525000000006 0.760678878125 0.055172781250000004 0.8105560234375 0.1898460421875 0.7919044828125 0.19016439062499998 0.7374168515624999 0.18634388125 0.6963415484375 0.1067497609375 0.7005329062500001 0.07077323437500001 0.7047242625 0.05071550625 0.7070295140625 0.0500787625 0.7346924625 0.059630057812500005 0.7428656109375 0.055809525000000006 0.760678878125
33 0.1906228703125 0.757797328125 0.1979455375 0.7590547328125 0.1928515203125 0.77372448125 0.1928515203125 0.7906994734375 0.2145011046875 0.7909090375 0.3042832875 0.7684852859375 0.309695678125 0.7624078140625 0.30778542343750004 0.7414510296875 0.305238403125 0.710434990625 0.30492003125 0.7039383828125 0.3106508171875 0.6957652421875 0.3081037953125 0.681933759375 0.29027471718750003 0.6827720296875001 0.287409325 0.6731319124999999 0.23583234375 0.6771137015625001 0.23169344062500002 0.6919930140624999 0.187103215625 0.6979133078124999 0.193169890625 0.729296096875 0.19858228125 0.7318109046875 0.1906228703125 0.7420797328125001 0.1906228703125 0.757797328125
33 0.3189945296875 0.739879271875 0.3170842765625 0.7786493218749999 0.4094134546875 0.7652369765625 0.4094134546875 0.7453280328125 0.4071848046875 0.7182937859375 0.40368266875 0.697546565625 0.401135646875 0.6776376203125001 0.328763675 0.68350551875 0.330456078125 0.7050910046875 0.3295009390625 0.7157789703125 0.32345180625 0.7281434671875 0.3189945296875 0.739879271875
33 0.41385516562499997 0.758426021875 0.42404322812500006 0.7615695390624999 0.4616116375 0.757797328125 0.48580827031249996 0.75570165 0.502045465625 0.7513007125 0.4988617015625 0.7364213984375 0.49408605312500004 0.7272004109375 0.5036373484375 0.712321096875 0.5014086984375 0.6991183249999999 0.5026822078125 0.6898973359375 0.504910859375 0.680047653125 0.5214664265625 0.6704075281249999 0.5074578562500001 0.6666353093749999 0.4702078171875 0.6693596890625 0.43072912968750005 0.6762754265625001 0.40780603125 0.677742403125 0.40874612499999996 0.6787902421875 0.4122632828125 0.7064531984375 0.41608381562499996 0.71525505 0.4173573265625 0.7357927046875 0.41385516562499997 0.758426021875
33 0.5011631624999999 0.71384046875 0.49606914375000005 0.728719790625 0.50179990625 0.7530296562500001 0.5457358703125 0.74653305625 0.5422337328125 0.7322824375 0.5463726125 0.7226423203125 0.5559239078125 0.7012663984375 0.5648384578125001 0.6786330656249999 0.5632465765625 0.6631250484375 0.5594260671875 0.662077209375 0.521756153125 0.6690977296875 0.5030734171875 0.6803096140625 0.501481534375 0.6970750406249999 0.5011631624999999 0.71384046875
33 0.5454174984375 0.7314441625 0.5470093796875 0.7456947828125 0.581712421875 0.745066071875 0.6281953828125 0.740246021875 0.62501161875 0.7067151593750001 0.6202359703125 0.700218559375 0.62724024375 0.685129671875 0.6240564796875 0.664382453125 0.6240564796875 0.646150053125 0.6062274015625 0.6465691859375 0.60686414375 0.6536944921875001 0.584577790625 0.658304990625 0.563935953125 0.66281069375 0.5654752015625 0.6784235 0.554013653125 0.7073438609375 0.5454174984375 0.7314441625
33 0.6265010796875 0.7072874109375 0.6311276140625 0.7411447812499999 0.65643753125 0.7380994015625 0.674399396875 0.7370245671875 0.6754879984375 0.7307546859375 0.7076016328125 0.7269927609375 0.7002536046875 0.714452996875 0.6967156515624999 0.7033463484375 0.69889285625 0.693135396875 0.7067851765625 0.679879075 0.713044625 0.6599945953125 0.7062408859375 0.659457178125 0.7086902562499999 0.64655913125 0.635482003125 0.6547995484375 0.632739465625 0.645842575 0.6256846234375 0.646738271875 0.627861828125 0.687223796875 0.6265010796875 0.6972556046875 0.6265010796875 0.7072874109375
33 0.74596684375 0.7278436703125 0.7699160328125 0.72390260625 0.7650173328125 0.7000770515625 0.75903003125 0.6864624484374999 0.75331489375 0.664786575 0.7606629234375 0.641677584375 0.74433395 0.6411401640625 0.7410681640625 0.6330788875 0.7220176953124999 0.6345120046875 0.7212012390625 0.6450812328125 0.708954509375 0.6466934875 0.705416578125 0.659412390625 0.7143975 0.661382921875 0.6987277765625 0.695105928125 0.7048722656249999 0.7194241203125 0.708954509375 0.7273062453125 0.7456946984374999 0.72390260625 0.74596684375 0.7278436703125
33 0.7696438671875 0.72372345625 0.84040275 0.7174535750000001 0.834959759375 0.6898661015625 0.825978815625 0.6780428984375 0.8287003109375 0.6638908781249999 0.8270674390625 0.634153725 0.7623350671875 0.6415880125 0.7688274109375001 0.6569044359375 0.77345394375 0.665682271875 0.7606629234375 0.6920157765625 0.7696438671875 0.72372345625
33 0.836864796875 0.695598565625 0.8428520796875001 0.7178118625 0.8967376984375001 0.7074217671875 0.8921111640625 0.6757140796875001 0.8863960078125 0.6701607593750001 0.9019085656250001 0.6472309046875 0.9051743515625 0.6345120046875 0.9051743515625 0.629854378125 0.8534659375 0.632183190625 0.8521051890625 0.6235844968750001 0.8269627953124999 0.6259133078125 0.8276117296875001 0.6398861890624999 0.8278838546875 0.6638908781249999 0.8303332250000001 0.682879659375 0.836864796875 0.695598565625
33 0.1593511046875 0.9347945453125 0.1737750171875 0.8455830843750001 0.15799035625 0.8479118953125001 0.1536359671875 0.8359095562500001 0.042586265625 0.853644359375 0.061921556249999996 0.9459011875 0.077978384375 0.9451846265625001 0.10927558281250001 0.944826353125 0.1593511046875 0.9347945453125
33 0.26195149687499997 0.8699460484375001 0.26195149687499997 0.8590185437500001 0.2750146828125 0.838954921875 0.2722931875 0.8299979484375 0.17728405625000002 0.8462548562500001 0.163433346875 0.93515281875 0.2733817703125 0.91419350625 0.27011598281250004 0.8799778703125 0.26195149687499997 0.8699460484375001
33 0.279961334375 0.8521216765625 0.2821385390625 0.8566001640625001 0.27887275312500004 0.8644823031250001 0.2791448984375 0.8736184140625 0.2769676921875 0.8836502218750001 0.2753348 0.9158953265625 0.37276432656249997 0.8988770765625 0.3719479109375 0.8866956 0.37004283125000004 0.8714687453125001 0.364327715625 0.8569584375 0.3632390921875 0.8367156781249999 0.3588847234375 0.818085178125 0.3262267578125 0.8231010812499999 0.3221445140625 0.81271099375 0.2776271078125 0.8202796343750001 0.2769676921875 0.8282961296875 0.2731575953125 0.8309832203124999 0.2750626546875 0.8422690062499999 0.279961334375 0.8521216765625
33 0.3656741734375 0.8522560265625 0.36649063125 0.8680203046875 0.3751994078125 0.900265409375 0.4410596125 0.8882630703125001 0.43833811562499997 0.8628252578125 0.43942671874999994 0.841149384375 0.44459754374999993 0.818040390625 0.45031270156250003 0.8062171875 0.430990065625 0.808546 0.39778782968750004 0.8121287890625 0.361643153125 0.8175925421875 0.3648577375 0.83147585 0.3683956703125 0.8364917609375 0.36703492187500003 0.8447321734375001 0.3656741734375 0.8522560265625
33 0.44187604843750006 0.8875465109375 0.4568442734375 0.88485941875 0.4592936234375 0.8861133890625 0.5159007390625 0.8732153531250001 0.5207994375 0.8492106609375 0.519438690625 0.84222421875 0.5183500671875 0.83398380625 0.5243373906250001 0.818040390625 0.5278753015625 0.809620834375 0.530596796875 0.8013804203125 0.5237930578125 0.7956479562500001 0.45076138906249996 0.8048288546875 0.43997100937500006 0.835058640625 0.43861026093750005 0.8606755906249999 0.44187604843750006 0.8875465109375
33 0.5217312109375001 0.8457622203125 0.51764896875 0.8722748671874999 0.5916736375 0.8640344546875 0.5914014921875 0.8574062859374999 0.5987495218750001 0.8566897390625 0.5963001718750001 0.8364469734375 0.5919457828125 0.81280056875 0.5916736375 0.7979319874999999 0.592217928125 0.7855713609375 0.5796990531249999 0.7877210359375 0.5788826171875 0.7789432 0.527174203125 0.786108778125 0.527294225 0.7943044109375 0.5309842796875001 0.8011564968749999 0.5184654046875 0.8342973046875001 0.5217312109375001 0.8457622203125
33 0.6703248609375 0.8462996437499999 0.66324895625 0.8305353656250001 0.6616160843750001 0.8217575421875001 0.66324895625 0.8104717499999999 0.65807813125 0.8018730578125 0.6605274609375 0.7864670578124999 0.65807813125 0.775718690625 0.5960037046875 0.7860192109375 0.59330653125 0.81692076875 0.599565978125 0.8570480125 0.65617309375 0.8514946921875 0.6703248609375 0.8462996437499999
33 0.66624261875 0.8201452843749999 0.665698328125 0.830893653125 0.6692362796875 0.8373426703125 0.68121084375 0.8471953421875 0.7370015015625 0.8321476234375 0.7321028015625 0.8163833578125 0.7231218578124999 0.7972154265625 0.72121681875 0.788258453125 0.726659809375 0.77679353125 0.7258433531249999 0.76658258125 0.6700526953125 0.7742855765625001 0.6623321609375 0.775494765625 0.662160375 0.7934535015625 0.6607996265625 0.8058141203125 0.66624261875 0.8119048718749999 0.66624261875 0.8201452843749999
33 0.732830265625 0.8166072828125 0.732830265625 0.8223397406249999 0.7393618578125001 0.82520596875 0.7725640953124999 0.8269973640625 0.77310840625 0.8235937109375 0.7965132640625 0.8239519984375001 0.82372821875 0.8167864187499999 0.8297155 0.792781728125 0.832164871875 0.7816750859375 0.83679140625 0.7741512203124999 0.8351584921875 0.76394026875 0.8457723484375 0.7530127640625001 0.8343420343749999 0.7517587859375 0.8337977437499999 0.7436975109375 0.7684576937500001 0.7537741062500001 0.758684471875 0.7660899437500001 0.7502478406249999 0.7807793890625 0.7439883921875 0.796722790625 0.732830265625 0.8166072828125
33 0.24129996875 0.09918716718750001 0.2903832359375 0.1048734796875 0.2919538765625 0 0.15910876406250002 0.0013569578125 0.15491341875 0.026040678125 0.15923274062499998 0.0785097109375 0.2409073078125 0.09117465625 0.24129996875 0.09918716718750001
33 0.2950530265625 0.0000646171875 0.2915612453125 0.0927254625 0.4176070390625 0.107199696875 0.42192639062500004 0 0.2950530265625 0.0000646171875
33 0.5073110437499999 0.12180313437500001 0.5128083453125 0.0489151109375 0.497494390625 0.0026492984375000002 0.42461723281249997 0.0007107875 0.42013914375 0.12102774062499999 0.4484111234375 0.12464630000000002 0.44762577343750004 0.1148245 0.5073110437499999 0.12180313437500001
33 0.5917342624999999 0.133434203125 0.6097969296875 0.06519861406250001 0.6097969296875 0.01066181875 0.5379390140625 0.0021323609375 0.5276796703125 0.015572709374999999 0.513593725 0.051241328125 0.5065257234375 0.12154466875 0.551682328125 0.12723098125 0.5917342624999999 0.133434203125
33 0.661103259375 0.1438375515625 0.6646372609375 0.1508162046875 0.6897678984375 0.152367009375 0.6991918921875 0.0725003328125 0.6929092390625 0.034763970312499996 0.6508939453125 0.031662359375 0.6387213015625 0.019514353125 0.6204358640625001 0.025911437500000002 0.609664 0.059059985937500004 0.6045593593749999 0.100156421875 0.5967060359375 0.1345327 0.661103259375 0.1438375515625
33 0.6999772125 0.14409601562500002 0.751023809375 0.1521085453125 0.7718351265625001 0.0794789671875 0.7753690984375 0.054149085937499994 0.7702644859375 0.036314785937499997 0.7522018203124999 0.03915793125 0.7470971484375 0.0443272953125 0.724970621875 0.033988568749999996 0.6984065421875 0.06371241093749999 0.6893752390625 0.1513331328125 0.6964432109375001 0.1528839390625 0.6999772125 0.14409601562500002
33 0.789505103125 0.164773471875 0.8150284015624999 0.1665827609375 0.8185623734374999 0.13918513593749998 0.830735046875 0.14357908749999998 0.8546877046875 0.0487212578125 0.8232744140625 0.0492381953125 0.798095875 0.0381886765625 0.77104980625 0.0828390609375 0.7529871406249999 0.1492653796875 0.78597113125 0.153917815625 0.789505103125 0.164773471875
33 0.8943469484375 0.15029925625 0.8998443109375 0.13685891875 0.9116242953125001 0.0642293484375 0.8680383296875 0.061386203125000004 0.853062509375 0.057573790624999996 0.8472270125 0.0911100359375 0.8315203671875 0.13996052812499998 0.8943469484375 0.15029925625
33 0.903770971875 0.1795061703125 0.947356878125 0.1841585859375 0.9461788671875 0.1787307578125 0.9713095359375 0.1810569765625 0.9328282421875 0.12419397343750001 0.97209485625 0.10067337031250001 0.973665496875 0.075085015625 0.94382290625 0.0802543796875 0.9193169328125 0.068881775 0.90730494375 0.11799073281250001 0.8923836187499999 0.15857025 0.90730494375 0.16063798437500001 0.903770971875 0.1795061703125
33 0.8792879734374999 0.35821965625 0.871247953125 0.3727733625 0.888891340625 0.37027424531249997 0.8897846796875 0.3871800671875 0.8694612921875 0.449658096875 0.86655794375 0.4678869859375 0.8779479734375 0.46744597031249996 0.8777246421875 0.462447725 0.9317714546874999 0.4600956125 0.93780148125 0.4304001640625 0.9420448125 0.414817409375 0.9438314921875 0.39747056718749996 0.9340375421875 0.3642469484375 0.9335581328125 0.3614538140625 0.9101080671874999 0.36409994375 0.8792879734374999 0.35821965625
33 0.9308781328125001 0.459948596875 0.9337814640625 0.460536628125 0.9451715093749999 0.45950758281250004 0.9451715093749999 0.46450582812499996 0.9681749140625 0.463917796875 0.9701849062499999 0.4520102203125 0.9737582640625 0.430253159375 0.984254953125 0.416434484375 0.98916829375 0.398793628125 0.9871583015625 0.3848279484375 0.9771082734375 0.3729203734375 0.95432818125 0.3749784703125 0.933758409375 0.3646144671875 0.9447248484375 0.3979115875 0.9380248296874999 0.4286360828125 0.9308781328125001 0.459948596875