178 0.74296875 0.5671875 0.0703125 0.1703125
178 0.8296875 0.56953125 0.078125 0.1671875
178 0.925 0.58671875 0.08359375 0.178125
163 0.28828125 0.24765625 0.08671875 0.15
163 0.1890625 0.234375 0.040625 0.10234375
178 0.6125 0.571875 0.0578125 0.090625
931 0.596875 0.975 0.0546875 0.05
483 0.44921875 0.7515625 0.059375 0.11953125
483 0.3890625 0.709375 0.05625 0.16640625
931 0.4984375 0.43515625 0.03828125 0.03984375
483 0.3296875 0.69140625 0.053125 0.18828125
483 0.27890625 0.7078125 0.04375 0.12578125
483 0.209375 0.69765625 0.0328125 0.096875
483 0.171875 0.67890625 0.03359375 0.1078125
483 0.10078125 0.62578125 0.03125 0.07109375
483 0.04921875 0.6453125 0.053125 0.109375
931 0.08359375 0.4703125 0.040625 0.11953125
828 0.03984375 0.246875 0.0359375 0.08828125