635 0.1140625 0.3921875 0.059375 0.140625
635 0.18359375 0.396875 0.06875 0.13203125
635 0.24609375 0.26484375 0.06484375 0.12578125
635 0.253125 0.403125 0.0578125 0.13203125
635 0.3109375 0.40859375 0.05390625 0.1296875
635 0.3625 0.4171875 0.03984375 0.1203125
635 0.4046875 0.421875 0.0359375 0.109375
635 0.4078125 0.29765625 0.05 0.121875
635 0.4625 0.29765625 0.046875 0.1171875
635 0.453125 0.42265625 0.04765625 0.11796875
635 0.5125 0.421875 0.05390625 0.11015625
635 0.5640625 0.42421875 0.040625 0.10390625
635 0.61171875 0.43828125 0.04296875 0.09609375
635 0.6578125 0.44296875 0.040625 0.10234375
635 0.59375 0.32265625 0.04140625 0.10703125
635 0.6421875 0.3296875 0.040625 0.0984375
635 0.68671875 0.33203125 0.0421875 0.09921875
635 0.696875 0.43984375 0.028125 0.10625
635 0.75703125 0.44453125 0.03125 0.0921875
635 0.8140625 0.44375 0.03828125 0.08671875
635 0.86015625 0.4390625 0.03828125 0.12109375
234 0.971875 0.22734375 0.040625 0.11796875
234 0.98046875 0.37421875 0.03828125 0.09453125
234 0.98125 0.471875 0.03203125 0.0796875
608 0.9375 0.86484375 0.059375 0.1265625
608 0.31796875 0.0921875 0.06015625 0.1109375
608 0.24921875 0.07421875 0.0578125 0.1234375
608 0.17734375 0.0578125 0.06640625 0.115625
608 0.10546875 0.053125 0.06484375 0.10625
608 0.496875 0.05 0.04765625 0.09921875
608 0.559375 0.0671875 0.04375 0.11015625
608 0.61796875 0.09140625 0.040625 0.115625
608 0.72421875 0.18671875 0.0453125 0.10234375
747 0.4375 0.12265625 0.0546875 0.10078125
747 0.440625 0.034375 0.053125 0.0671875
234 0.2078125 0.7296875 0.0796875 0.10546875
5 0.2796875 0.7234375 0.04921875 0.115625
5 0.4625 0.70078125 0.05 0.11484375
5 0.51171875 0.7015625 0.0421875 0.11640625
5 0.5984375 0.69921875 0.04140625 0.10078125
5 0.63984375 0.69609375 0.0359375 0.1015625
5 0.6828125 0.69296875 0.03984375 0.09921875
5 0.7109375 0.640625 0.0234375 0.08984375
5 0.7375 0.65703125 0.025 0.11015625
5 0.7796875 0.6703125 0.04609375 0.11328125
5 0.82890625 0.67421875 0.04296875 0.11328125
5 0.8671875 0.671875 0.03203125 0.109375
5 0.9015625 0.67578125 0.034375 0.11015625
5 0.93515625 0.66953125 0.028125 0.10546875
5 0.97109375 0.66328125 0.03125 0.10234375
5 0.99296875 0.6640625 0.01328125 0.09375
7 0.39921875 0.70703125 0.0453125 0.11328125
7 0.3359375 0.71328125 0.046875 0.11953125
7 0.5546875 0.69375 0.03828125 0.10625