594 0.76328125 0.328125 0.10625 0.196875
584 0.86796875 0.34375 0.0828125 0.15
584 0.95546875 0.24609375 0.0890625 0.0578125
932 0.90859375 0.65078125 0.08046875 0.1109375
932 0.91015625 0.76875 0.078125 0.0875
606 0.53125 0.66796875 0.06484375 0.2078125
606 0.58828125 0.61328125 0.046875 0.09375
760 0.721875 0.703125 0.05546875 0.1703125
761 0.66328125 0.72265625 0.05 0.12265625
761 0.609375 0.72109375 0.04609375 0.11015625
761 0.2515625 0.8953125 0.05703125 0.11484375
761 0.20390625 0.8828125 0.034375 0.1328125
761 0.1625 0.86875 0.0484375 0.13046875
750 0.65234375 0.37734375 0.090625 0.10859375
750 0.396875 0.103125 0.06796875 0.09765625
497 0.3265625 0.11328125 0.05234375 0.10390625
497 0.27109375 0.12734375 0.06484375 0.109375
886 0.315625 0.67421875 0.0453125 0.12734375