884 0.475 0.41171875 0.1171875 0.26328125
884 0.59140625 0.42265625 0.11328125 0.2609375
884 0.71484375 0.3953125 0.13671875 0.32578125
884 0.85 0.40390625 0.1359375 0.3265625
797 0.58046875 0.23046875 0.096875 0.128125
797 0.48828125 0.21875 0.0875 0.13125
797 0.3953125 0.20234375 0.09453125 0.12890625
27 0.06875 0.265625 0.0890625 0.51328125
225 0.3171875 0.390625 0.19375 0.296875
490 0.171875 0.3078125 0.090625 0.44140625
884 0.53046875 0.915625 0.14609375 0.16875
27 0.07421875 0.8328125 0.06953125 0.33046875
27 0.0203125 0.825 0.040625 0.34921875
884 0.37890625 0.9203125 0.1515625 0.159375
884 0.2171875 0.91953125 0.16875 0.1609375
884 0.6734375 0.9171875 0.13359375 0.16484375
884 0.8109375 0.9140625 0.1421875 0.171875
884 0.65 0.80625 0.1203125 0.05703125
884 0.77890625 0.75390625 0.13828125 0.13203125
884 0.52265625 0.75546875 0.13125 0.13359375
884 0.38515625 0.75078125 0.13671875 0.14140625
884 0.234375 0.75546875 0.15 0.14140625