5 0.196875 0.67265625 0.0578125 0.12421875
5 0.384375 0.65390625 0.0453125 0.1109375
5 0.4359375 0.64296875 0.04375 0.1015625
5 0.525 0.6390625 0.04140625 0.10390625
5 0.56484375 0.63359375 0.034375 0.09296875
5 0.6109375 0.63515625 0.03671875 0.09296875
5 0.63515625 0.57265625 0.01796875 0.0875
5 0.6640625 0.5875 0.025 0.1
5 0.70078125 0.60859375 0.04609375 0.1
5 0.7484375 0.60234375 0.03828125 0.1015625
5 0.7875 0.60078125 0.03203125 0.09140625
5 0.8203125 0.60234375 0.034375 0.1
5 0.85390625 0.60234375 0.021875 0.096875
5 0.88671875 0.60078125 0.028125 0.09453125
5 0.915625 0.5921875 0.02109375 0.0875
5 0.94296875 0.59140625 0.025 0.08203125
5 0.96875 0.58515625 0.02265625 0.0828125
5 0.99140625 0.584375 0.0171875 0.08203125
7 0.32421875 0.6640625 0.04765625 0.10703125
7 0.2546875 0.66484375 0.04609375 0.109375
7 0.4796875 0.6375 0.04140625 0.10078125
234 0.128125 0.68984375 0.078125 0.115625
608 0.85 0.7875 0.04453125 0.11796875
608 0.92890625 0.72734375 0.04140625 0.084375
608 0.21328125 0.0421875 0.0609375 0.08359375
608 0.528125 0.040625 0.04609375 0.08125
635 0.146875 0.21171875 0.06796875 0.1390625
635 0.021875 0.34453125 0.04140625 0.140625
635 0.08203125 0.340625 0.06796875 0.1375
635 0.1578125 0.353125 0.06484375 0.12578125
635 0.221875 0.35078125 0.05546875 0.1171875
635 0.278125 0.36796875 0.04765625 0.12265625
635 0.32109375 0.3671875 0.03671875 0.10625
635 0.325 0.240625 0.053125 0.11796875
635 0.378125 0.24765625 0.05078125 0.128125
635 0.3734375 0.37421875 0.05078125 0.11328125
635 0.43203125 0.365625 0.04921875 0.10703125
635 0.48359375 0.36875 0.040625 0.10703125
635 0.534375 0.3796875 0.04296875 0.1125
635 0.58046875 0.38125 0.040625 0.1015625
635 0.625 0.38203125 0.0390625 0.09375
635 0.61171875 0.27890625 0.04296875 0.10078125
635 0.56171875 0.265625 0.040625 0.10078125
635 0.515625 0.26875 0.0390625 0.103125
635 0.67421875 0.38671875 0.0328125 0.09921875
635 0.73515625 0.38203125 0.040625 0.08984375
635 0.77734375 0.39140625 0.03984375 0.0921875
234 0.88046875 0.16328125 0.0546875 0.115625
234 0.89453125 0.31171875 0.03359375 0.0859375
234 0.92734375 0.31796875 0.0296875 0.0953125
234 0.89296875 0.39921875 0.025 0.084375