702 0.35234375 0.37734375 0.08359375 0.2125
702 0.5 0.39296875 0.0671875 0.20859375
702 0.43046875 0.38203125 0.071875 0.21015625
702 0.56953125 0.3921875 0.06875 0.2
702 0.78203125 0.403125 0.07109375 0.2
702 0.71171875 0.3984375 0.06953125 0.2015625
702 0.640625 0.3953125 0.07265625 0.2078125
755 0.6359375 0.12578125 0.0359375 0.12109375
755 0.67109375 0.13203125 0.03515625 0.12109375
755 0.69765625 0.13828125 0.01875 0.08203125
755 0.790625 0.1609375 0.02421875 0.0703125
755 0.765625 0.16015625 0.0234375 0.065625
755 0.7328125 0.159375 0.025 0.071875
38 0.60234375 0.13515625 0.03125 0.09921875
38 0.57265625 0.13828125 0.02734375 0.084375
38 0.5390625 0.11875 0.03984375 0.1234375
651 0.50859375 0.13359375 0.02265625 0.07578125
651 0.4828125 0.125 0.0265625 0.09140625
651 0.45234375 0.10703125 0.0359375 0.1203125
651 0.415625 0.103125 0.0375 0.11328125
651 0.378125 0.10703125 0.0375 0.12578125
651 0.33828125 0.103125 0.0359375 0.12734375
953 0.2796875 0.3859375 0.06328125 0.1953125
953 0.21328125 0.38671875 0.06796875 0.19140625
953 0.14765625 0.38671875 0.0640625 0.19140625
67 0.140625 0.7375 0.0640625 0.22421875
67 0.20078125 0.75 0.053125 0.2265625
15 0.271875 0.709375 0.08671875 0.29765625
15 0.35546875 0.70234375 0.0765625 0.296875
15 0.55 0.69140625 0.07734375 0.30234375
15 0.62578125 0.72734375 0.07109375 0.27421875
82 0.484375 0.7453125 0.0609375 0.24921875
82 0.42578125 0.71640625 0.0625 0.29296875
80 0.76796875 0.73671875 0.071875 0.2578125
80 0.69609375 0.73828125 0.0671875 0.25546875
945 0.84375 0.7484375 0.07734375 0.23984375
945 0.975 0.74453125 0.04921875 0.234375
945 0.91640625 0.75078125 0.06640625 0.2421875
889 0.91640625 0.4328125 0.0609375 0.14296875
889 0.859375 0.32265625 0.0578125 0.1171875
889 0.85390625 0.44375 0.06484375 0.1171875
842 0.865625 0.1 0.059375 0.2
842 0.928125 0.1 0.0671875 0.19765625