142 0.92890625 0.35703125 0.1421875 0.24296875
142 0.92578125 0.6890625 0.13671875 0.2171875
142 0.9078125 0.89921875 0.090625 0.178125
142 0.35703125 0.0578125 0.0390625 0.1109375
142 0.309375 0.0625 0.04296875 0.1171875
584 0.47734375 0.32265625 0.10859375 0.16171875
584 0.565625 0.34140625 0.065625 0.1328125
584 0.65859375 0.24921875 0.0859375 0.05390625
932 0.59375 0.61171875 0.0671875 0.09765625
932 0.59375 0.703125 0.05703125 0.08359375
191 0.81484375 0.70234375 0.05546875 0.1515625
750 0.38515625 0.359375 0.071875 0.1046875
645 0.72890625 0.94296875 0.0484375 0.1140625
645 0.78046875 0.94609375 0.046875 0.1078125