743 0.51328125 0.79453125 0.10625 0.06875
743 0.3890625 0.79296875 0.121875 0.06484375
44 0.2515625 0.79140625 0.1375 0.06171875
44 0.12734375 0.79296875 0.10078125 0.06953125
855 0.33671875 0.71328125 0.1046875 0.05078125
855 0.43984375 0.7109375 0.09375 0.059375
855 0.53828125 0.70859375 0.1078125 0.05546875
855 0.64765625 0.7109375 0.10859375 0.059375
164 0.66796875 0.63984375 0.11484375 0.053125
164 0.56796875 0.63828125 0.10078125 0.05625
164 0.46328125 0.6375 0.115625 0.0515625
156 0.10078125 0.63828125 0.09765625 0.053125
156 0.20078125 0.63828125 0.09609375 0.05234375
164 0.16953125 0.5578125 0.12890625 0.0546875
164 0.28671875 0.55625 0.11484375 0.06015625
164 0.72734375 0.5578125 0.1125 0.05703125
164 0.8640625 0.56015625 0.13046875 0.06484375
164 0.7640625 0.4796875 0.10625 0.06640625
164 0.6546875 0.48046875 0.1109375 0.0578125
164 0.53828125 0.4796875 0.10234375 0.06328125
164 0.43125 0.478125 0.10625 0.0609375
164 0.3390625 0.47890625 0.084375 0.05625
164 0.24296875 0.478125 0.10546875 0.0640625
689 0.20625 0.39296875 0.1203125 0.065625
689 0.32109375 0.38984375 0.1125 0.0703125
689 0.5390625 0.396875 0.10390625 0.06015625
689 0.65234375 0.4 0.10234375 0.05625
689 0.75390625 0.40078125 0.09609375 0.05859375
689 0.84609375 0.4046875 0.0859375 0.04765625
689 0.59375 0.30546875 0.1078125 0.065625
689 0.709375 0.30703125 0.11640625 0.06484375
689 0.36328125 0.30390625 0.1109375 0.0609375
689 0.240625 0.30078125 0.11953125 0.06015625
689 0.121875 0.30390625 0.11796875 0.05625
689 0.2515625 0.23125 0.121875 0.06796875
689 0.37578125 0.240625 0.1109375 0.05703125
689 0.49375 0.240625 0.10625 0.05703125
689 0.60390625 0.2484375 0.08984375 0.04296875
689 0.8046875 0.23671875 0.10546875 0.06953125
689 0.91484375 0.23984375 0.1 0.0671875