797 0.34205723906249996 0.4701997890625 0.35205561875 0.346829828125 0.11577005625 0.3272323015625 0.094598384375 0.8203039015625 0.16583651875 0.8403097953125 0.2258265953125 0.838642659375 0.27956761406249997 0.8253053109374999 0.28956599375000003 0.44352521874999995 0.34205723906249996 0.4701997890625
797 0.28206725625 0.8303068484375 0.465786715625 0.8436441953125 0.5370249453125 0.50354303125 0.4107958265625 0.5252161890625 0.28946416875000003 0.4421992046875 0.28206725625 0.8303068484375
797 0.5445236796875 0.5085445671875 0.46953613125000004 0.8403097953125 0.503280490625 0.8553142796875 0.5445236796875 0.8653172281250001 0.6282597390625 0.8719859015625 0.6557551359375 0.8569814171875001 0.6770017609375001 0.73194425625 0.708246571875 0.5552250953125 0.6507560406249999 0.5552250953125 0.59326560625 0.5702295171875 0.614512040625 0.50354303125 0.5945153796875 0.47186698906249996 0.5237499703124999 0.46916666874999996 0.51827805625 0.47186698906249996 0.503280490625 0.50354303125 0.5445236796875 0.5085445671875
797 0.793232309375 0.605239959375 0.8694697265625001 0.5485564203125 0.730742684375 0.4802027984375 0.6777569156250001 0.5003792171875 0.6607544203125 0.56356090625 0.7057468359375 0.5618937046875 0.6595045515625 0.8486456062500001 0.8019810093749999 0.8553142796875 0.788233215625 0.6885980671875 0.793232309375 0.605239959375
797 0.3808008828125 0.3368268171875 0.40454686406249996 0.39184321875 0.46328716718749996 0.4235192609375 0.490782565625 0.260137384375 0.35205561875 0.2417986265625 0.345624971875 0.24416666875 0.355805034375 0.28014334218750003 0.34955607187500004 0.3418283546875 0.355805034375 0.370170059375 0.3808008828125 0.3368268171875
797 0.610762625 0.2951477640625 0.490782565625 0.2784761421875 0.4893749703125 0.28375000156249996 0.48203405625 0.3818402078125 0.59951456875 0.3668357859375 0.6220107765625 0.343495490625 0.610762625 0.2951477640625
797 0.6157618140625 0.2684731953125 0.6128124703125 0.2733333359375 0.6195112296875 0.3584999765625 0.7657369125 0.3584999765625 0.749489571875 0.25847024687500003 0.6157618140625 0.2684731953125
797 0.69199923125 0.38684168125 0.7094962515625001 0.4685326515625 0.7019976109375 0.48687140937500006 0.8657203109375 0.5368862734375 0.9844505984374999 0.5218818515625 1 0.4401908828125 0.9794515046875001 0.3985118296875 0.6190624703125 0.35666666875 0.61201249375 0.3501641640625 0.5982647 0.4385237453125 0.69199923125 0.38684168125
797 0.771985875 0.27347466875 0.7659374703124999 0.2733333359375 0.770736196875 0.3685029234375 0.8982149937499999 0.3818402078125 0.876968559375 0.285144815625 0.771985875 0.27347466875
797 0.9782016359375 0.515213178125 0.8782182374999999 0.5235489890625 0.796981725 0.603572759375 0.7956249703125 0.6045833359375 0.813229065625 0.8686516281250001 0.9569552015625 0.875320175 0.9632041640625 0.7702890359375 0.9782016359375 0.515213178125
549 0.1108456296875 0.47353412500000003 0.11334527187500001 0.32682387031250004 0.2133286703125 0.346829828125 0.23082578437499998 0.2784761421875 0.21207889687499998 0.24846723593750003 0.0456249703125 0.23375000156249998 0.048356004687499995 0.23679708906250002 0.01586141875 0.45352816718750005 0.1108456296875 0.47353412500000003
549 0.10709630781249999 0.8169695000000001 0.13209215937500002 0.46353117812500005 0.006562470312500001 0.4483333359375 0.0058631359375 0.45519536718750003 0 0.833641121875 0.10709630781249999 0.8169695000000001