163 0.88515625 0.2578125 0.14140625 0.24453125
163 0.7078125 0.275 0.07421875 0.16953125
163 0.7765625 0.29140625 0.04453125 0.165625
828 0.1828125 0.2875 0.05234375 0.11484375
828 0.2375 0.28359375 0.05 0.115625
828 0.290625 0.28671875 0.05 0.12578125
828 0.34765625 0.27578125 0.053125 0.125
828 0.4125 0.27265625 0.05859375 0.12734375
828 0.47734375 0.32109375 0.0625 0.03828125
828 0.52421875 0.2515625 0.05546875 0.0890625
828 0.5921875 0.25546875 0.065625 0.0703125
828 0.5328125 0.3140625 0.03203125 0.0171875
828 0.5484375 0.3171875 0.06171875 0.02421875
828 0.6078125 0.31796875 0.02421875 0.0328125
828 0.55 0.3234375 0.06640625 0.02265625
828 0.6265625 0.3140625 0.07578125 0.03046875
762 0.05546875 0.3921875 0.1078125 0.19375
931 0.453125 0.56796875 0.05390625 0.1625
931 0.62734375 0.5984375 0.07421875 0.1859375
931 0.69453125 0.621875 0.06328125 0.140625
931 0.51640625 0.59296875 0.0578125 0.16484375
931 0.56953125 0.63828125 0.034375 0.08671875
483 0.9671875 0.890625 0.065625 0.2125
483 0.88125 0.87890625 0.1 0.2421875
483 0.78671875 0.89921875 0.07578125 0.18125
483 0.53046875 0.83984375 0.0546875 0.2015625
483 0.2234375 0.771875 0.078125 0.2
483 0.30390625 0.784375 0.06484375 0.18828125
483 0.4640625 0.83125 0.04296875 0.159375
483 0.38359375 0.8171875 0.07421875 0.1578125
483 0.59609375 0.8640625 0.065625 0.17734375
483 0.6625 0.8890625 0.05 0.15390625
483 0.7203125 0.9328125 0.04921875 0.10234375