142 0.04765625 0.31796875 0.09296875 0.23671875
142 0.05078125 0.64375 0.09765625 0.23828125
142 0.23671875 0.615625 0.12578125 0.2109375
142 0.2390625 0.34921875 0.159375 0.25703125
142 0.24296875 0.903125 0.1203125 0.19296875
142 0.0484375 0.9296875 0.096875 0.140625
635 0.3625 0.53984375 0.0609375 0.1296875
635 0.4265625 0.53984375 0.05703125 0.12421875
635 0.4890625 0.53984375 0.0546875 0.1203125
635 0.471875 0.4109375 0.05625 0.125
635 0.5421875 0.53984375 0.04609375 0.121875
635 0.5875 0.54140625 0.040625 0.115625
635 0.63046875 0.540625 0.0375 0.1140625
635 0.62890625 0.42109375 0.04765625 0.1203125
635 0.6828125 0.540625 0.05234375 0.11328125
635 0.6828125 0.41796875 0.0515625 0.11796875
635 0.8 0.53671875 0.05 0.11484375
635 0.853125 0.5359375 0.0484375 0.1109375
635 0.90703125 0.5359375 0.05 0.11171875
635 0.96015625 0.5359375 0.04609375 0.10390625
635 0.82421875 0.41875 0.0484375 0.1140625
635 0.87421875 0.41796875 0.04453125 0.10625
635 0.92890625 0.41953125 0.05546875 0.11171875
635 0.9921875 0.53359375 0.015625 0.10703125
607 0.475 0.1109375 0.0578125 0.11796875
607 0.6 0.1109375 0.05625 0.1203125
607 0.35234375 0.23203125 0.05625 0.0875
607 0.415625 0.225 0.05625 0.1140625
607 0.35390625 0.12421875 0.05703125 0.12265625
607 0.47890625 0.23046875 0.05703125 0.1078125
607 0.41484375 0.11796875 0.053125 0.090625
607 0.540625 0.2328125 0.05625 0.10703125
607 0.53671875 0.1125 0.05625 0.1203125
607 0.7109375 0.153125 0.053125 0.1140625
235 0.6578125 0.128125 0.04765625 0.11796875
235 0.65625 0.24140625 0.0453125 0.1
80 0.6 0.23359375 0.0546875 0.1140625
635 0.37734375 0.740625 0.06484375 0.08828125
635 0.375 0.875 0.078125 0.109375
234 0.45546875 0.8671875 0.07109375 0.1125
809 0.571875 0.84765625 0.0515625 0.1265625
809 0.63671875 0.84375 0.05390625 0.1234375
809 0.8046875 0.82734375 0.0484375 0.11640625
635 0.74609375 0.5375 0.05625 0.12109375