202 0 0.46918367187500004 0.1597455703125 0.4684914359375 0.1397560890625 0.36154936875 0.1397560890625 0.3449661828125 0.091160025 0.330886115625 0.0762572109375 0.3064806703125 0 0.3083580140625 0 0.46918367187500004
202 0.1520671015625 0.340898609375 0.1423478890625 0.3480950859375 0.1365163515625 0.35748179687500004 0.16049039062499998 0.46793210468749996 0.2952634953125 0.46793210468749996 0.2959114328125 0.42537902031249997 0.2836004203125 0.3862677375 0.297207309375 0.377506784375 0.297207309375 0.3521626578125 0.303686784375 0.3412114953125 0.2946155578125 0.334640803125 0.21945360625000002 0.33338923593750003 0.1961275046875 0.3127384765625 0.1060627875 0.30210020625 0.0892695765625 0.3062280859375 0.10087923750000001 0.32681854375 0.1572506515625 0.32400253125 0.176041140625 0.33307635156250004 0.1520671015625 0.340898609375
202 0.296421984375 0.354508634375 0.297717909375 0.3786011953125 0.296421984375 0.3973746171875 0.30095764687500004 0.4677749484375 0.463592465625 0.46840074375 0.455169128125 0.41896405625 0.460352728125 0.36233089375 0.4668322046875 0.3482508265625 0.452577378125 0.3410543515625 0.42665947656250003 0.3354223265625 0.40462925 0.332606309375 0.40462925 0.32478405625 0.4759034796875 0.3035075078125 0.41734747656250004 0.30388210937500004 0.357977 0.32760006875 0.322987871875 0.33385787499999997 0.30938093437499997 0.3410543515625 0.296421984375 0.354508634375
202 0.8172683078125 0.46698874687499997 0.828283446875 0.343397053125 0.8198601078125 0.3318201140625 0.78422299375 0.3252494140625 0.7907024687499999 0.3199302765625 0.77709558125 0.31648848749999997 0.8218039703125 0.3017826375 0.7472900046875 0.302095528125 0.7421064046875 0.3221205109375 0.6611129640625 0.3349490171875 0.65139375 0.35935446875 0.6611129640625 0.4535344765625 0.6611129640625 0.46698874687499997 0.8172683078125 0.46698874687499997
202 0.9166264703125 0.3177121828125 0.82452236875 0.3348567890625 0.8286387312500001 0.346286528125 0.8162895656250001 0.4667957203125 0.9896923421875 0.4665472515625 0.98814868125 0.45611141093749996 0.9912360015624999 0.34529264375 0.978372296875 0.3316266578125 0.9588194484375 0.32765108593750003 0.9644794703124999 0.32417247968749996 0.9613921890625001 0.32069385625 0.9572757875000001 0.3177121828125 0.991750503125 0.3003191046875 0.9058838874999999 0.30062401250000004 0.904791884375 0.3040461921875 0.9228010718749999 0.30603397656250003 0.928975634375 0.312494259375 0.9166264703125 0.3177121828125
202 0.9737259375 0.62445508125 0.9660077140625001 0.5896689312500001 0.9660077140625001 0.5829601703125 0.97835691875 0.547428596875 0.9799005781250001 0.530035521875 0.9732114359375 0.5245691140625001 0.9546876687499999 0.5146302171875 0.7905467765624999 0.5143817421875 0.7962068390625 0.5640762500000001 0.8049541421875 0.6562595765625 0.9721823546874999 0.6567565140625 0.9737259375 0.62445508125
202 0.6073676156250001 0.5531434640625 0.6027366734374999 0.571281959375 0.5975911921875 0.640605796875 0.6192022406250001 0.6557626390625 0.8039250625 0.6565080453125 0.8018668609375 0.5938929578125001 0.7920904375 0.530780928125 0.7797412718750001 0.5161210484375001 0.620231321875 0.5153756328125 0.6027366734374999 0.521587446875 0.6073676156250001 0.5531434640625
202 0.21828373281250002 0.6516581953125 0.3927155890625 0.6529005578125 0.37933730312499997 0.5627050109375 0.3880846859375 0.5376092859375 0.39837565 0.528167334375 0.40146289218750003 0.5164891125 0.2290892359375 0.5174830078125 0.21416732968750002 0.5296581625 0.21005096874999998 0.54779665625 0.21005096874999998 0.55699014375 0.21828373281250002 0.6516581953125
202 0.0340754703125 0.5296581625 0.048997357812499996 0.6494219375 0.21931281249999998 0.6524036015625 0.21005096874999998 0.553511528125 0.213652790625 0.5291612140625 0.22270770468749998 0.51735150625 0.2229146734375 0.517234534375 0.0515700984375 0.515743696875 0.0340754703125 0.5296581625
202 0.24439052499999997 0.770314790625 0.2387305015625 0.7367709953125 0.2407887015625 0.7079481859375 0.22483771562500002 0.695276075 0.0946569984375 0.6940337125 0.080249671875 0.7037241453124999 0.081278753125 0.798889153125 0.22329405468750002 0.8001315171875 0.24439052499999997 0.770314790625
202 0.2541669484375 0.7747872953125 0.24541964374999997 0.7896956484375 0.27114705625 0.8016223296874999 0.366338478125 0.8021192765625 0.40801691562500003 0.7911864890625 0.40647325468749995 0.7757811890624999 0.4136768984375 0.7757811890624999 0.409560496875 0.7144084640624999 0.403385934375 0.706208871875 0.36530939687499997 0.6999970578125 0.3637657359375 0.69626996875 0.24387598437500002 0.6960214953125 0.24490510312499997 0.6977608 0.2402741625 0.7106813765625 0.242846903125 0.7422373921875 0.2536524078125 0.759133525 0.2541669484375 0.7747872953125
202 0.6676711562500001 0.7920556015625 0.7422806875 0.79876434375 0.770580840625 0.8000067062499999 0.7855027078125 0.7937948921875 0.8143174390624999 0.711302 0.79939549375 0.69937531875 0.6736554484374999 0.6983717484375 0.6717875578125 0.7137867250000001 0.670243896875 0.777147246875 0.6717875578125 0.7813712640625 0.6676711562500001 0.7920556015625
202 0.9594546234375001 0.8064038546875001 0.9661437671875 0.8011859250000001 0.981065634375 0.7226685953125 0.9661437671875 0.7119842859375 0.9604837046875 0.7047785734375 0.9471054984375 0.699809121875 0.8400794125 0.698566759375 0.835121759375 0.70085573125 0.813837459375 0.711487334375 0.7819354859375001 0.7942287140625 0.820526603125 0.8049130140624999 0.9594546234375001 0.8064038546875001
202 0.8865072515625 0.9971888078125 0.9019436984375 0.89034560625 0.8931963953125001 0.8597834890625 0.8592362187499999 0.8498445859375 0.8314506078124999 0.8456205453125 0.72957004375 0.8438812359375 0.7228809390625 0.847608325 0.7336864453125 0.8699708546875 0.743977409375 0.901526871875 0.7249391015625 0.9956979765625 0.8865072515625 0.9971888078125
202 0.5738959234375 0.91003510625 0.57698320625 0.9294159640625 0.5713231828125 0.9555055828125001 0.5646340796875 0.961468928125 0.5687504421875 0.9932734234374999 0.7272313109375 0.9942672984375 0.735978615625 0.9304098578125 0.7431823375 0.9075503796875 0.7395804375 0.88493938125 0.7220858296875 0.8566135046875001 0.6984166187499999 0.84990474375 0.659310921875 0.8461776546875001 0.6546800187499999 0.8439414031249999 0.6166034421875 0.84344445625 0.6151158703124999 0.842753246875 0.6140307015625 0.8553711421875001 0.5821286875 0.8546257265625 0.5713231828125 0.869534075 0.5738959234375 0.91003510625
202 0.263184571875 0.9196642531249999 0.263184571875 0.9288577390625001 0.2709027953125 0.9904789421875 0.43298548593749997 0.9912243484375001 0.439674628125 0.9860064281250001 0.439674628125 0.9780553140625001 0.44224736875000004 0.9159371640625 0.44584919218749997 0.8918353234374999 0.46591661875 0.8866174046875 0.47414934375 0.884629625 0.4772366640625 0.8587884750000001 0.47878032499999995 0.8560552859375001 0.4782657453125 0.8448740203125 0.446878271875 0.8413953968750001 0.3339972328125 0.8402692640625 0.29817386562500003 0.8476072109375 0.2580390890625 0.8804055906249999 0.2600972890625 0.9027681203125001 0.263184571875 0.9196642531249999
202 0.09915534375 0.9869397796875001 0.271529 0.9901699296875 0.264839896875 0.919106771875 0.25815075468750004 0.8781088 0.2874799859375 0.8584794640625001 0.2643253171875 0.8398440218750001 0.1326468140625 0.8393377703124999 0.077544334375 0.850031396875 0.080631615625 0.8763694890625 0.0693115703125 0.8925202062500001 0.09915534375 0.9869397796875001
202 0 0.26158074375 0.19014245624999998 0.252689609375 0.33891270156250003 0.24557670312500002 0.302824853125 0.0784233921875 0.302193725 0.0347539390625 0.2652640546875 0.021520131249999998 0.1304870640625 0.040369337500000005 0 0.0471266109375 0 0.26158074375
202 0.34270680468750003 0.2473999015625 0.621511615625 0.24515134062500002 0.6267501296875 0.23306524999999997 0.608706403125 0.16701340468749998 0.6011396578125 0.13806302343750002 0.621511615625 0.12204193593749998 0.6599273453125 0.0832540515625 0.63140659375 0.0801622515625 0.5563213671875 0.0798811796875 0.3048731671875 0.05711437968750001 0.306619353125 0.09477798125 0.329901590625 0.191185565625 0.32931954375 0.21620094843749998 0.34270680468750003 0.2473999015625
202 0.6435218078125 0.24459254531250002 0.7593509515625 0.24065753750000002 0.7855434703124999 0.1774164203125 0.8041692421875 0.1155806515625 0.7936922625 0.10855385937499999 0.729084015625 0.09871635625 0.696545571875 0.0931474046875 0.6563270203125 0.10489991875 0.6371192015625 0.12063993906249999 0.6330447828125 0.13441244531250002 0.6435218078125 0.24459254531250002
202 0.80064854375 0.115223253125 0.78351606875 0.181753384375 0.7856576484375 0.24242330937499998 1 0.2400102859375 0.9983857046875 0.0014671046875 0.754310525 0.028947453125 0.7885130703125001 0.06627363593749999 0.7806607015625 0.10763950625 0.7970792796875 0.109363084375 0.80064854375 0.115223253125
807 0.6202163546875 0.366140709375 0.5968404765625 0.363036490625 0.5524263171875 0.3582390515625 0.49983059062499996 0.3593678703125 0.4612604 0.3641652921875 0.45658520625000004 0.41750152187499995 0.4665199828125 0.46745128124999996 0.621385175 0.467733478125 0.6225539515625 0.3842016515625 0.6202163546875 0.366140709375
807 0.39171880625 0.6525522046875001 0.510379578125 0.6547774796875 0.5253561671875 0.6511614125 0.529964325 0.643094825 0.532844440625 0.6280742890625 0.52593218125 0.62195478125 0.529964325 0.569939159375 0.5276602671874999 0.5629852 0.52593218125 0.5496335984375 0.5178678515625 0.542957809375 0.48676259999999993 0.5385072625 0.4452889625 0.53795095 0.41706382656249996 0.5398980546875001 0.388303946875 0.5454445703124999 0.3807744046875 0.56465415625 0.38538256249999997 0.5882976203125 0.39171880625 0.6525522046875001
807 0.52795040625 0.7182233609375 0.5239182625 0.7040372828125 0.53025450625 0.69736148125 0.41134869218750003 0.6969955718749999 0.4133218203125 0.776636625 0.52795040625 0.7771929640625 0.53025450625 0.7707953015625 0.52795040625 0.7182233609375
807 0.5285264203125 0.728793378125 0.5314065343750001 0.77608030625 0.60283339375 0.7735768859375 0.6091696390625 0.803061671875 0.6564035500000001 0.804174309375 0.6702280671875 0.7941606015625 0.67483626875 0.7799745484375 0.6725322125 0.7791400546875 0.671956153125 0.7274025859375 0.6661959234375 0.7173888890625 0.677716384375 0.7082096640625 0.6765643546875 0.6984741140625 0.5366544953125 0.697690759375 0.5256463046875 0.703759128125 0.52795040625 0.712103875 0.5267983765625 0.72183941875 0.5285264203125 0.728793378125
807 0.443704053125 0.9179527296875 0.43679179531249995 0.9560604312500001 0.43679179531249995 0.9721936375 0.442552025 0.9913865390625001 0.569277084375 0.9924991765625 0.565244896875 0.9605109609375001 0.5761893421875001 0.947993834375 0.5727332125 0.9196216749999999 0.573885240625 0.9082171859375 0.56409286875 0.8957000578125 0.5491162796875 0.8895805703124999 0.5249232875 0.885686365625 0.49497010937499997 0.8834610890624999 0.47256129687500004 0.884348759375 0.472505203125 0.8851300359375 0.44658416875 0.8931966328125001 0.443704053125 0.9179527296875