142 0.94375 0.3640625 0.1125 0.23125
142 0.940625 0.68984375 0.11875 0.22890625
142 0.92109375 0.9 0.1015625 0.1734375
142 0.37578125 0.05078125 0.0390625 0.1015625
142 0.33203125 0.05625 0.0390625 0.1125
932 0.60703125 0.60625 0.065625 0.1125
932 0.61015625 0.70234375 0.06484375 0.07734375
191 0.83125 0.70625 0.05234375 0.15078125
645 0.73984375 0.94140625 0.0484375 0.1171875
645 0.7953125 0.95078125 0.05 0.09765625
750 0.40078125 0.3546875 0.07578125 0.1015625
584 0.49140625 0.31953125 0.08984375 0.16875
584 0.5828125 0.34375 0.07109375 0.153125
584 0.67890625 0.2484375 0.09296875 0.06015625