702 0.557068828125 0.139169646875 0.46850338281250004 0.314533478125 0.7188896203125 0.4599958671875 0.7913418640625001 0.25201023125 0.557068828125 0.139169646875
227 0.478125 0.86328125 0.12890625 0.20078125
227 0.73515625 0.85703125 0.1484375 0.20390625
227 0.62578125 0.6734375 0.121875 0.16015625
227 0.47734375 0.63671875 0.1015625 0.12734375
227 0.90703125 0.83046875 0.1625 0.121875
227 0.759375 0.678125 0.140625 0.1578125
227 0.6078125 0.87421875 0.1109375 0.17578125
227 0.2296875 0.778125 0.2046875 0.12734375
227 0.0546875 0.85390625 0.0953125 0.240625
227 0.8859375 0.6484375 0.11171875 0.11875
702 0.71692365 0.21663581562499998 0.7742057265625 0.1729814515625 0.6986975890625 0.00771845 0.5830077828125 0.0432917328125 0.568510771875 0.06228647968749999 0.5789257484375 0.146476996875 0.71692365 0.21663581562499998
702 0.5463790687500001 0.11841348125 0.567208925 0.1121771484375 0.5711144671875 0.00771845 0.41373695 0 0.4122867109375 0.1308861484375 0.392758703125 0.1714224203125 0.5086249015625001 0.215076725 0.5463790687500001 0.11841348125
702 0.395362396875 0.15583157187500002 0.40838106874999996 0.11997257187499999 0.4122867109375 0.010836646875 0.39926803906249997 0 0.22330726250000002 0.0023400953124999998 0.16102630625 0.0482546625 0.179252465625 0.11997257187499999 0.2508551609375 0.20572223906249998 0.395362396875 0.15583157187500002