849 0.34453125 0.35703125 0.1265625 0.190625
849 0.20390625 0.540625 0.1265625 0.196875
849 0.33515625 0.56171875 0.1265625 0.2078125
849 0.56875 0.3515625 0.115625 0.1953125
849 0.5703125 0.553125 0.1109375 0.19921875
849 0.45859375 0.55625 0.1140625 0.19140625
849 0.45859375 0.3125 0.0984375 0.203125
849 0.7953125 0.34921875 0.121875 0.203125
849 0.79375 0.55 0.1171875 0.17890625
849 0.68046875 0.5453125 0.10703125 0.203125
849 0.68046875 0.34609375 0.10859375 0.1921875
849 0.19765625 0.34296875 0.13359375 0.19921875