142 0.30390625 0.28359375 0.1609375 0.2484375
142 0.30859375 0.5421875 0.1359375 0.18671875
142 0.32578125 0.8421875 0.1109375 0.184375
608 0.428125 0.06015625 0.0578125 0.1203125
608 0.49140625 0.1578125 0.06015625 0.11171875
608 0.5578125 0.16171875 0.06171875 0.1140625
608 0.48828125 0.05 0.05234375 0.09453125
608 0.55078125 0.05 0.06015625 0.1
608 0.42578125 0.16796875 0.06015625 0.1015625
608 0.6203125 0.05078125 0.05625 0.1015625
608 0.62265625 0.1640625 0.05546875 0.10859375
608 0.6875 0.05078125 0.05546875 0.1015625
608 0.80078125 0.084375 0.0515625 0.11640625
608 0.8734375 0.09453125 0.0546875 0.109375
608 0.93125 0.10390625 0.0546875 0.10703125
747 0.74296875 0.06328125 0.04921875 0.1265625
747 0.73984375 0.18671875 0.05078125 0.1
635 0.54765625 0.35234375 0.05625 0.12265625
635 0.44140625 0.4828125 0.06015625 0.1296875
635 0.50625 0.4828125 0.05625 0.125
635 0.565625 0.471875 0.06171875 0.125
635 0.61796875 0.47734375 0.04921875 0.121875
635 0.66328125 0.48515625 0.0390625 0.1125
635 0.709375 0.4875 0.0359375 0.11875
635 0.70546875 0.3578125 0.05390625 0.12109375
635 0.76640625 0.36953125 0.046875 0.12734375
635 0.7640625 0.49375 0.0484375 0.103125
635 0.83203125 0.484375 0.05546875 0.1109375
635 0.89140625 0.478125 0.05 0.11328125
635 0.9078125 0.359375 0.046875 0.115625
635 0.96015625 0.3671875 0.046875 0.10625
635 0.9484375 0.4859375 0.04765625 0.10859375
635 0.45390625 0.80546875 0.07109375 0.115625
234 0.53046875 0.803125 0.0765625 0.1171875
5 0.596875 0.79609375 0.05234375 0.12890625
5 0.7828125 0.7796875 0.05078125 0.1265625
5 0.83671875 0.78125 0.04609375 0.1203125
5 0.93828125 0.78203125 0.04375 0.11171875
5 0.98203125 0.7796875 0.0359375 0.1140625
7 0.715625 0.7859375 0.05234375 0.11953125
7 0.65 0.79140625 0.0453125 0.12734375
7 0.8875 0.78203125 0.04609375 0.1171875
142 0.103125 0.2359375 0.15 0.240625
142 0.11953125 0.57421875 0.13046875 0.221875
142 0.13046875 0.8796875 0.12578125 0.21484375