543 0.3734375 0.50625 0.11953125 0.209375
543 0.47734375 0.503125 0.07265625 0.21484375
543 0.5625 0.51328125 0.078125 0.1953125
543 0.646875 0.51796875 0.0796875 0.18046875
543 0.73125 0.5203125 0.07890625 0.18125
543 0.71484375 0.8359375 0.08046875 0.13359375
543 0.62734375 0.83046875 0.07734375 0.1296875
543 0.790625 0.8375 0.04921875 0.12109375
844 0.45625 0.82734375 0.15078125 0.10390625
844 0.47421875 0.71328125 0.18125 0.0984375
844 0.30234375 0.71484375 0.14296875 0.09296875
844 0.29921875 0.8203125 0.1421875 0.096875
844 0.15234375 0.81171875 0.1421875 0.07265625
844 0.14140625 0.7359375 0.12578125 0.07265625
844 0.0390625 0.79375 0.078125 0.09296875
205 0.21484375 0.4734375 0.18046875 0.0765625
205 0.19765625 0.5625 0.16484375 0.0828125
205 0.053125 0.4859375 0.1 0.07265625
205 0.0515625 0.5703125 0.1 0.0796875
844 0.809375 0.24296875 0.07578125 0.13828125
844 0.7140625 0.24921875 0.0703125 0.11015625
844 0.63671875 0.25859375 0.0703125 0.1125
844 0.72109375 0.11875 0.06875 0.140625
844 0.6328125 0.12109375 0.07265625 0.13125
844 0.55390625 0.13515625 0.0703125 0.1296875
844 0.55 0.2640625 0.071875 0.10703125
844 0.4734375 0.27265625 0.06171875 0.1078125
844 0.47578125 0.14921875 0.06328125 0.1234375
844 0.396875 0.16171875 0.065625 0.1265625
844 0.396875 0.28671875 0.06796875 0.1125
844 0.3265625 0.28515625 0.06015625 0.10390625
844 0.32578125 0.17109375 0.06796875 0.13515625
844 0.2515625 0.1765625 0.065625 0.115625
844 0.25703125 0.29296875 0.0609375 0.10234375
844 0.1890625 0.29921875 0.0578125 0.1046875
844 0.18828125 0.18984375 0.0609375 0.11875
844 0.184375 0.0671875 0.0609375 0.11796875
844 0.24921875 0.05546875 0.059375 0.11015625
844 0.125 0.090625 0.04921875 0.1078125
844 0.1875 0.1875 0.059375 0.1046875
844 0.125 0.2 0.053125 0.11640625
844 0.1328125 0.309375 0.06015625 0.09375
844 0.07265625 0.3171875 0.05546875 0.08046875
844 0.06875 0.2140625 0.05859375 0.1078125
844 0.05546875 0.09921875 0.06484375 0.1109375