828 0.22265625 0.31953125 0.04765625 0.0984375
828 0.2703125 0.31796875 0.04375 0.1015625
828 0.31640625 0.31328125 0.0453125 0.10234375
828 0.36796875 0.31171875 0.05078125 0.0984375
828 0.4265625 0.303125 0.05859375 0.11171875
828 0.5984375 0.28046875 0.0578125 0.0796875
828 0.5375 0.28046875 0.0578125 0.0703125
163 0.7046875 0.3 0.0828125 0.17890625
163 0.8828125 0.275 0.16484375 0.2203125
931 0.6953125 0.628125 0.053125 0.1328125
931 0.63359375 0.60078125 0.06328125 0.1640625
931 0.5796875 0.63671875 0.0375 0.071875
931 0.46875 0.5828125 0.05 0.16015625
483 0.26171875 0.76484375 0.06484375 0.1796875
483 0.33046875 0.78984375 0.06796875 0.17109375
483 0.4046875 0.81953125 0.0765625 0.14765625
483 0.4828125 0.83203125 0.040625 0.1203125
483 0.60390625 0.86171875 0.06484375 0.16796875
483 0.66796875 0.89140625 0.059375 0.1421875
483 0.546875 0.83671875 0.0453125 0.19375
483 0.72578125 0.93125 0.053125 0.090625
483 0.79453125 0.9078125 0.07734375 0.184375
483 0.88515625 0.87734375 0.09609375 0.24453125
483 0.96796875 0.89609375 0.0640625 0.2078125