875 0.1243853328125 0.030866321875 0.057614523437499995 0.0414047140625 0.0603798125 0.1026214078125 0.078381365625 0.1576336359375 0.1463872296875 0.15715527499999998 0.1243853328125 0.030866321875
875 0.16398872343749998 0.051708731249999994 0.13363369687499999 0.0534910609375 0.2047922609375 0.126812396875 0.19519145625 0.0435764828125 0.16398872343749998 0.051708731249999994
875 0.1647888109375 0.051230353125 0.129985790625 0.0531438296875 0.14998751562499998 0.1555144140625 0.204151484375 0.1504211703125 0.20599237656249997 0.11724505156250001 0.199991859375 0.0464466796875 0.1647888109375 0.051230353125
875 0.1435869703125 0.3064253640625 0.1931912546875 0.2949445421875 0.17478967343750001 0.2318000578125 0.1619885515625 0.1858768078125 0.141586796875 0.21170864687500002 0.108627390625 0.1879965453125 0.105983721875 0.23801884687500002 0.1251853890625 0.3054686625 0.1435869703125 0.3064253640625
875 0.1939741046875 0.455294765625 0.190517009375 0.4798037296875 0.261387384375 0.4786225703125 0.25570790625 0.4647440078125 0.25521400625 0.4555900734375 0.23891629062500003 0.4564759140625 0.23891629062500003 0.4313763703125 0.2537324171875 0.4269470390625 0.25274467343749996 0.388559503125 0.2305205109375 0.3894453671875 0.22039615625 0.39505585781249997 0.192986359375 0.388559503125 0.1815891953125 0.3934234859375 0.180886534375 0.394465278125 0.18952926406249998 0.442597340625 0.1939741046875 0.455294765625
875 0.25577090625 0.5630899921875 0.25206687968749997 0.541829178125 0.1945554421875 0.5418991171875 0.250091390625 0.589075378125 0.2486097828125 0.5657475734374999 0.25577090625 0.5630899921875
875 0.2530546234375 0.5403527343750001 0.1945309859375 0.5436009171875 0.19922275625000002 0.5509831359375 0.2014451765625 0.5911424234375 0.205149203125 0.6197854109375001 0.1999635703125 0.6292346421875 0.2681176625 0.6313016765625 0.25907795624999996 0.590652309375 0.2486097828125 0.589961240625 0.2491036453125 0.5648616984375 0.255523975 0.5586606609375 0.2530546234375 0.5403527343750001
875 0.23033657968750001 0.771306490625 0.23305286249999999 0.7559514843749999 0.2246570828125 0.690692665625 0.175106071875 0.6936988281249999 0.179714878125 0.7680583421875 0.17527005625 0.7763264015625 0.23033657968750001 0.771306490625
875 0.24355037343750002 0.75352993125 0.24355037343750002 0.7423089609375 0.2605889015625 0.733155003125 0.26552760468750003 0.734631446875 0.2815783875 0.7231151921875 0.2823192 0.6950627671875 0.2576256875 0.6924051578125 0.25836648125 0.6864993828125 0.2285146609375 0.690374746875 0.23243829218749998 0.7532346359375001 0.229968940625 0.7715425390624999 0.25268698437500003 0.7721331421875 0.24355037343750002 0.75352993125
163 0.27506798906249996 0.93484751875 0.2650505234375 0.8442859875 0.1994808734375 0.8427742234375 0.1825066015625 0.8581816874999999 0.19813385625 0.955451459375 0.2646498296875 0.9592847484375 0.27506798906249996 0.93484751875
163 0.1098096578125 0.6701679265625 0.119596921875 0.7616524078125 0.18210590937499999 0.7626107171875 0.1776982296875 0.6696533953125 0.1098096578125 0.6701679265625
163 0.0947535859375 0.782735503125 0.0831333171875 0.697444759375 0.038673832812499996 0.692343040625 0.0170180515625 0.7046321812499999 0.02943971875 0.797589521875 0.0775235609375 0.7971103484375 0.0947535859375 0.782735503125
163 0.16567726875 0.621689175 0.1504507078125 0.5201069328125 0.13802905468749999 0.5105237015624999 0.0622187890625 0.526928671875 0.0763214515625 0.637980675 0.0983598796875 0.6442097515625 0.16567726875 0.621689175
163 0.0266508765625 0.4052652046875 0.034248090625 0.4808156859375 0.07992774687500001 0.48129484062500005 0.0727151578125 0.4065456515625 0.0266508765625 0.4052652046875
58 0.1849084578125 0.8800743843750001 0.137362265625 0.87873386875 0.14964699374999998 0.9476361687500001 0.19292243281250002 0.945719515625 0.1849084578125 0.8800743843750001
58 0.1324169375 0.8829493656249999 0.14564000625 0.8652203859375 0.099790528125 0.859555390625 0.0859358984375 0.8815118843749999 0.0971554421875 0.9553027453125 0.146842084375 0.9553027453125 0.1324169375 0.8829493656249999
58 0.0859358984375 0.8839076921875 0.0991589359375 0.860907925 0.057209224999999995 0.8619527015624999 0.0394548578125 0.8824701921875 0.053880003125 0.9572193984374999 0.0963540578125 0.957698553125 0.0859358984375 0.8839076921875
58 0.052277203125000005 0.9524277828125 0.03825275 0.8810327125 0.05668488125 0.8637829046875 0.0066126171875 0.859555390625 0 0.87959523125 0.000987775 0.9236780921875001 0.006998240625000001 0.9524277828125 0.052277203125000005 0.9524277828125
828 0.11187872031249999 0.3025195328125 0.0982549578125 0.251249246875 0.09585077187499999 0.21387465468750003 0.07220954375000001 0.2124371546875 0.03366426875 0.21108311875000002 0.050571809375 0.30922778281249996 0.08342911875 0.308748628125 0.11187872031249999 0.3025195328125
828 0.1856072828125 0.41751827500000005 0.1787953859375 0.39356019999999997 0.18921357656249999 0.387331121875 0.184805865625 0.3523523171875 0.14537756875000002 0.35552102812499997 0.156356265625 0.443872159375 0.1747884 0.4400388875 0.17278490625 0.41751827500000005 0.1856072828125 0.41751827500000005
828 0.1271079421875 0.44541330625000003 0.144738659375 0.44014251875 0.14033098125000001 0.39941379062500004 0.1194946625 0.407559540625 0.077247484375 0.40946049687499997 0.0854352734375 0.4813504203125 0.13151562187500002 0.4799129390625 0.1271079421875 0.44541330625000003
931 0.3095756015625 0.4827317203125 0.2842212359375 0.48327418125 0.28817774687500003 0.5158087625000001 0.3137508109375 0.517369 0.3106194046875 0.4920931421875 0.3095756015625 0.4827317203125
931 0.3354096109375 0.51206416875 0.335148665625 0.49490156093750004 0.3330610625 0.4827317203125 0.328624928125 0.48554013906250004 0.3187088359375 0.48554013906250004 0.31195172968749996 0.48327418125 0.31401175625 0.513936459375 0.32184024375 0.5158087625000001 0.3354096109375 0.51206416875
931 0.60166959375 0.1279237890625 0.60052585625 0.1470718671875 0.6356963171875 0.145020275 0.6351244046875 0.11390467500000001 0.6305494140625 0.10740800625 0.6305494140625 0.09817590781249999 0.63398066875 0.0913373171875 0.6294056328125001 0.08142135 0.6085069375 0.0804894015625 0.60510085 0.095782396875 0.6062446296874999 0.10740800625 0.60166959375 0.1279237890625
931 0.5459115609375 0.15083308281250002 0.5753632484375 0.150491165625 0.57307573125 0.1159562484375 0.5702163453125 0.10740800625 0.573361665625 0.093046965625 0.5710741687499999 0.0841567875 0.5510584656249999 0.0831309984375 0.5445175453125 0.0898983640625 0.5450537578125 0.10159520468750001 0.548199078125 0.11458854375000001 0.5447678015624999 0.1241625671875 0.5459115609375 0.15083308281250002
931 0.47013782343750005 0.1180078421875 0.47213940625 0.15185886875000001 0.50187700625 0.149807290625 0.5004473140625 0.1166401109375 0.49987544531249994 0.1080918671875 0.4975879265625 0.0947566140625 0.5001613796875 0.0827890734375 0.49186915468750003 0.0797117015625 0.47900191562499994 0.0790278421875 0.4687312265625 0.0830554828125 0.46928002031249993 0.095440465625 0.472997209375 0.1019371359375 0.4747128359375 0.111853096875 0.47013782343750005 0.1180078421875
931 0.5087395390625 0.1501492203125 0.5401927875 0.149807290625 0.5410506125000001 0.1289495828125 0.5350459062499999 0.110827303125 0.5344740156250001 0.09783397656250001 0.5098417296875 0.0830554828125 0.509883296875 0.0950985375 0.51302861875 0.11014344843749999 0.5084536046875 0.12279484375000001 0.5087395390625 0.1501492203125
931 0.66212514375 0.145175159375 0.66035931875 0.1058993953125 0.662831515625 0.0944967671875 0.6600061859374999 0.0797155671875 0.6385400031249999 0.08356614531249999 0.6349314500000001 0.0978753078125 0.63599095625 0.1151904296875 0.63740359375 0.1434858734375 0.66212514375 0.145175159375
931 0.429742596875 0.08647267343750001 0.42832993124999996 0.061978115624999996 0.42585778750000003 0.0459299671875 0.41314385312499996 0.0433960296875 0.4018801734375 0.0481746671875 0.4018425578125 0.059866515625000005 0.403255221875 0.0835164296875 0.417381821875 0.0856280296875 0.429742596875 0.08647267343750001
931 0.3792399921875 0.08182716718750001 0.39230711406249996 0.0822494734375 0.402548903125 0.0835164296875 0.4000767328125 0.049308515625 0.3894817828125 0.045085307812499996 0.38100581718750004 0.045085307812499996 0.372739225 0.048702898437499996 0.3721766921875 0.064089715625 0.3721766921875 0.0822494734375 0.3792399921875 0.08182716718750001
931 0.36158174375 0.08182716718750001 0.3711172140625 0.0809825171875 0.3711172140625 0.052264767187500005 0.3640539140625 0.046774593749999996 0.3534589640625 0.044662993750000005 0.3449228640625 0.0481746671875 0.34427668125 0.0649343671875 0.345336159375 0.08267179531249999 0.36158174375 0.08182716718750001
931 0.24883494375 0.0834876125 0.2269084109375 0.086631940625 0.229653903125 0.11996114843750001 0.25669602343750003 0.117705059375 0.256067134375 0.0951440984375 0.24883494375 0.0834876125
931 0.28373814375 0.0966481671875 0.27933593437500004 0.0831115953125 0.25639235312499997 0.08381005312499999 0.256067134375 0.097024178125 0.2598404546875 0.1195851375 0.285624796875 0.120337171875 0.28373814375 0.0966481671875
931 0.3126669046875 0.0951440984375 0.3079502578125 0.0827355921875 0.2846969375 0.082399109375 0.28373814375 0.095896146875 0.28688257500000003 0.117705059375 0.3132957828125 0.11657701406250001 0.3126669046875 0.0951440984375
931 0.339394575 0.0925119921875 0.3340490515625 0.079727453125 0.3137877609375 0.0819287953125 0.31172356562500003 0.0925119921875 0.3123524671875 0.117705059375 0.340966790625 0.1169530234375 0.339394575 0.0925119921875
931 0.3689522390625 0.09439207187500001 0.36549336875 0.0827355921875 0.34366482187499997 0.08428036718750001 0.339394575 0.09401606875 0.3419101296875 0.1169530234375 0.369895553125 0.11582497968750001 0.3689522390625 0.09439207187500001