205 0.54609375 0.17265625 0.12578125 0.0734375
205 0.55234375 0.07265625 0.11875 0.07265625
205 0.7359375 0.11328125 0.20390625 0.09765625
844 0.8890625 0.2984375 0.1734375 0.09375
844 0.890625 0.4 0.184375 0.09609375
844 0.69375 0.34296875 0.14453125 0.07890625
844 0.6890625 0.42265625 0.15078125 0.0671875
844 0.52265625 0.32421875 0.15 0.0859375
844 0.53203125 0.42421875 0.1390625 0.0796875
844 0.37890625 0.39375 0.0953125 0.09765625
940 0.57578125 0.521875 0.14609375 0.06328125
940 0.5578125 0.59765625 0.1734375 0.09765625
940 0.41015625 0.584375 0.10703125 0.06953125
940 0.4171875 0.51015625 0.096875 0.0640625