163 0.88671875 0.3640625 0.13359375 0.2109375
163 0.70859375 0.36953125 0.07421875 0.13125
178 0.47890625 0.075 0.13515625 0.12265625
178 0.34609375 0.10859375 0.109375 0.11328125
178 0.2421875 0.09609375 0.08125 0.1921875
178 0.153125 0.10625 0.078125 0.1953125
962 0.59296875 0.0578125 0.0796875 0.115625
828 0.3375 0.3953125 0.05859375 0.134375
762 0.04296875 0.53046875 0.0828125 0.1875
931 0.45546875 0.70390625 0.05546875 0.1875
931 0.51953125 0.7171875 0.05625 0.1875
931 0.6390625 0.71484375 0.07109375 0.2
931 0.71015625 0.73984375 0.046875 0.1484375
931 0.57734375 0.75703125 0.04375 0.10703125
483 0.2109375 0.9109375 0.07890625 0.178125
483 0.915625 0.94375 0.0875 0.1125
483 0.29375 0.92265625 0.0546875 0.1546875
483 0.38125 0.9421875 0.0875 0.115625