58 0.5157271234375 0.10190217343750001 0.320669934375 0.0973731875 0.3666258171875 0.41213768125000005 0.354370915625 0.4778079703125 0.4932598046875 0.4868659421875 0.5157271234375 0.10190217343750001
58 0.513684640625 0.219655796875 0.521854575 0.48460144843749997 0.5984477125 0.48460144843749997 0.5974264703125 0.2173913046875 0.513684640625 0.219655796875
58 0.64609375 0.3375 0.08359375 0.28046875
58 0.72890625 0.34296875 0.0828125 0.27890625
58 0.779207515625 0.20606884062500003 0.765931371875 0.4664855078125 0.8486519609375 0.4732789859375 0.862949346875 0.2038043484375 0.779207515625 0.20606884062500003
58 0.320669934375 0.106431159375 0.1889297390625 0.09963768125 0.20629084999999997 0.502717390625 0.3513071890625 0.4778079703125 0.3513071890625 0.305706521875 0.320669934375 0.106431159375
58 0.1838235296875 0.1041666671875 0.030637254687499997 0.106431159375 0.09089052343750001 0.5298913046875 0.1868872546875 0.5004528984375 0.20016339843750003 0.4166666671875 0.1838235296875 0.1041666671875
58 0.375 0.74375 0.08515625 0.246875
58 0.45625 0.74296875 0.07734375 0.23984375
58 0.5359375 0.73125 0.0765625 0.24453125
58 0.6140625 0.7328125 0.0796875 0.2421875
58 0.6984375 0.72890625 0.07578125 0.2359375
58 0.746527778125 0.6068840578125 0.7373366015625 0.8423913046875 0.8149509796875 0.8333333328125001 0.8251633984375 0.618206521875 0.746527778125 0.6068840578125
58 0.826184640625 0.591032609375 0.8169934640625 0.8401268125 0.889501634375 0.8378623187500001 0.9099264703125 0.6000905796875 0.826184640625 0.591032609375
58 0.2032271234375 0.6997282609375 0.2134395421875 0.8808876812499999 0.2798202609375 0.867300725 0.26858660156249997 0.6929347828125 0.2032271234375 0.6997282609375
58 0.26858660156249997 0.690670290625 0.2798202609375 0.8763586953125 0.333946078125 0.8650362312500001 0.3349673203125 0.6884057968749999 0.26858660156249997 0.690670290625
58 0.1327614375 0.7065217390625 0.1439950984375 0.8854166671874999 0.20935457500000001 0.8718297093749999 0.20118464062500002 0.690670290625 0.1327614375 0.7065217390625
58 0.0674019609375 0.7065217390625 0.0857843140625 0.901268115625 0.14297385625 0.8786231875 0.1317401953125 0.7087862312500001 0.0674019609375 0.7065217390625
163 0.8609068625 0.1947463765625 0.8496732031249999 0.4778079703125 0.9436274515624999 0.475543478125 0.9640522875 0.1970108703125 0.8609068625 0.1947463765625
962 0.9466911765624999 0.4991036484375 0.9418767499999999 0.554421971875 0.9151785718750001 0.5502717390625 0.9173669468749999 0.7650197984375 0.999212184375 0.7708427796875 0.9830182078125 0.4991036484375 0.9466911765624999 0.4991036484375