865 0.28212833437499996 0.3275276 0.2990644203125 0.2849270046875 0.29209075625 0.253456309375 0.094834771875 0.24386158593750001 0.08786110625 0.3225383171875 0.28212833437499996 0.3275276
865 0.3528615125 0.340960196875 0.4744030296875 0.349787325 0.47938424062499996 0.3175490640625 0.45746694374999997 0.25499145625 0.3697976 0.2461643140625 0.2916983015625 0.25188210624999996 0.300060646875 0.2872297328125 0.283124559375 0.3302140953125 0.3518652875 0.3313654890625 0.3528615125 0.340960196875
102 0.0908208421875 0.4942233390625 0.0788659640625 0.5153317296875 0.1774939578125 0.514564178125 0.1784901828125 0.499980171875 0.26317076875 0.50151531875 0.244242153125 0.44663350468749996 0.2382647140625 0.443563196875 0.08185472187500001 0.4450983578125 0.0908208421875 0.4942233390625
102 0.4532170390625 0.485109928125 0.41635603125 0.463617740625 0.39643118906249997 0.4436607265625 0.346619078125 0.4428931453125 0.246994859375 0.445579671875 0.2468599609375 0.44611716562500003 0.25596105625 0.480888240625 0.334664203125 0.5031480109375 0.45620579531249994 0.5000776874999999 0.4532170390625 0.485109928125
102 0.29730884375 0.594734734375 0.3022900546875 0.61392418125 0.3212185953125 0.6503841296874999 0.47364375625 0.6507679421875 0.4686625453125 0.632346046875 0.46368133437500003 0.58552379375 0.475636209375 0.5655667671875 0.412872921875 0.5717073984375001 0.3740194609375 0.5701722359375 0.32420735 0.56403161875 0.29045279218750003 0.5636173859375 0.289338875 0.5659505640625 0.28136890625 0.5847562140625 0.29730884375 0.594734734375
102 0.17975223437500001 0.6496165484375 0.3102599453125 0.64923275 0.3182299140625 0.645778659375 0.3042825078125 0.6185296359375 0.30129375 0.5955022999999999 0.28136890625 0.583221065625 0.266425275 0.586291375 0.2156169390625 0.5851400109375 0.1648086 0.5851400109375 0.19569209375000002 0.608167346875 0.1966883203125 0.6296595218750001 0.17975223437500001 0.6496165484375
102 0.0641881546875 0.6242864703125 0.0472519921875 0.6496165484375 0.17975223437500001 0.648465184375 0.1966883203125 0.6292757390625 0.19868085 0.608167346875 0.16680105625 0.583221065625 0.11400026562500001 0.5820696875 0.0711618203125 0.56403161875 0.0691693671875 0.5813021218750001 0.0641881546875 0.6242864703125
102 0.29531631406250003 0.7811064109375 0.2863501171875 0.7542411859375 0.3042825078125 0.7312138578125 0.3042825078125 0.72584080625 0.333173546875 0.7200839734375 0.290335103125 0.7189326234375 0.24351175 0.7166298734375001 0.156838634375 0.715094734375 0.148464709375 0.7204442125 0.1369137890625 0.7576952921875 0.1249589140625 0.80336618125 0.3082674921875 0.80989058125 0.29531631406250003 0.7811064109375
102 0.301098265625 0.7401045125 0.2913560671875 0.75477555 0.30729789531249996 0.8039064781249999 0.36752244218749996 0.79674154375 0.39586346250000004 0.7933296734375 0.42066178125000003 0.7824117015625001 0.4366036125 0.7824117015625001 0.479115109375 0.7796821953124999 0.46317328125 0.7660347171875 0.44546016718750003 0.7421516296874999 0.43571796875 0.7053034390625 0.38877819062499996 0.7046210703125 0.3374102015625 0.7073505703125 0.313497459375 0.7100800625 0.313497459375 0.711444803125 0.3126118171875 0.71895091875 0.33475320937499997 0.720656853125 0.30375525937500003 0.7257746578125001 0.301098265625 0.7401045125
102 0.0650545390625 0.87765436875 0.05088399375 0.9649982265625001 0.1049090453125 0.959198059375 0.22978648124999998 0.9523743203124999 0.21827292968749998 0.9295147765625 0.2218155671875 0.9073376375000001 0.22978648124999998 0.8977843921875 0.2294228859375 0.8698519156250001 0.16336230624999998 0.876289615625 0.1173081703125 0.87151300625 0.062397545312500004 0.866736384375 0.0650545390625 0.87765436875
102 0.2712068359375 0.8791833390624999 0.2898056578125 0.8866894406249999 0.28183474375 0.8979486203124999 0.274749471875 0.9201257734375 0.2720925453125 0.9532209109374999 0.42442529531249995 0.9511737953124999 0.42796793125 0.9255847859375 0.4235396515625 0.8604180546875 0.3863420734375 0.871677221875 0.3845707890625 0.8791833390624999 0.3801425109375 0.880206896875 0.3420592890625 0.8723595984375001 0.34125548125 0.8728364093750001 0.3128326921875 0.8737243390625 0.2729781859375 0.865535859375 0.26589291406250004 0.8713360265625001 0.2712068359375 0.8791833390624999
102 0.5981846890625 0.9439254671875 0.6017745828125001 0.87201144375 0.6077577562500001 0.8542634281250001 0.5634822703125 0.8482705953125 0.5263866187499999 0.85011454375 0.46766254687500003 0.8560856515624999 0.46715320312499997 0.9522232531249999 0.6161342046875 0.9533757218750001 0.6119459578125 0.9508402765625 0.5981846890625 0.9439254671875
102 0.61735019375 0.9523986156250001 0.8004352593749999 0.950785165625 0.7723143671875 0.939490971875 0.75915140625 0.9307322046875001 0.7268422671875 0.9208209859375 0.7232523265624999 0.9092963031249999 0.7178675078125 0.9003070359375 0.71128598125 0.8910872890625001 0.6957297421875 0.8839420062500001 0.70889275 0.873569771875 0.7154742296875 0.860201140625 0.7208590953125 0.8505204031250001 0.6670105421875 0.8509813921875 0.606794403125 0.8534933718750001 0.603588878125 0.86711595 0.5994006749999999 0.9443313359375001 0.61735019375 0.9523986156250001
102 0.483326625 0.7048611390625 0.5305936953125 0.7023257125 0.57486918125 0.6944889234375 0.6059816609374999 0.700020775 0.6017934578124999 0.668212665625 0.6867544875 0.667060196875 0.6436756640625 0.6117416953125 0.6628217984375 0.5893838046875 0.647265559375 0.5886923265624999 0.58504055625 0.5960681218749999 0.5028195203125 0.590521096875 0.4946946625 0.5921497312499999 0.48811318125 0.684347215625 0.483326625 0.7048611390625
102 0.7732230296875 0.6640658312500001 0.7744196453125001 0.6813528578125 0.86596215625 0.6804308796874999 0.85579078125 0.6666012578125 0.82886650625 0.6433214 0.8043355078125 0.6013715453125 0.8061304312500001 0.5873114390625 0.7109980265625 0.59883611875 0.689458615625 0.5997580890624999 0.652423665625 0.60549870625 0.642789853125 0.61059129375 0.6864670296875001 0.6659097875 0.7732230296875 0.6640658312500001
102 0.5179680296875 0.311399778125 0.5027040859375 0.36378734375 0.64632409375 0.352294165625 0.649793175 0.3148744625 0.6685262562500001 0.2900170984375 0.6900345578125 0.27077268125 0.4911301859375 0.2716124671875 0.48258339531249994 0.27424737499999996 0.50756078125 0.28654241406250003 0.5179680296875 0.311399778125
102 0.49784791406249995 0.2719952375 0.58596265 0.2709261 0.6935042171875 0.27012426093749997 0.6865660499999999 0.277073628125 0.7379084875 0.2706588203125 0.6928104109375 0.2297644640625 0.6081647593749999 0.22415149374999999 0.5262944359375 0.2249533421875 0.46077067187500004 0.22919389531249998 0.4707891125 0.2530181125 0.486746859375 0.2559582265625 0.482583971875 0.2677187046875 0.49784791406249995 0.2719952375