7 0.3625 0.7296875 0.0546875 0.128125
7 0.42578125 0.72109375 0.0515625 0.11796875
7 0.58046875 0.7046875 0.04609375 0.10859375
234 0.23828125 0.74765625 0.07890625 0.10234375
608 0.97109375 0.86484375 0.05703125 0.15625
608 0.1984375 0.07734375 0.07109375 0.13046875
608 0.128125 0.08046875 0.0609375 0.1
608 0.26875 0.09609375 0.06171875 0.11875
608 0.3328125 0.109375 0.06015625 0.11875
608 0.5125 0.06171875 0.05390625 0.1234375
608 0.5765625 0.08203125 0.05234375 0.13046875
608 0.63046875 0.10234375 0.04375 0.1171875
608 0.74296875 0.1890625 0.04765625 0.1046875
747 0.45546875 0.1375 0.05078125 0.1046875
747 0.45390625 0.0421875 0.05234375 0.08359375
635 0.265625 0.2875 0.065625 0.11796875
635 0.42890625 0.3203125 0.05546875 0.12734375
635 0.484375 0.3203125 0.053125 0.12734375
635 0.61015625 0.3265625 0.05234375 0.09609375
635 0.65859375 0.3375 0.0375 0.09375
635 0.70703125 0.33671875 0.046875 0.0921875
635 0.13671875 0.41171875 0.0578125 0.1453125
5 0.30703125 0.7375 0.04765625 0.1203125
5 0.4875 0.715625 0.05234375 0.11328125
5 0.53671875 0.7078125 0.03203125 0.1015625
5 0.6296875 0.70390625 0.03671875 0.10390625
5 0.66875 0.7078125 0.03984375 0.09453125
5 0.71328125 0.69921875 0.03828125 0.1046875
5 0.80234375 0.6765625 0.05625 0.121875
5 0.85390625 0.68125 0.04296875 0.109375
5 0.9 0.68203125 0.03125 0.103125