543 0.6109375 0.82109375 0.028125 0.23046875
543 0.6390625 0.815625 0.02734375 0.228125
543 0.7546875 0.81171875 0.02890625 0.2296875
543 0.784375 0.809375 0.028125 0.2328125
543 0.72578125 0.8140625 0.02890625 0.22578125
543 0.696875 0.81328125 0.0296875 0.23125
543 0.66796875 0.81484375 0.028125 0.234375
543 0.8421875 0.81015625 0.02890625 0.225
543 0.81328125 0.81171875 0.02890625 0.228125
543 0.57890625 0.83828125 0.03515625 0.18359375
543 0.54453125 0.83984375 0.03359375 0.1828125
543 0.5109375 0.84296875 0.034375 0.18671875
543 0.4765625 0.84296875 0.034375 0.1828125
543 0.44375 0.83046875 0.03359375 0.1578125
543 0.409375 0.84296875 0.034375 0.184375
543 0.37421875 0.84375 0.034375 0.18203125
543 0.33984375 0.84453125 0.0328125 0.1828125
543 0.30546875 0.84453125 0.0359375 0.18359375
52 0.85546875 0.53203125 0.0421875 0.1484375
52 0.8109375 0.5328125 0.04609375 0.14765625
52 0.76640625 0.53203125 0.04296875 0.15234375
42 0.7265625 0.5328125 0.0375 0.14453125
52 0.6890625 0.53671875 0.0375 0.13984375
52 0.65078125 0.5359375 0.0390625 0.14140625
599 0.61640625 0.52578125 0.03046875 0.16328125
599 0.58671875 0.528125 0.02890625 0.16171875
599 0.55625 0.525 0.03125 0.1640625
52 0.52109375 0.5421875 0.0375 0.12578125
52 0.4828125 0.54296875 0.0390625 0.12890625
52 0.44375 0.54296875 0.03984375 0.12265625
680 0.4 0.5328125 0.04609375 0.14765625
680 0.35390625 0.53046875 0.046875 0.14921875
680 0.3078125 0.53203125 0.046875 0.1515625
681 0.2640625 0.53046875 0.0390625 0.16171875
681 0.2296875 0.53359375 0.0328125 0.159375
52 0.45234375 0.22265625 0.07734375 0.2203125
52 0.36953125 0.21953125 0.08671875 0.22421875
52 0.28828125 0.21875 0.071875 0.22265625
612 0.175 0.1875 0.053125 0.27109375
612 0.2265625 0.190625 0.05 0.26953125
52 0.51015625 0.19296875 0.03359375 0.28046875
52 0.54453125 0.1953125 0.03359375 0.278125
53 0.57578125 0.2265625 0.02890625 0.21640625
52 0.63671875 0.22265625 0.028125 0.2265625
52 0.60625 0.21796875 0.034375 0.23203125
52 0.7921875 0.21953125 0.0328125 0.24296875
52 0.75859375 0.2203125 0.0328125 0.23359375
52 0.86328125 0.20703125 0.0390625 0.2703125
52 0.8265625 0.20625 0.03515625 0.26796875