594 0.571875 0.34375 0.0921875 0.184375
584 0.665625 0.365625 0.07734375 0.140625
584 0.76328125 0.28125 0.09453125 0.04765625
932 0.6796875 0.64453125 0.06328125 0.10234375
932 0.68359375 0.74765625 0.0640625 0.08984375
645 0.7859375 0.73359375 0.0671875 0.1328125
645 0.85625 0.7484375 0.0625 0.13359375
191 0.93203125 0.75078125 0.065625 0.1359375
645 0.825 0.96640625 0.0484375 0.06640625
760 0.53046875 0.6796875 0.04765625 0.1640625
761 0.48046875 0.69609375 0.04609375 0.11484375
761 0.43515625 0.7015625 0.03828125 0.1015625
761 0.0984375 0.85703125 0.053125 0.1046875
761 0.05390625 0.84375 0.03515625 0.11796875
761 0.159375 0.8859375 0.02578125 0.07421875
606 0.36953125 0.64765625 0.06796875 0.1828125
606 0.425 0.590625 0.03671875 0.08828125
886 0.15859375 0.65390625 0.0421875 0.11640625
750 0.4796875 0.3828125 0.07578125 0.10703125
750 0.2640625 0.10390625 0.06953125 0.09765625
497 0.2 0.1046875 0.046875 0.10703125
497 0.1453125 0.11484375 0.05703125 0.10234375
273 0.40625 0.39296875 0.05234375 0.08359375
273 0.36328125 0.39921875 0.0375 0.06328125
273 0.084375 0.38671875 0.05625 0.09921875
925 0.021875 0.38125 0.04296875 0.0953125
925 0.3125 0.3921875 0.0453125 0.08515625
142 0.4 0.053125 0.0515625 0.10625
142 0.45 0.0484375 0.04140625 0.096875
142 0.496875 0.04609375 0.040625 0.09140625
761 0.0171875 0.83671875 0.034375 0.11953125