844 0.24921875 0.096875 0.140625 0.10390625
844 0.125 0.15703125 0.09609375 0.10703125
844 0.24609375 0.19609375 0.1234375 0.0953125
844 0.38828125 0.16171875 0.12421875 0.07890625
844 0.3828125 0.23984375 0.1296875 0.07265625
844 0.5375 0.16015625 0.1421875 0.08671875
844 0.52734375 0.2609375 0.15078125 0.1015625
844 0.72734375 0.18359375 0.18671875 0.10234375
543 0.81015625 0.3125 0.059375 0.1078125
543 0.8890625 0.32109375 0.0875 0.13125
543 0.9703125 0.328125 0.059375 0.14375
803 0.63125 0.50078125 0.096875 0.128125
940 0.27265625 0.3953125 0.1546875 0.103125
940 0.13046875 0.3609375 0.1125 0.09765625
940 0.13828125 0.275 0.0984375 0.06328125
940 0.27265625 0.31171875 0.0953125 0.05625
940 0.0390625 0.3171875 0.03984375 0.07421875
842 0.79765625 0.74921875 0.071875 0.12109375
842 0.88359375 0.78046875 0.06171875 0.13046875