543 0.94453125 0.5375 0.0921875 0.1890625
543 0.85234375 0.5328125 0.08671875 0.184375
543 0.76015625 0.52109375 0.0796875 0.19296875
543 0.6796875 0.5125 0.078125 0.1984375
543 0.834375 0.846875 0.090625 0.1328125
543 0.9359375 0.86875 0.0984375 0.15390625
543 0.76015625 0.83359375 0.0453125 0.109375
543 0.5640625 0.5125 0.1203125 0.19609375
844 0.6578125 0.71953125 0.165625 0.1046875
844 0.48125 0.7015625 0.13984375 0.0828125
844 0.471875 0.79140625 0.134375 0.0953125
844 0.328125 0.6953125 0.11484375 0.065625
844 0.3171875 0.7671875 0.11875 0.0765625
844 0.22890625 0.65546875 0.12578125 0.0828125
844 0.19453125 0.73125 0.11015625 0.0734375
940 0.21015625 0.93359375 0.12109375 0.08984375
940 0.08203125 0.89453125 0.09765625 0.09765625
205 0.4125 0.46796875 0.16015625 0.06953125
205 0.3984375 0.54296875 0.1609375 0.084375
205 0.26875 0.471875 0.0984375 0.07578125
205 0.2640625 0.55078125 0.1015625 0.07265625
844 0.9453125 0.253125 0.084375 0.11171875
844 0.953125 0.11875 0.075 0.1453125
844 0.8578125 0.1296875 0.08125 0.13671875
844 0.853125 0.2625 0.07578125 0.11484375
844 0.765625 0.14296875 0.07734375 0.13203125
844 0.759375 0.2703125 0.071875 0.109375
844 0.6828125 0.15703125 0.06875 0.1203125
844 0.6796875 0.28203125 0.065625 0.103125
844 0.59921875 0.05859375 0.0609375 0.1171875
844 0.59609375 0.17421875 0.0671875 0.1234375
844 0.603125 0.29140625 0.06328125 0.09765625
844 0.528125 0.065625 0.05625 0.11640625
844 0.5265625 0.1859375 0.065625 0.1109375
844 0.52890625 0.29453125 0.05703125 0.10625
844 0.4625 0.078125 0.05859375 0.10234375
844 0.46640625 0.19296875 0.05546875 0.11484375
844 0.46640625 0.30234375 0.06015625 0.1
844 0.39921875 0.09375 0.05703125 0.10859375
844 0.403125 0.20390625 0.05546875 0.109375
844 0.40546875 0.3046875 0.05234375 0.09453125
844 0.34609375 0.11953125 0.0515625 0.09921875
844 0.3453125 0.21484375 0.053125 0.09765625
844 0.34765625 0.3109375 0.05234375 0.08984375
844 0.1140625 0.259375 0.059375 0.08359375
844 0.1171875 0.33984375 0.0546875 0.071875
543 0.05078125 0.52578125 0.0390625 0.0546875