635 0.50625 0.5828125 0.03671875 0.07421875
635 0.54375 0.5625 0.0359375 0.09375
607 0.5890625 0.5484375 0.0390625 0.09296875
607 0.66171875 0.50234375 0.03046875 0.078125
607 0.7640625 0.8984375 0.02265625 0.09609375
607 0.79296875 0.8734375 0.021875 0.103125
234 0.6546875 0.959375 0.03359375 0.08046875
635 0.6953125 0.953125 0.034375 0.09375
635 0.73203125 0.9375 0.0296875 0.09296875
809 0.2140625 0.4203125 0.04375 0.10546875
635 0.13046875 0.11484375 0.06015625 0.134375
635 0.1953125 0.125 0.05625 0.12734375
635 0.2546875 0.13671875 0.05234375 0.12265625
635 0.309375 0.14453125 0.0484375 0.115625
635 0.23203125 0.03359375 0.05390625 0.0640625
635 0.28515625 0.03828125 0.0484375 0.0765625
635 0.340625 0.0421875 0.046875 0.084375
635 0.36171875 0.15078125 0.04375 0.11328125
635 0.39375 0.15859375 0.021875 0.09765625
635 0.4234375 0.1625 0.03359375 0.0984375
635 0.478125 0.165625 0.0359375 0.1
635 0.52265625 0.1609375 0.040625 0.11796875