142 0.42734375 0.1234375 0.121875 0.2296875
142 0.6234375 0.1515625 0.14375 0.27890625
142 0.60546875 0.4421875 0.1 0.209375
142 0.6234375 0.740625 0.09609375 0.19375
142 0.4421875 0.76953125 0.1046875 0.20234375
635 0.7390625 0.7203125 0.08828125 0.11328125
635 0.8265625 0.7234375 0.0796875 0.1328125
5 0.8984375 0.71484375 0.05625 0.14140625
7 0.9625 0.7125 0.05625 0.1375
584 0.2203125 0.33046875 0.09296875 0.059375
584 0.09921875 0.41796875 0.078125 0.15546875
932 0.134375 0.71796875 0.078125 0.0921875
932 0.13671875 0.81015625 0.0859375 0.096875
635 0.73828125 0.36875 0.0640625 0.14296875
635 0.8109375 0.3671875 0.06328125 0.15078125
635 0.85390625 0.2125 0.06171875 0.1375
635 0.8796875 0.3671875 0.0640625 0.140625