651 0.58828125 0.11953125 0.06171875 0.040625
651 0.65234375 0.11796875 0.0625 0.04375
651 0.38828125 0.11328125 0.08125 0.0515625
651 0.30859375 0.11484375 0.06953125 0.04921875
758 0.91640625 0.19921875 0.13046875 0.084375
758 0.78671875 0.1984375 0.125 0.0828125
758 0.6578125 0.20078125 0.1234375 0.07421875
894 0.5484375 0.203125 0.1015625 0.0703125
894 0.45078125 0.203125 0.09375 0.06796875
894 0.1640625 0.203125 0.096875 0.06875
894 0.35234375 0.20234375 0.09453125 0.06640625
894 0.26171875 0.20078125 0.09375 0.071875
894 0.06328125 0.203125 0.10234375 0.0703125
841 0.05390625 0.29296875 0.065625 0.046875
841 0.115625 0.29375 0.059375 0.04609375
144 0.4171875 0.29765625 0.0625 0.04453125
144 0.35625 0.296875 0.0625 0.04453125
144 0.7859375 0.2984375 0.05703125 0.04453125
144 0.725 0.29921875 0.06171875 0.04453125
144 0.6640625 0.29765625 0.06171875 0.04453125
144 0.60234375 0.296875 0.0609375 0.0453125
144 0.5421875 0.29765625 0.0609375 0.04375
800 0.9078125 0.3015625 0.059375 0.04296875
800 0.8453125 0.30078125 0.06484375 0.04296875
651 0.0578125 0.3703125 0.05703125 0.0390625
651 0.1140625 0.36953125 0.05546875 0.0390625
651 0.171875 0.37109375 0.0578125 0.03984375
651 0.2296875 0.3703125 0.0578125 0.03984375
651 0.2875 0.3703125 0.05546875 0.040625
74 0.53828125 0.3703125 0.059375 0.0453125
74 0.475 0.3703125 0.0609375 0.04453125
74 0.6 0.3734375 0.059375 0.0390625
651 0.13125 0.50859375 0.06875 0.04765625
651 0.20078125 0.509375 0.06796875 0.04921875
651 0.26953125 0.51015625 0.06640625 0.04765625
651 0.46953125 0.5125 0.06875 0.04765625
651 0.40234375 0.5109375 0.0671875 0.04765625
651 0.3359375 0.5109375 0.06484375 0.046875
93 0.76796875 0.51328125 0.0734375 0.053125
93 0.69375 0.51328125 0.07421875 0.04921875
93 0.92578125 0.515625 0.075 0.05234375
93 0.8484375 0.51484375 0.0796875 0.05390625
75 0.90859375 0.44296875 0.0953125 0.05234375
75 0.7703125 0.44765625 0.0609375 0.03984375
75 0.83203125 0.45 0.05859375 0.0390625
75 0.70546875 0.44140625 0.0546875 0.0375
75 0.0734375 0.4375 0.059375 0.0375
75 0.1328125 0.43671875 0.05546875 0.034375
75 0.190625 0.43984375 0.053125 0.03046875
75 0.24765625 0.44140625 0.05859375 0.03203125
75 0.30625 0.44296875 0.05859375 0.0359375
75 0.36328125 0.4453125 0.06015625 0.0390625
75 0.53515625 0.4453125 0.05703125 0.03828125
75 0.421875 0.44453125 0.05546875 0.0390625
75 0.6515625 0.44765625 0.05859375 0.03984375
75 0.5921875 0.446875 0.05703125 0.03828125
93 0.78828125 0.58046875 0.07578125 0.04765625
93 0.903125 0.5828125 0.08125 0.0484375
543 0.675 0.57890625 0.06796875 0.02578125
543 0.6015625 0.58046875 0.06484375 0.02421875
543 0.5328125 0.5765625 0.06171875 0.03203125
702 0.428125 0.7140625 0.08671875 0.0546875
702 0.5171875 0.71640625 0.0890625 0.04921875
702 0.33359375 0.709375 0.1015625 0.0484375
702 0.6046875 0.7171875 0.08984375 0.04921875
702 0.8734375 0.72265625 0.0890625 0.04765625
702 0.7828125 0.721875 0.0875 0.05
702 0.69375 0.71953125 0.08828125 0.0546875
80 0.86953125 0.815625 0.0953125 0.075
80 0.7734375 0.8140625 0.09453125 0.07265625
15 0.57890625 0.7984375 0.10078125 0.078125
15 0.67734375 0.81015625 0.09765625 0.0796875
15 0.32890625 0.7984375 0.1015625 0.08671875
15 0.228125 0.7984375 0.10078125 0.08046875
67 0.13984375 0.80703125 0.075 0.05859375
67 0.06796875 0.80234375 0.06875 0.0578125