147 0.018135353125 0.009195403125 0.02089665 0.24827311875000002 0.1067061734375 0.23959402968750002 0.1021091890625 0.013426771874999998 0.018135353125 0.009195403125
147 0.1930264203125 0.255420625 0.1976234046875 0.01904269375 0.12029345312499999 0.022579 0.11538926249999999 0.252867946875 0.1930264203125 0.255420625
147 0.21226051250000003 0.0257982125 0.20783882343750001 0.25695224687499996 0.291605215625 0.26052598125 0.2875190328125 0.028742839062499997 0.21226051250000003 0.0257982125
691 0.3084606703125 0.0282322921875 0.3084606703125 0.03997460625 0.30130983125 0.25593115312500003 0.368220846875 0.2513363625 0.371285503125 0.027721764062499998 0.3084606703125 0.0282322921875
691 0.38865168125 0.0333376484375 0.3692423734375 0.25848383125 0.44483647968750006 0.2610365078125 0.46118113125000004 0.036400873437499995 0.38865168125 0.0333376484375
691 0.470885825 0.034358760937499996 0.47407405 0.039846743750000004 0.455051896875 0.257973303125 0.5240059640625 0.259504925 0.539329090625 0.0307849703125 0.470885825 0.034358760937499996
290 0.617987853125 0.112981190625 0.6171136421875001 0.1151979578125 0.6057293046875001 0.257973303125 0.69409268125 0.2656313359375 0.7068619546875 0.1160444359375 0.617987853125 0.112981190625
290 0.719284778125 0.1203065140625 0.699200390625 0.263589225 0.789096096875 0.26614190312499997 0.804930025 0.12421299687500001 0.719284778125 0.1203065140625
290 0.8112388015625 0.1522349953125 0.7972684625 0.264099753125 0.8636686765625001 0.2697156375 0.8820563031249999 0.15280298125 0.8112388015625 0.1522349953125
290 0.8922717203125 0.159439959375 0.88914429375 0.1573435515625 0.8713302390625 0.26614190312499997 0.9402843078125 0.2743104640625 0.9591827359374999 0.16454531562500002 0.8922717203125 0.159439959375
932 0.9670497843750001 0.16628352500000002 0.9499889218750001 0.2717577859375 0.99851215625 0.278394725 0.996469103125 0.1635242203125 0.9670497843750001 0.16628352500000002
751 0.018135353125 0.4549169875 0.01938764375 0.6311236250000001 0.1026433125 0.630613096875 0.0985571296875 0.45498885 0.018135353125 0.4549169875
750 0.10881223749999999 0.44725415156250004 0.109794075 0.622444496875 0.18538817968750002 0.6209129140625 0.1818127984375 0.441204365625 0.10881223749999999 0.44725415156250004
750 0.200766259375 0.44980842968749996 0.20071130625000003 0.6234655921875001 0.2711977015625 0.6209129140625 0.2706869 0.45498885 0.200766259375 0.44980842968749996
115 0.2876117265625 0.4561941265625 0.283456171875 0.622444496875 0.347813334375 0.62193396875 0.3518995171875 0.45396775624999997 0.2876117265625 0.4561941265625
115 0.3642400796875 0.457471265625 0.359050278125 0.622444496875 0.42902587187499996 0.618870840625 0.43362285624999997 0.4651995609375 0.3642400796875 0.457471265625
931 0.44853126718749997 0.4561941265625 0.43975209218750005 0.6229550640625 0.5035984515624999 0.6168286125 0.5148353953125 0.44835187187500003 0.44853126718749997 0.4561941265625
877 0.5255616140625 0.45447832187500004 0.527713896875 0.4587484046875 0.5179000515625 0.6127443515625 0.592472553125 0.612233825 0.5965587359375 0.45396775624999997 0.5255616140625 0.45447832187500004
878 0.6107279453125 0.46002554375000004 0.5960480109375 0.61989181875 0.6583620421874999 0.6214235203125 0.6706205125 0.46162578906249996 0.6107279453125 0.46002554375000004
881 0.6873562984375 0.457471265625 0.668577459375 0.6173391406250001 0.730891490625 0.6173391406250001 0.748768471875 0.459583678125 0.6873562984375 0.457471265625
645 0.7690932078125 0.44086845625000004 0.7462146171875 0.6178497078125 0.8095502531250001 0.612233825 0.8325349421875 0.4340569 0.7690932078125 0.44086845625000004
479 0.8316730296875001 0.4587484046875 0.8121041078125 0.6117232578125 0.873907415625 0.6112128078125 0.896381303125 0.459583678125 0.8316730296875001 0.4587484046875
479 0.901915684375 0.46002554375000004 0.881568978125 0.6158075578125 0.9443937328124999 0.6152970296875 0.9648245687499999 0.46213635625 0.901915684375 0.46002554375000004
291 0.0959960671875 0.959911746875 0.127153121875 0.92621640625 0.126131596875 0.7705030359375 0.0959960671875 0.745486803125 0.053091306250000005 0.7439552 0.024998907812500002 0.750592159375 0.0025250203125 0.77816106875 0.0015034546875 0.961953896875 0.058199053125 0.9782910203125 0.0959960671875 0.959911746875
449 0.1516701390625 0.79041396875 0.1475839578125 0.9660381578124999 0.31715987343749996 0.95531691875 0.3248214359375 0.78632965 0.1516701390625 0.79041396875
449 0.33605837968749996 0.77816106875 0.3421876140625 0.955827446875 0.5107420031250001 0.9445956796875 0.5020589140625 0.7842875 0.33605837968749996 0.77816106875
449 0.509209753125 0.7822453687500001 0.521979025 0.9456167343749999 0.6905334140625 0.93642711875 0.66805945 0.7684609046875 0.509209753125 0.7822453687500001
645 0.858066278125 0.926726934375 0.8269092234375 0.7745873359375001 0.6843992828125 0.779898846875 0.7165826828124999 0.9415324734375 0.858066278125 0.926726934375
645 0.8361030375 0.7689714328125 0.8682816953125 0.9272374624999999 0.9959744140625 0.92111105 0.958688046875 0.7705030359375 0.8361030375 0.7689714328125
479 0.5532566812499999 0.0411238828125 0.5342379203125 0.257797284375 0.6006381328125 0.255755134375 0.6123858796875 0.035714287500000004 0.5532566812499999 0.0411238828125