260 0.840625 0.128125 0.13515625 0.07578125
260 0.9609375 0.1265625 0.07734375 0.08984375
260 0.10703125 0.134375 0.14921875 0.1328125
102 0.76640625 0.71171875 0.12265625 0.09609375
102 0.6453125 0.71875 0.08828125 0.06953125
102 0.5578125 0.70546875 0.08125 0.07109375
102 0.4671875 0.69921875 0.08046875 0.075
462 0.3359375 0.4453125 0.075 0.05625
462 0.41875 0.4453125 0.08984375 0.0578125
462 0.515625 0.44296875 0.09453125 0.07265625
462 0.61171875 0.45234375 0.08984375 0.06015625
462 0.69609375 0.45390625 0.0765625 0.0625
462 0.778125 0.44765625 0.075 0.07890625
462 0.8140625 0.55234375 0.07890625 0.084375
462 0.7390625 0.5546875 0.0640625 0.06875
462 0.7171875 0.14296875 0.096875 0.0546875
462 0.62734375 0.1375 0.08203125 0.071875
462 0.53515625 0.14375 0.08984375 0.0703125
462 0.440625 0.15390625 0.0828125 0.0609375
462 0.3546875 0.1609375 0.08515625 0.05703125
462 0.28046875 0.171875 0.06015625 0.04921875
462 0.215625 0.175 0.0609375 0.0484375
462 0.21875 0.1203125 0.06875 0.05546875
462 0.28203125 0.11953125 0.05390625 0.0546875
462 0.51640625 0.2484375 0.08203125 0.0546875
462 0.43203125 0.2453125 0.09140625 0.046875
462 0.34140625 0.253125 0.0765625 0.06328125
462 0.26484375 0.2546875 0.0734375 0.040625
462 0.2015625 0.25546875 0.05546875 0.0484375
462 0.13828125 0.26328125 0.06875 0.05390625
462 0.0828125 0.26640625 0.0390625 0.05703125
462 0.603125 0.24140625 0.0828125 0.06796875
537 0.5375 0.33671875 0.11796875 0.07578125
537 0.42421875 0.3359375 0.11015625 0.07265625
842 0.89921875 0.671875 0.084375 0.0515625
842 0.9765625 0.68046875 0.04609375 0.05078125