178 0.24296875 0.14375 0.2171875 0.1203125
178 0.17734375 0.365625 0.07890625 0.284375
178 0.26171875 0.359375 0.08125 0.284375
828 0.23828125 0.7015625 0.05625 0.12265625
828 0.29609375 0.6890625 0.05234375 0.1078125
828 0.3578125 0.6890625 0.059375 0.11796875
828 0.41875 0.67734375 0.0546875 0.134375
828 0.59765625 0.64453125 0.0703125 0.08515625
828 0.178125 0.71015625 0.04375 0.109375
178 0.36328125 0.2796875 0.10390625 0.12109375
178 0.3625 0.41328125 0.10234375 0.10234375
178 0.48125 0.11328125 0.121875 0.14609375
178 0.48203125 0.25546875 0.11328125 0.11328125
178 0.4890625 0.38984375 0.1375 0.10859375
962 0.5984375 0.34765625 0.06875 0.13828125
962 0.6734375 0.31484375 0.05390625 0.071875
962 0.93828125 0.2234375 0.1234375 0.2328125
163 0.7328125 0.6515625 0.08359375 0.14296875
163 0.915625 0.65625 0.1546875 0.221875
163 0.03828125 0.8328125 0.071875 0.2078125