732 0.332811365625 0.31282412656249997 0.32976503749999997 0.2945303171875 0.083774028125 0.3116045390625 0.0974825046875 0.4231967703125 0.326718709375 0.4228918734375 0.2909243515625 0.31068984843749997 0.332811365625 0.31282412656249997
732 0.5711865546875 0.42045269999999996 0.5338690328125 0.292396040625 0.332811365625 0.2960548015625 0.3373808578125 0.3119094359375 0.3023480828125 0.3116045390625 0.33052661875 0.42411146093749996 0.5711865546875 0.42045269999999996
732 0.7539662515625001 0.42228208125 0.7981380125 0.29087155625 0.541830921875 0.2939164125 0.570424971875 0.41953800937499997 0.7539662515625001 0.42228208125
732 0.9793945453124999 0.3079457765625 0.7562509984375 0.31709268125 0.7554894156249999 0.41770862812500004 0.9892951125 0.41679393749999993 0.9793945453124999 0.3079457765625
732 0.3693673046875 0.7433384203125 0.3815526171875 0.7305327546875 0.396784259375 0.6872374078125 0.3807910375 0.6430273703125 0.19039551875 0.6430273703125 0.2094350703125 0.6835786453125 0.21248139843749997 0.7427286265624999 0.3693673046875 0.7433384203125
732 0.5513854203124999 0.7412041421875 0.5666170609375001 0.6396735046875001 0.384598946875 0.6366245375 0.39602267812499997 0.69333534375 0.36860572343750003 0.7427286265624999 0.5513854203124999 0.7412041421875
732 0.7676747296875 0.63845391875 0.5673786437499999 0.6396735046875001 0.5544317484375 0.7408992453125001 0.7493967593749999 0.7405943484375 0.7676747296875 0.63845391875
732 0.7532046703125 0.7424237296875 0.962639740625 0.74699718125 0.968732396875 0.6402832984375 0.7722442218750001 0.63845391875 0.7532046703125 0.66589463125 0.7592973265625 0.68967658125 0.7532046703125 0.7424237296875
95 0.165263309375 0.461918665625 0.1370847734375 0.576559865625 0.398307425 0.5655835812500001 0.3830757828125 0.458259903125 0.165263309375 0.461918665625
95 0.3807910375 0.463748046875 0.4097311546875 0.5683276515625 0.6458215968750001 0.56436399375 0.6214509703125 0.458869696875 0.3807910375 0.463748046875
95 0.651152671875 0.459479490625 0.661814821875 0.563449303125 0.8704883078125001 0.562229715625 0.8575414140625 0.45917459374999997 0.651152671875 0.459479490625
95 0.9877719484374999 0.458869696875 0.8621109062500001 0.458869696875 0.8765809656249999 0.562229715625 0.9885335296875001 0.5649737874999999 0.9877719484374999 0.458869696875
732 0.43316774531249996 0.7979198000000001 0.45820634374999997 0.7723582984374999 0.23223299687500001 0.7713558859375 0.28293615625 0.78363543125 0.31486036875 0.8500452125000001 0.46571792187499994 0.8538042578124999 0.43316774531249996 0.7979198000000001
732 0.602804246875 0.8538042578124999 0.580269509375 0.79641618125 0.5477193312499999 0.797167990625 0.55084915625 0.7713558859375 0.46571792187499994 0.7716064890625 0.4300379203125 0.7986716078125 0.4600842375 0.850797021875 0.602804246875 0.8538042578124999
732 0.76805899375 0.7911535187500001 0.7511579390625001 0.7781221656249999 0.7330049562500001 0.779124578125 0.738012675 0.79641618125 0.596544596875 0.797167990625 0.6240870546874999 0.8502958156249999 0.7486540796875001 0.85154883125 0.759295484375 0.8257367265625 0.76805899375 0.7911535187500001
732 0.7373867093750001 0.7713558859375 0.7699368875 0.793408946875 0.756165659375 0.834006625 0.7830821515624999 0.8530524484375 0.9301839140625001 0.85154883125 0.9345656703125 0.7713558859375 0.7373867093750001 0.7713558859375
732 0.301089140625 0.9432695109375 0.28231019218750003 0.9630671453125 0.4644659921875 0.9640695562499999 0.4757333609375 0.9274815249999999 0.4557024828125 0.8816211859375 0.32612773906250003 0.8798669640625001 0.266035103125 0.88763565625 0.294829490625 0.9019200250000001 0.29232563125 0.9274815249999999 0.301089140625 0.9432695109375
732 0.48011511562500003 0.9665755859375 0.6284688093749999 0.9658237765625 0.6447438984375 0.90993931875 0.500771959375 0.9076838921875 0.5076575734375 0.8811199796875 0.45883230781249995 0.8816211859375 0.47761125625 0.9237224812499999 0.46571792187499994 0.9613129234375 0.48011511562500003 0.9665755859375
732 0.8150063640624999 0.9680792031250001 0.813754434375 0.9224694671875 0.8300295234374999 0.8816211859375 0.6816758296875001 0.8831248031250001 0.677920040625 0.9136983624999999 0.6472477578125 0.910440525 0.622835125 0.974344278125 0.8150063640624999 0.9680792031250001
732 0.8156323296875 0.9680792031250001 0.9627340921875 0.9713370421875 0.9583523375 0.9425177031249999 0.9677418109374999 0.9317417750000001 0.9802611109375 0.8813705828125 0.831281453125 0.882122390625 0.8218919781249999 0.9036742453125 0.813754434375 0.9387586578124999 0.8156323296875 0.9680792031250001
635 0.5708071921875 0.0636088625 0.5345187625000001 0.0753882828125 0.5364803 0.09619858906249999 0.525691846875 0.10522947812500001 0.5404033734375 0.18297364375 0.690460934375 0.1794398171875 0.6786917140625001 0.095020646875 0.6522109671874999 0.06832063125 0.5708071921875 0.0636088625
635 0.526672615625 0.1841515859375 0.513922628125 0.1103338921875 0.5001918703125 0.1016956515625 0.493326490625 0.082455934375 0.4384034625 0.0726397515625 0.3687689078125 0.083633875 0.3677881390625 0.1020882984375 0.3599419921875 0.11190448125 0.3756342875 0.186114821875 0.526672615625 0.1841515859375
635 0.21969211562500002 0.1876854109375 0.3717112125 0.186114821875 0.35601891874999997 0.106014771875 0.3471920046875 0.08284858125 0.23636517812500002 0.07421034062500001 0.2069421265625 0.08284858125 0.21184596875 0.0958059421875 0.20399982187500001 0.10444418281250001 0.21969211562500002 0.1876854109375
635 0.074538396875 0.1900412953125 0.218711346875 0.188863353125 0.1981152109375 0.10287359375 0.1686921609375 0.08010005 0.039230734375 0.0781368125 0.0441345765625 0.1016956515625 0.0696345546875 0.1821883484375 0.074538396875 0.1900412953125