934 0.6087481015625 0.5043438453125 0.506845021875 0.5000542546875 0.5001385359375 0.5638801640625 0.5982375265625001 0.57255433125 0.6087481015625 0.5043438453125
934 0.5071455859375 0.499218190625 0.3979818234375 0.4931098109375 0.4029153984375 0.55008035625 0.50276615 0.5626973265624999 0.5071455859375 0.499218190625
934 0.354741784375 0.48541838125 0.31269936875000004 0.544560434375 0.393280675 0.55481171875 0.40116363593750004 0.49133259375 0.354741784375 0.48541838125
934 0.347734734375 0.49133259375 0.2563633265625 0.479220921875 0.24875983281249997 0.538646221875 0.30919584375000003 0.54416615625 0.347734734375 0.49133259375
934 0.2610222296875 0.4779270515625 0.195669684375 0.47444661562499996 0.158543803125 0.5303663328125 0.24175278437499997 0.5398290718750001 0.2610222296875 0.4779270515625
934 0.6234153499999999 0.5000542546875 0.6078722484375 0.5729486109375 0.69370884375 0.5788628109375 0.7147300515625 0.501583878125 0.6234153499999999 0.5000542546875
934 0.70078125 0.33671875 0.10859375 0.0734375
934 0.60078125 0.3375 0.10703125 0.0703125
934 0.490625 0.33828125 0.090625 0.065625
934 0.3984375 0.3296875 0.09375 0.07578125
934 0.30859375 0.3296875 0.078125 0.0703125
934 0.23046875 0.32890625 0.0890625 0.065625
934 0.67421875 0.43984375 0.1140625 0.07578125
934 0.5640625 0.43515625 0.1 0.0671875
934 0.46875 0.43046875 0.09921875 0.06875
934 0.3671875 0.425 0.10234375 0.07109375
934 0.265625 0.42109375 0.0890625 0.06953125
934 0.68203125 0.21328125 0.175 0.10859375
934 0.74375 0.090625 0.1765625 0.0984375
934 0.4296875 0.22734375 0.11953125 0.075
934 0.5421875 0.22578125 0.0953125 0.07890625
934 0.3640625 0.1203125 0.15 0.07265625
934 0.30390625 0.23359375 0.11953125 0.075
934 0.280462278125 0.083555409375 0.1543113890625 0.0941297765625 0.1972533171875 0.15912580625 0.2848417328125 0.1617543328125 0.280462278125 0.083555409375
934 0.4484375 0.615625 0.1015625 0.0421875
934 0.3914076234375 0.5773823640625 0.30524266718750004 0.5657732953125 0.3286358921875 0.6187817921875001 0.4001664359375 0.6220674734375 0.3914076234375 0.5773823640625
934 0.24094906875 0.5504014781250001 0.2321966453125 0.6084995046875 0.31978503125 0.612442315625 0.33642680468749997 0.558031625 0.24094906875 0.5504014781250001
934 0.522114209375 0.5757742390625 0.41050590937500003 0.5647243937499999 0.41788402187499996 0.5923340140625 0.5186106265625 0.595488253125 0.522114209375 0.5757742390625
934 0.22956897187499997 0.6096823484375 0.2448026328125 0.5560438390625 0.193206825 0.5529059828125 0.15466793437499998 0.5998253375 0.22956897187499997 0.6096823484375
934 0.5199114890625001 0.5741971218749999 0.4997661328125 0.6420133296875 0.60487223125 0.6467446921875 0.6197622421875 0.586025528125 0.5199114890625001 0.5741971218749999
934 0.6407835093750001 0.5891797750000001 0.6127551921875 0.6420133296875 0.6854534796875 0.6514760546875 0.7003435484375 0.5970653765625 0.6407835093750001 0.5891797750000001
934 0.603765446875 0.6864963562499999 0.5820992609375 0.7531794765625001 0.695964171875 0.7681621234375 0.70822656875 0.6999516296875 0.603765446875 0.6864963562499999
934 0.49875581249999995 0.6700033000000001 0.4901314109375 0.7322826171875 0.5856027859374999 0.7496309515624999 0.602244559375 0.6865460999999999 0.49875581249999995 0.6700033000000001
934 0.415904175 0.657850521875 0.41743306406249997 0.7220313265625 0.489255559375 0.727156975 0.4997661328125 0.6707748890625 0.415904175 0.657850521875
934 0.34268644843749996 0.6487359390625 0.332472321875 0.706260115625 0.41830897499999997 0.7184828078125001 0.4165572125 0.6605236015625 0.34268644843749996 0.6487359390625
934 0.34210704375 0.651338290625 0.247310725 0.6396017374999999 0.2606498859375 0.695497690625 0.330720559375 0.703777565625 0.34210704375 0.651338290625
934 0.2029947328125 0.628317015625 0.190579153125 0.6801207515625001 0.2536427765625 0.693132003125 0.259773975 0.6363556375 0.2029947328125 0.628317015625
934 0.45669920781249995 0.0462795171875 0.45669920781249995 0.149975240625 0.6388830296875 0.14208963125000001 0.6528971875 0.0297197453125 0.45669920781249995 0.0462795171875
585 0.91875 0.06875 0.15703125 0.1359375
585 0.9109375 0.21484375 0.17265625 0.09140625
585 0.8734375 0.33203125 0.17890625 0.1
585 0.8390625 0.44375 0.15703125 0.09296875
585 0.7438392421875 0.5004882828125 0.73738551875 0.5851730796875 0.89416875625 0.599761446875 0.9055552421874999 0.5098655421875 0.7438392421875 0.5004882828125
585 1 0.401310684375 0.9182130374999999 0.3997938390625 0.9055552421874999 0.493715596875 0.9966471234375 0.5008126484375001 1 0.401310684375
585 1 0.5209419390625001 0.9073070046874999 0.507536415625 0.8897893218749999 0.5942780796875 0.9983988859374999 0.607683609375 1 0.5209419390625001
934 0.7496195890624999 0.697102865625 0.725999034375 0.7714696578125 0.8424915593750001 0.7852694671875 0.8810304500000001 0.71351045625 0.7496195890624999 0.697102865625
934 1 0.73361875 0.8796773921875 0.71402995 0.857381628125 0.792760796875 0.979129440625 0.8140519359375 1 0.73361875
934 0.7268748859375 0.8073491640625001 0.6041475265625 0.7852105046875 0.5823540734375 0.8507199999999999 0.693591340625 0.8743768265625 0.7268748859375 0.8073491640625001
934 0.3109375 0.76484375 0.10546875 0.059375
934 0.380596884375 0.736158259375 0.3638090875 0.7907003687499999 0.46161614218749997 0.8093464906250001 0.465265646875 0.7506607109375001 0.380596884375 0.736158259375
934 0.17826956249999998 0.716710975 0.18966235781250002 0.7747032078125 0.2513392015625 0.7804531328125 0.2644774453125 0.7244324703125 0.17826956249999998 0.716710975
934 0.18272828593749998 0.7081684078125 0.14334663281249999 0.7051369000000001 0.1582765296875 0.7628748 0.18674275468749998 0.7687890046875 0.18272828593749998 0.7081684078125
934 0.5232226718749999 0.76090495 0.48969840312499996 0.82299971875 0.5877973921875 0.8407423312500001 0.6184533234375 0.778051765625 0.5232226718749999 0.76090495
934 0.7274615921875001 0.7982313390625 0.7025381546875 0.8778046875 0.8269136406250001 0.897518696875 0.843555471875 0.8170855187500001 0.7274615921875001 0.7982313390625
934 0.9836968781250001 0.845079415625 0.83054444375 0.8203667546875 0.8277895515625 0.9018955078124999 0.9679309578125 0.929100859375 0.9836968781250001 0.845079415625
934 0.6725482984375 0.9115125890625 0.6507710437500001 0.99678401875 0.7646359546875 1 0.8049266078124999 0.937641965625 0.6725482984375 0.9115125890625
934 0.9363092015625 0.9699729593749999 0.7968257546874999 0.9444986999999999 0.766387715625 0.9995439718749999 0.9074050328125001 1 0.9363092015625 0.9699729593749999
934 0.6060743093750001 0.90847439375 0.5430373296875 0.9648473171875 0.64376399375 0.992446934375 0.685806409375 0.9139851515625 0.6060743093750001 0.90847439375
934 0.49624772031250003 0.8872070328125 0.49136019218750004 0.9557788578125 0.5579273984374999 0.9545960203125 0.601721578125 0.8867798062500001 0.49624772031250003 0.8872070328125
934 0.4239171609375 0.937641965625 0.4490415546875 0.8798285609375001 0.3678605875 0.8560259453124999 0.33895641875 0.91083090625 0.4239171609375 0.937641965625
934 0.235168721875 0.8325195328125 0.2322193359375 0.8947509359374999 0.3198077515625 0.9164363546875001 0.340828959375 0.859265709375 0.235168721875 0.8325195328125
934 0.175438471875 0.8208007828125 0.14725859218749998 0.8817396859375 0.22959172187500002 0.8955394953125 0.23747462187499999 0.8300889625 0.175438471875 0.8208007828125
811 0.1034644140625 0.9396988890625 0.0964573640625 0.8620256640624999 0.0018619 0.8883031578124999 0.005365425 0.971890590625 0.1034644140625 0.9396988890625
811 0.01936910625 0.791720921875 0.040400790625 0.8494548296875 0.12798914687500001 0.8261922953124999 0.12798914687500001 0.76744453125 0.01936910625 0.791720921875
811 0.0377731171875 0.8549747640625001 0.016478934375 0.7925889781250001 0.0001101078125 0.7978041124999999 0 0.8660146046874999 0.0377731171875 0.8549747640625001
821 0.146382740625 0.6763018921875 0.0636851 0.69059245 0.058794354687499994 0.761860715625 0.142879215625 0.7472723484375 0.146382740625 0.6763018921875
821 0 0.7756605249999999 0.05441491875 0.7650149609375 0.058868143750000004 0.6914605046875 0 0.7058729140625 0 0.7756605249999999
821 0.058868143750000004 0.58902995 0.0658014046875 0.672689484375 0.153389790625 0.6604667921875 0.163900425 0.58121645 0.058868143750000004 0.58902995
821 0 0.6828949468750001 0.0649255234375 0.6765864671874999 0.05791844375000001 0.59418188125 0 0.5985189640625 0 0.6828949468750001
821 0.057904753125 0.48438950625 0.05091139375 0.57593925 0.14200330625 0.5660822453125001 0.155141553125 0.4765806140625 0.057904753125 0.48438950625
821 0.0390625 0.4078125 0.078125 0.0953125
821 0.13359375 0.4109375 0.103125 0.0875
224 0.15002139375 0.250450765625 0.0449153546875 0.236404528125 0.050389610937499996 0.3468030171875 0.1401677296875 0.34976011875 0.15002139375 0.250450765625
224 0.0405359109375 0.229181578125 0 0.2276113828125 0.0005737390624999999 0.34366837031249997 0.0476525015625 0.34588619062500003 0.0405359109375 0.229181578125
821 0 0.20793697500000002 0.1248397359375 0.22395461249999998 0.13140888125 0.129820184375 0 0.09687635781250001 0 0.20793697500000002
160 0.882567565625 0.62809245 0.9057294499999999 0.6950885765625 0.9924418968750001 0.7092826640625 0.9985730937499999 0.6402836062499999 0.882567565625 0.62809245
160 0.7920087984374999 0.615071615625 0.7822298171875001 0.6895686546875 0.8917152921874999 0.6919343296875 0.9066053015625 0.6166267921874999 0.7920087984374999 0.615071615625
160 0.7936163015625 0.6107125859375 0.6898893375 0.600314671875 0.6736201937499999 0.670643190625 0.7787262328125 0.6860201296875 0.7936163015625 0.6107125859375