316 0.1459849640625 0.005461525 0.0106388171875 0.0033850828125 0.0096371203125 0.2094057875 0.1730611578125 0.19394081093749999 0.1459849640625 0.005461525
316 0.23366015624999997 0.0080390171875 0.1637735078125 0.009832859375 0.1775738328125 0.19490738125 0.253967290625 0.18524177656250002 0.23366015624999997 0.0080390171875
316 0.5144142734375 0.0041727734375 0.528274653125 0.17589835468749998 0.610792509375 0.1768649 0.6140158640625 0.0038505921875000002 0.5144142734375 0.0041727734375
316 0.6248920703125 0.0027345515625 0.620057040625 0.0008014296875000001 0.6191477187500001 0 0.6210240578125 0.1815482390625 0.732874396875 0.1763932546875 0.71740229375 0.0040232984375000004 0.6248920703125 0.0027345515625
316 0.7376256109375 0.004997028125 0.7325520421875 0.1277430390625 0.8747019796875 0.11678870625 0.8814709421875 0.0075279265625 0.7376256109375 0.004997028125
316 0.995899975 0.00301730625 0.9314329140625001 0.0023729546875 0.911448184375 0.007850109375 0.9101588640625 0.1615332078125 0.9291766265625 0.1686213328125 0.99170965625 0.16088884375 0.995899975 0.00301730625
107 0.7357753953125 0.134181725 0.7344017234375 0.133146584375 0.73609775 0.17606599843749998 0.88920706875 0.1731663359375 0.8888847140625 0.11613925624999999 0.7357753953125 0.134181725
921 0.3240548046875 0.5099432140625 0.4025983453125 0.4745664203125 0.48114188750000003 0.48958946562500005 0.47386933593749997 0.3049517453125 0.03557693125 0.32336705 0.06854584531249999 0.5157585609375 0.101999553125 0.49685866718750005 0.3240548046875 0.536112346875 0.3240548046875 0.5099432140625
921 0.22175421874999998 0.778419053125 0.4884145125 0.6533887765624999 0.484535803125 0.5831198328125 0.11419799374999999 0.514254759375 0.0123047515625 0.5516199609375 0.0030928828125 0.6383658421875 0.0113350921875 0.724142328125 0.22175421874999998 0.778419053125
921 0.7293782953125 0.5050970796875001 0.7298631609374999 0.5302969625 0.765256334375 0.5273892906250001 0.7701047015625 0.44112814375 0.8307092968750001 0.4333742984375 0.9742208609375 0.496374025 0.9800389609375 0.320943984375 0.5344740046875 0.324820925 0.5436858734375 0.5380508078124999 0.556776525 0.540473875 0.6018662859374999 0.50412786875 0.7293782953125 0.5050970796875001
316 0.792891940625 0.6670339296875001 0.7812558875 0.6200264078125 0.7293782953125 0.6209956562500001 0.6847734015625 0.679149265625 0.5504735578125 0.665580075 0.5543523421875001 0.6398955859375001 0.4936457515625 0.6379086609375 0.49132356250000003 0.68302615 0.49908083124999997 0.7581412296875001 0.799679625 0.7426336890624999 0.792891940625 0.6670339296875001
316 0.85854599375 0.860970603125 0.8588297703125001 1 0.9853721953125 0.96328464375 0.9892508296875 0.8547312312500001 0.85854599375 0.860970603125
316 0.772528884375 0.9477770296875001 0.6915610859375 0.8896234203125 0.639198775 0.9065848890625 0.638713909375 0.9918768421875 0.774468203125 0.9976921890625 0.772528884375 0.9477770296875001
316 0.397749978125 0.90997716875 0.26732891875 0.904646428125 0.24745058125 0.9409924343749999 0.249874765625 0.9918768421875 0.39968936875 0.99914604375 0.397749978125 0.90997716875