750 0.74140625 0.14921875 0.103125 0.12578125
750 0.734375 0.04140625 0.08359375 0.08203125
497 0.63125 0.16953125 0.0625 0.11640625
497 0.63203125 0.05390625 0.0640625 0.1078125
497 0.5546875 0.1953125 0.059375 0.103125
497 0.5578125 0.065625 0.06875 0.13046875
570 0.14609375 0.28515625 0.034375 0.08828125
925 0.8 0.51171875 0.06484375 0.10703125
925 0.4046875 0.5 0.05390625 0.10078125
273 0.46796875 0.50078125 0.0625 0.10859375
355 0.35 0.4984375 0.0515625 0.10390625
355 0.26640625 0.5015625 0.03828125 0.0953125
355 0.22890625 0.5015625 0.03984375 0.090625
465 0.30703125 0.5015625 0.03515625 0.0953125
886 0.56171875 0.83203125 0.05078125 0.1453125
750 0.028125 0.28671875 0.03125 0.1484375
750 0.05390625 0.29375 0.0265625 0.1078125
750 0.0828125 0.26953125 0.03046875 0.1546875
750 0.1109375 0.26953125 0.028125 0.1375
130 0.25546875 0.26875 0.04140625 0.084375
130 0.34296875 0.24921875 0.034375 0.08828125
130 0.38671875 0.240625 0.0484375 0.0921875
130 0.2953125 0.171875 0.040625 0.0796875
130 0.38671875 0.1265625 0.0484375 0.0859375
130 0.296875 0.2640625 0.04375 0.075
130 0.2578125 0.1875 0.03671875 0.07734375
142 0.921875 0.0890625 0.07890625 0.1703125
606 0.878125 0.86328125 0.0890625 0.27265625
761 0.303125 0.93515625 0.0546875 0.1296875