635 0.11015625 0.19765625 0.08984375 0.13515625
635 0.0453125 0.33515625 0.078125 0.1328125
635 0.12578125 0.34140625 0.06953125 0.1328125
635 0.1921875 0.3453125 0.059375 0.13359375
635 0.24921875 0.35078125 0.0484375 0.1203125
635 0.29375 0.3546875 0.03515625 0.109375
635 0.346875 0.3546875 0.05234375 0.11171875
635 0.28984375 0.221875 0.05390625 0.11953125
635 0.3515625 0.22890625 0.0546875 0.11796875
635 0.4046875 0.35234375 0.05390625 0.10703125
635 0.459375 0.3578125 0.05078125 0.10234375
635 0.509375 0.36015625 0.04375 0.10625
635 0.55390625 0.3671875 0.040625 0.10625
635 0.5984375 0.36328125 0.04140625 0.1
635 0.48828125 0.2484375 0.05078125 0.11640625
635 0.5375 0.259375 0.0421875 0.1109375
635 0.58359375 0.26015625 0.046875 0.103125
635 0.6546875 0.36953125 0.028125 0.08203125
635 0.7078125 0.37421875 0.0421875 0.09453125
635 0.7578125 0.3625 0.03984375 0.125
234 0.86484375 0.29609375 0.034375 0.08828125
234 0.9 0.3015625 0.02890625 0.09296875
234 0.940625 0.30703125 0.0359375 0.08671875
234 0.859375 0.38828125 0.0328125 0.071875
234 0.89453125 0.3875 0.02578125 0.06796875
234 0.93515625 0.3921875 0.040625 0.07109375
234 0.85 0.14765625 0.0421875 0.11796875
5 0.1734375 0.66640625 0.05078125 0.12578125
5 0.36015625 0.63984375 0.04921875 0.1125
5 0.41328125 0.63359375 0.040625 0.1
5 0.50546875 0.625 0.034375 0.09609375
5 0.54453125 0.62265625 0.03828125 0.0984375
5 0.5859375 0.61875 0.0359375 0.09296875
5 0.61484375 0.56484375 0.01484375 0.0890625
5 0.6390625 0.57734375 0.02265625 0.10078125
5 0.6796875 0.58828125 0.04609375 0.11328125
5 0.721875 0.584375 0.0390625 0.10546875
5 0.76171875 0.5859375 0.03125 0.09765625
5 0.7953125 0.58125 0.03046875 0.0953125
5 0.82734375 0.58046875 0.021875 0.09765625
5 0.859375 0.5765625 0.0328125 0.0953125
5 0.88828125 0.57421875 0.02421875 0.09765625
5 0.91484375 0.56953125 0.025 0.0921875
5 0.94140625 0.56796875 0.0203125 0.08828125
5 0.96640625 0.56328125 0.0296875 0.0890625
7 0.459375 0.628125 0.04296875 0.0953125
7 0.30625 0.64921875 0.0421875 0.10703125
7 0.2328125 0.65703125 0.04765625 0.10703125
7 0.99140625 0.56328125 0.0171875 0.0890625
234 0.09765625 0.68203125 0.08203125 0.09375
747 0.3078125 0.05078125 0.05625 0.1015625