808 0.415625 0.73125 0.1 0.20390625
808 0.52265625 0.7734375 0.10859375 0.22890625
808 0.29375 0.76875 0.12734375 0.21171875
868 0.62734375 0.775 0.10078125 0.2703125
868 0.73203125 0.7765625 0.10078125 0.2671875
868 0.83203125 0.77578125 0.090625 0.24609375
868 0.92578125 0.79375 0.084375 0.2453125
543 0.15234375 0.71875 0.09609375 0.29609375
543 0.05078125 0.73515625 0.1015625 0.30078125
936 0.478125 0.33359375 0.065625 0.1703125
936 0.56015625 0.36015625 0.0609375 0.1515625
936 0.3984375 0.3421875 0.06953125 0.15625
936 0.3171875 0.32265625 0.06953125 0.18671875
936 0.23359375 0.32109375 0.06875 0.17109375
936 0.1515625 0.31484375 0.06875 0.16953125