51 0.0458465203125 0.1652988625 0.0458465203125 0.172192853125 0.07523035624999999 0.1770560890625 0.0763964203125 0.023068778125 0.0187449125 0.010851775 0.0150362625 0.15955388125 0.0458465203125 0.1652988625
51 0.541029090625 0.250573521875 0.55186974375 0.11154496875 0.512590771875 0.103474475 0.502231003125 0.2394665515625 0.5370351875 0.24291354687500002 0.5390321390625 0.2494245140625 0.541029090625 0.250573521875
51 0.5915481640625 0.11738038749999999 0.5554293125 0.1112897109375 0.5520395375 0.1166041578125 0.5416323828125 0.24959665625 0.5799846625 0.25554767031250003 0.5915481640625 0.11738038749999999
51 0.6005272390624999 0.27779120625 0.6315559625 0.28425971250000004 0.6431194625 0.15230219843749998 0.6104957640625 0.1437637625 0.5993708843750001 0.1484210953125 0.5881928359375 0.2552808109375 0.6016835859375 0.2604556171875 0.6005272390624999 0.27779120625
51 0.610291828125 0.5333824796875 0.5979574390625 0.52148043125 0.561693915625 0.5222403875 0.549390728125 0.6291163828124999 0.558641534375 0.64412330625 0.5979574390625 0.643347096875 0.610291828125 0.5333824796875
51 0.6037391890625 0.6436058328125001 0.6129899812499999 0.6438645703125 0.6139536062500001 0.6492981109375 0.643633275 0.650333075 0.6569312890625 0.537263584375 0.6444041625 0.52639650625 0.609328203125 0.523809103125 0.60819654375 0.5290302875 0.6100991062500001 0.5315713109375 0.5991137859375 0.6376548 0.6037391890625 0.6436058328125001
51 0.3062684328125 0.8523078875 0.30569026718750003 0.8463568531250001 0.26290530625 0.8481680328125 0.26027014375 0.85785549375 0.2555817640625 0.9695172140625001 0.2983667109375 0.969258478125 0.3037630171875 0.8577414234375 0.3062684328125 0.8523078875
51 0.348089753125 0.9338110609375001 0.35098062812499997 0.862657496875 0.348282490625 0.8476505546875 0.30607571093749997 0.8476505546875 0.3064611546875 0.8530841015625 0.3043633109375 0.8591488093749999 0.2991376125 0.9640836734375 0.3024139328125 0.9731395812500001 0.343464365625 0.972363353125 0.348089753125 0.9338110609375001
51 0.670913446875 0.28223669687499997 0.6873187734374999 0.15740573124999999 0.6523318859375 0.1490902625 0.6434596203125 0.154933559375 0.6357591609375 0.233242884375 0.6320763234375 0.28156248125 0.670913446875 0.28223669687499997
51 0.7060714859375 0.2933617484375 0.721807203125 0.163460678125 0.712767540625 0.1614379890625 0.7097543109375 0.163460678125 0.68817569375 0.156767090625 0.6714193953125001 0.2823493703125 0.6856485109375 0.2816751546875 0.6858159109375 0.29111432656249997 0.7060714859375 0.2933617484375
51 0.7398493937499999 0.2980803265625 0.7562547328125 0.16975245 0.723754390625 0.163507346875 0.721937453125 0.163909146875 0.7055321140624999 0.29381022031250004 0.7398493937499999 0.2980803265625
51 0.7950918437500001 0.175595746875 0.7637877937499999 0.16997718906249998 0.7564030765624999 0.172775196875 0.7398493937499999 0.29830506562500003 0.7795235109374999 0.303474146875 0.7950918437500001 0.175595746875
51 0.8670265 0.8180774515625 0.8828156046875 0.718560975 0.8688547109375 0.7076275421875 0.848910565625 0.709858853125 0.85007396875 0.7145446078125001 0.835946865625 0.8174080515625001 0.8670265 0.8180774515625
51 0.8509049750000001 0.7147677359375 0.8424287156249999 0.7062887640625 0.8156016765625 0.7074487515625 0.8229831781250001 0.7138752125 0.8083574656250001 0.8174080515625001 0.836611671875 0.8174080515625001 0.8509049750000001 0.7147677359375
51 0.8223103671875001 0.713372253125 0.8093466671874999 0.7031082203125 0.7852649171875 0.704939278125 0.7913969437499999 0.712033465625 0.775607828125 0.8162356921875 0.8073522578125001 0.8164588203124999 0.8223103671875001 0.713372253125
51 0.7656566375 0.817597040625 0.7762948078125 0.81739868125 0.7909222859375 0.7112746125 0.7762948078125 0.698014728125 0.7516201703125 0.700959746875 0.7581212734375 0.7128615125 0.7443803171875001 0.8144232406249999 0.7655088875 0.8150183343749999 0.7656566375 0.817597040625
51 0.71616719375 0.7005729078125 0.72493999375 0.7115241859375 0.712935115625 0.8158712593749999 0.744887484375 0.815213053125 0.758184253125 0.71276395 0.7467950125 0.6976801171875 0.71770628125 0.6968536078125 0.71616719375 0.7005729078125
51 0.6834520937499999 0.698923284375 0.6919170671875 0.710287815625 0.6800661078125 0.8156680328125001 0.71300255625 0.8175276703125001 0.7252608765625 0.7108971796875 0.7100782890625 0.6937575859375 0.6836060109375001 0.694584096875 0.6834520937499999 0.698923284375
51 0.6594719171875 0.7079654921875 0.647159228125 0.8152053468749999 0.6805574062499999 0.8158252359375 0.692100553125 0.7104450234375 0.6756171046875 0.69308085625 0.65069913125 0.6932949125000001 0.6505452125 0.6972208421875 0.6594719171875 0.7079654921875
51 0.626799928125 0.7072415296875 0.6152567796875 0.8153078953125 0.6475775921875 0.81551451875 0.6592615984375 0.7088315187500001 0.6421907890624999 0.6907112921875 0.6203357578124999 0.69484385 0.626799928125 0.7072415296875
51 0.5923988609374999 0.706983321875 0.5811635265625 0.812776784375 0.6150234234374999 0.8140165484375 0.6261048515625001 0.7076032 0.6186614578125 0.6964375546875 0.610713978125 0.6964452921875 0.585626878125 0.6964452921875 0.5923988609374999 0.706983321875
51 0.5468418984375 0.8148430624999999 0.5808557140625 0.8136032984374999 0.5923988609374999 0.706983321875 0.585180775 0.6961793468749999 0.5542295171875 0.69561878125 0.5588467765625 0.7065700609375 0.5468418984375 0.8148430624999999
51 0.2213577859375 0.8573124953125 0.217008784375 0.9735996703125 0.25216319375 0.9733563953125 0.2548813171875 0.968734096875 0.2577806609375 0.8616915031250001 0.2592161609375 0.850977403125 0.24110950468749998 0.8480679 0.239297421875 0.8585288875 0.2213577859375 0.8573124953125
51 0.21211616718749998 0.9733563953125 0.212841003125 0.9658147609375 0.216625146875 0.8582735796875 0.17841143125 0.8602318312499999 0.17406242968750002 0.9753026124999999 0.21211616718749998 0.9733563953125
51 0.14093928125 0.8489824671875 0.135321828125 0.8599300062499999 0.1307916203125 0.97573063125 0.1699326046875 0.9732978453125 0.172831934375 0.9606473640625 0.17312793906249999 0.86040163125 0.16812052187499998 0.85944345625 0.1679393171875 0.847766075 0.14093928125 0.8489824671875
51 0.8307674515624999 0.1827238765625 0.7987907828125 0.17623449062500002 0.7956448421875 0.1784673578125 0.7800137687500001 0.30452480625 0.8131059171875 0.3087678828125 0.8307674515624999 0.1827238765625
51 0.819055059375 0.311263803125 0.8196127984375 0.3040256296875 0.8476853421874999 0.3077695109375 0.8644173234375 0.1884644921875 0.8337629062499999 0.1831458109375 0.8315110984375 0.1842214296875 0.8132918234375 0.309267059375 0.819055059375 0.311263803125
51 0.8687425765624999 0.309016725 0.86911439375 0.316754075 0.8806408640625 0.31775244687500004 0.8983024140625 0.19495315 0.8667675703125 0.18844805625 0.8644666203125 0.189961309375 0.849036009375 0.3060216078125 0.8687425765624999 0.309016725
51 0.9138819687499999 0.32336584375 0.93228715 0.20131531093750002 0.9053504890624999 0.1959335796875 0.8982654640625001 0.1955747046875 0.88097574375 0.31787480625 0.9138819687499999 0.32336584375
51 0.964034171875 0.20549458125000003 0.9344038906250001 0.19998823906250002 0.9145818734375 0.32380122031249997 0.9446994484375001 0.3267963359375 0.964034171875 0.20549458125000003
51 0.945446028125 0.32710636718749997 0.9774226984375 0.3328469734375 0.9962295296875 0.21184031874999998 0.96794124375 0.20605420625 0.96403711875 0.20680299062500002 0.945446028125 0.32710636718749997
51 0.58123875 0.46076282968750004 0.5913287171875 0.332279475 0.555823753125 0.3281376640625 0.545657734375 0.45720243125 0.58123875 0.46076282968750004
51 0.542145846875 0.4432748765625 0.54255449375 0.45671637187499997 0.545006428125 0.45671637187499997 0.55565743125 0.32914980312500003 0.5178309265625 0.323398609375 0.5090448734375 0.44135465937499996 0.542145846875 0.4432748765625
51 0.48651064999999993 0.44012415000000005 0.509190946875 0.4417700328125 0.5183856625 0.3238139828125 0.48081023125 0.31818042812499997 0.46996016249999994 0.4502738359375 0.4856933375 0.45219404374999994 0.48651064999999993 0.44012415000000005
51 0.43154737968749995 0.859588896875 0.4285652546875 0.84980230625 0.3989097234375 0.8484677749999999 0.39793058124999997 0.8608509312500001 0.39261414375000003 0.9098563625 0.38963201875000003 0.9672413515624999 0.42425775000000004 0.968131028125 0.43154737968749995 0.859588896875
51 0.46633878125 0.859588896875 0.46219694687499996 0.8491350499999999 0.4294137421875 0.8497331359375 0.43154737968749995 0.861368278125 0.4244234203125 0.9674637718750001 0.45805511406250005 0.966351659375 0.46633878125 0.859588896875
51 0.500798840625 0.861368278125 0.49533161562499994 0.8486901937500001 0.46296816406249997 0.8488993015625 0.46733283124999997 0.86092343125 0.45805511406250005 0.9659068046874999 0.4910240984375 0.966129240625 0.500798840625 0.861368278125
51 0.11423542812500001 0.6826562921875 0.11108937187500001 0.805406915625 0.15061154999999998 0.8046149687499999 0.15474074375 0.6837122109375 0.1541508546875 0.67077719375 0.11797134375 0.672361075 0.11423542812500001 0.6826562921875
51 0.0900502078125 0.805406915625 0.11089274687499999 0.8046149687499999 0.110696121875 0.681864359375 0.1118758859375 0.6686653578125 0.0784674984375 0.66839504375 0.0699941828125 0.6810724125000001 0.0684211546875 0.79986334375 0.0898535828125 0.8017111953124999 0.0900502078125 0.805406915625
51 0.07019080625 0.681864359375 0.07569637500000001 0.6678734234375 0.035448034375 0.665756034375 0.029041340625000002 0.674472915625 0.0290956015625 0.79959936875 0.068617778125 0.79986334375 0.07019080625 0.681864359375
51 0.0238448421875 0.8008517140625001 0.02889671875 0.7990668859375 0.0286308328125 0.67591374375 0.0312897234375 0.666275675 0 0.6625085625 0.0009783671875 0.8026365421874999 0.0238448421875 0.8054922781249999 0.0238448421875 0.8008517140625001
51 0.0848948234375 0.9769277781250001 0.1222654046875 0.9769277781250001 0.13144413906250002 0.9604973875 0.133113825 0.8477450359375001 0.0982258484375 0.8460714984375001 0.0883914828125 0.8586876968749999 0.0848948234375 0.9769277781250001
51 0.0418421515625 0.8616216937500001 0.0424977828125 0.9719399921875 0.0779014875 0.9772211734375 0.0857689765625 0.965778590625 0.0883053921875 0.8591108765625 0.08598753125 0.85369989375 0.044683196875 0.854580090625 0.0418421515625 0.8616216937500001
51 0.042655468749999995 0.973478909375 0.0415627609375 0.9300557406250001 0.041125684375 0.86169360625 0.04462234375 0.854652025 0.0197086171875 0.8537718156249999 0.019490079687500002 0.8461434234375 0.0050663484375 0.8464368234374999 0.002880934375 0.8567058140625001 0 0.9168527531249999 0.00025842812500000004 0.9711317015625 0.042655468749999995 0.973478909375
51 0.0418168609375 0.6130997078125 0.08196990625 0.6147738359375 0.0817205109375 0.60941663125 0.0916964234375 0.608077325 0.09443979687500001 0.5086341437499999 0.09443979687500001 0.5002635062499999 0.09297846562499999 0.4749753890625 0.0515433796875 0.46812025 0.043812050000000005 0.47849984531249995 0.0418168609375 0.6130997078125
51 0 0.468059190625 0.000164740625 0.606342134375 0.034581628125 0.6080162625 0.041564775 0.607681440625 0.041843425000000004 0.471209728125 0.048797315625 0.46471093437500005 0.0078960703125 0.46069303906250003 0 0.468059190625
51 0.6148443390625 0.85954016875 0.581206378125 0.86031545625 0.5700899765624999 0.9455964453125001 0.5784633671875 0.9628464671874999 0.614699971875 0.9618773656249999 0.6263938515625 0.8659362421875001 0.6211059734375 0.8547832937500001 0.6216296734375 0.854113196875 0.614411228125 0.8525626390625 0.6148443390625 0.85954016875
51 0.6159655671875 0.960811796875 0.655811384375 0.9639129203125 0.66447351875 0.8660335874999999 0.6568432109375 0.8547832937500001 0.6214515781250001 0.8534352593750001 0.626504490625 0.8664212265625 0.6159655671875 0.960811796875
51 0.702702596875 0.8631781406249999 0.6959172515625001 0.8532933046875 0.6566627203125 0.8540566843749999 0.6645891921875 0.8656978046875 0.6560714234375 0.9639647828125 0.6940404515624999 0.9624142125 0.702702596875 0.8631781406249999
51 0.6965358765625 0.9633343515625 0.73334995 0.9615899640625001 0.7459100390625 0.8633229968749999 0.74100150625 0.8590589484375 0.7167475249999999 0.8594465874999999 0.7160256796875 0.853050521875 0.7001610765625 0.853330075 0.7001451000000001 0.8577022046874999 0.703032478125 0.8631291796875 0.694081609375 0.9592641234375 0.6965358765625 0.9633343515625
51 0.7819342359375 0.8620140656249999 0.7745714125000001 0.852710678125 0.7644655890625 0.8532921453125001 0.7646099671875 0.858525290625 0.7416740296875 0.8596273562500001 0.7458419968750001 0.8635646203125 0.73328190625 0.9616377703125 0.7692297671875 0.9608624859375 0.7819342359375 0.8620140656249999
51 0.16994213125 0.41401647031250005 0.1704133890625 0.40579181093749994 0.21965871875 0.4133838140625 0.22276023125000002 0.28508914218750003 0.1708846296875 0.2735645328125 0.16593653749999998 0.41306748437499996 0.16994213125 0.41401647031250005
51 0.16904765625 0.2749934546875 0.15373211874999998 0.2696158046875 0.1157966953125 0.26487080625 0.1064017375 0.26730071718750004 0.10472239218749999 0.40848607656249997 0.159387071875 0.417343415625 0.16574890312499999 0.41259841875000003 0.16904765625 0.2749934546875
51 0.0451096 0.2598094609375 0.045580859375 0.394567409375 0.051471449999999995 0.3948837625 0.051471449999999995 0.4021594125 0.10401551406250001 0.407537090625 0.10581257968749999 0.266114821875 0.11673919375 0.261391128125 0.06490199062499999 0.2544318 0.0451096 0.2598094609375
51 0.055712665625000005 0.2575951328125 0.009766053125 0.24652347031250002 0.0003534890625 0.24872169687499998 0.00034110625 0.3901387640625 0.0460520984375 0.393302096875 0.045816478125 0.2601258078125 0.055712665625000005 0.2575951328125
214 0.9185416609375 0.719053840625 0.9032332140625 0.707750165625 0.87325260625 0.708258953125 0.8825668062500001 0.71828313125 0.865918878125 0.8210438312499999 0.9030418609374999 0.8236128484374999 0.9185416609375 0.719053840625
214 0.9380599234375 0.8177041109375001 0.9524115906249999 0.7211090515625 0.9386339953125 0.711089884375 0.9069846265624999 0.7101851390625 0.9185416609375 0.7193107421875 0.903807271875 0.8210438312499999 0.9357636625 0.8215576375 0.9380599234375 0.8177041109375001
214 0.98838644375 0.72393498125 0.975756965625 0.71237439375 0.94143435 0.7121113265625 0.9524115906249999 0.7211090515625 0.9380599234375 0.8169333984374999 0.9730779984375 0.81513509375 0.98838644375 0.72393498125
214 1 0.7180262328125 0.9931089328124999 0.7121113265625 0.9774791828125 0.71237439375 0.9880037390625 0.723421165625 0.9723125890625001 0.8156488890625001 0.977287815625 0.81513509375 0.9790100328125 0.8210438312499999 1 0.820273128125 1 0.7180262328125
214 0.9971888124999999 0.8687273328125 0.98321985 0.8571667546875 0.9759483328125 0.8576805500000001 0.9769051109375001 0.8617909750000001 0.9594917421875 0.8615340765624999 0.963683128125 0.869737628125 0.9472449968750001 0.9578722234375 0.9524115906249999 0.9606981484375 0.982645778125 0.9591567421875 0.9971888124999999 0.8687273328125
214 0.94628821875 0.9612119437500001 0.9635102203124999 0.8700118421875 0.9591090359375001 0.859992665625 0.9309797718749999 0.8602495687499999 0.92849214375 0.8561391390624999 0.9227740828125001 0.86010669375 0.928683496875 0.8697549296875 0.9108874374999999 0.9578722234375 0.9141404765625 0.96198265625 0.94628821875 0.9612119437500001
214 0.922368771875 0.8602495687499999 0.8894556046875 0.8592219609375 0.8935875125000001 0.8668483484375 0.8787396953125001 0.9594136390625 0.9108874374999999 0.9609550453125 0.9273440140625 0.8700118421875 0.922368771875 0.8602495687499999
214 0.8938356437499999 0.86717920625 0.8830435874999999 0.8548281687499999 0.8507234718750001 0.857844184375 0.8580980140625 0.8662291218749999 0.84447524375 0.9600495656250001 0.878443696875 0.9588619656249999 0.8938356437499999 0.86717920625
214 0.858001984375 0.867179915625 0.8486252875 0.8541163109375001 0.8164397265625001 0.8545792578125001 0.8243873781250001 0.8683675171875 0.81058770625 0.959812759375 0.8447330609374999 0.9579125906250001 0.858001984375 0.867179915625
214 0.7998363796875 0.9633759156249999 0.7998363796875 0.9617132640625 0.8104515203125 0.96005063125 0.8246050390624999 0.8686053890625001 0.8145206609375 0.8536416328125 0.77684753125 0.8545792578125001 0.78179065 0.8624298687499999 0.769760153125 0.9576754296875001 0.7771907578125 0.9631383984375 0.7998363796875 0.9633759156249999
214 0.5582971984375 0.70604720625 0.552783359375 0.6917047921874999 0.5179772218750001 0.6893915015625 0.51037378125 0.6926816140625001 0.513152603125 0.7028085953125001 0.505398759375 0.8113019906250001 0.54640798125 0.8136152828125001 0.5582971984375 0.70604720625
214 0.4614603125 0.811995984375 0.5041926109375 0.812227309375 0.5134972265625 0.7032712546875 0.5090812609375 0.6921034640625 0.46955877968750004 0.6896228359375 0.4709372328125 0.7014206234375 0.4614603125 0.811995984375
214 0.4188459171875 0.808528121875 0.461405896875 0.8089907734375 0.46984897343750004 0.6963334531250001 0.46578177812500005 0.6889236390625 0.42504898906250005 0.6854609796875 0.42728899374999996 0.6956394671874999 0.4188459171875 0.808528121875
214 0.381799775 0.6919382 0.374390540625 0.80667748125 0.4188459171875 0.808296778125 0.42746129843749997 0.6954081375000001 0.42269771718750004 0.6842984375000001 0.41936284375 0.6801404078125 0.3809382359375 0.6817597140625 0.381799775 0.6919382
214 0.43068434062499994 0.3151602015625 0.42237254531249996 0.44667548437500004 0.46927477968750003 0.4519892328125 0.4787988125 0.31979203906250003 0.470264278125 0.3143631421875 0.42771584531249995 0.3098464546875 0.43068434062499994 0.3151602015625
214 0.37625765625 0.43126483125000004 0.390110634375 0.431796196875 0.389912721875 0.4424236953125 0.4223682734375 0.4458776390625 0.4298884671875 0.314362346875 0.42337769999999997 0.30750766875 0.3792261515625 0.3018750359375 0.3831841453125 0.3077201625 0.37625765625 0.43126483125000004
214 0.3769882390625 0.30002118437499997 0.3338461015625 0.29577018437499997 0.32593011562499996 0.4283482109375 0.3287007140625 0.42409721562499997 0.37659243125 0.431005084375 0.382529421875 0.3071947421875 0.3769882390625 0.30002118437499997
214 0.47748398124999997 0.23910865 0.47795674374999997 0.23466565468749997 0.501831575 0.2375218765625 0.510143359375 0.10517163125 0.46377367343750003 0.0978857828125 0.4531363703125 0.23593510312500002 0.47748398124999997 0.23910865
214 0.40331152187499997 0.228477959375 0.45295225156249996 0.2364118265625 0.46049437031249996 0.0964469859375 0.44940648281250006 0.09391956093750001 0.41134858124999996 0.0875724671875 0.40331152187499997 0.228477959375
214 0.394801665625 0.21832260625000002 0.39361974375000003 0.2275258859375 0.40260236093749996 0.228160596875 0.410254321875 0.08653261718750001 0.36028953124999996 0.0774171140625 0.35225245312500003 0.21165815000000002 0.394801665625 0.21832260625000002
818 0.336618725 0.69175163125 0.3291867859375 0.8092661187499999 0.37377843125 0.8101530234375 0.38161082031250004 0.693294409375 0.3800542703125 0.681995709375 0.338105115625 0.6826608875 0.336618725 0.69175163125
818 0.2897149328125 0.68931265 0.2832739171875 0.806161959375 0.3281958640625 0.80793576875 0.33546265000000003 0.6921950796874999 0.33680530625 0.6808260828125 0.336288421875 0.6806653609375 0.290540703125 0.67977845625 0.2897149328125 0.68931265
818 0.2889585125 0.69086605625 0.290444890625 0.67933633125 0.2427153390625 0.6777842515625 0.24223883281249997 0.6822114515625 0.24238502187500002 0.6950788375 0.236274321875 0.8063850078125 0.2833432796875 0.8061632843750001 0.2889585125 0.69086605625
818 0.18705836874999998 0.8035025859375 0.234953084375 0.8052763796875 0.24172441562500002 0.6999567953125 0.24058701718750003 0.678609490625 0.19399485156250001 0.6782277046875 0.1900311484375 0.6888705234375 0.18705836874999998 0.8035025859375
214 0.49619910312500004 0.5138399 0.4987739359375 0.5198893265625 0.490620271875 0.6379971359375001 0.5354653875000001 0.6408778140625 0.54434695625 0.52491865 0.5446919 0.5239222796874999 0.535250821875 0.515568309375 0.49619910312500004 0.5138399
214 0.451568553125 0.515280240625 0.44470232187500003 0.6345403203125 0.45907850000000006 0.636556796875 0.49040570624999996 0.6368448718749999 0.49874327812499997 0.5198789703125 0.4912639890625 0.5121114984374999 0.4507102703125 0.5089427484375 0.451568553125 0.515280240625
214 0.398831990625 0.6262599843750001 0.400977690625 0.63403781875 0.44539365625 0.63490201875 0.4520453203125 0.51448966875 0.44643317656250003 0.504399953125 0.40183595624999996 0.5041192296875 0.4052690890625 0.510744790625 0.398831990625 0.6262599843750001
214 0.404943934375 0.5108916203125 0.3991505375 0.5002331156250001 0.356030590625 0.49864032031249994 0.3590259703125 0.5080109421875 0.35044317343750003 0.6310159296875 0.39764855468750004 0.63245626875 0.404943934375 0.5108916203125
818 0.3279931640625 0.22256433593749997 0.329023271875 0.2083888140625 0.35245858281250003 0.21115476718749998 0.3593793828125 0.07699150625 0.3066181078125 0.0662879296875 0.2996647859375 0.21668668124999999 0.3279931640625 0.22256433593749997
818 0.266700846875 0.197324996875 0.2672159 0.2076973234375 0.2994072390625 0.21426649687500002 0.303357153125 0.0670543296875 0.25073395 0.05868155625 0.24481073593749997 0.1938675546875 0.266700846875 0.197324996875
818 0.24511260625000003 0.191883540625 0.2466577859375 0.0546230671875 0.1938884265625 0.048044081249999995 0.18845584843750002 0.19222930625 0.1990146046875 0.1956867484375 0.1997872046875 0.1860058859375 0.24511260625000003 0.191883540625
818 0.1897435015625 0.19395802812500001 0.191634659375 0.045019725 0.136692178125 0.033878415625000005 0.1336017984375 0.18462290312500002 0.1897435015625 0.19395802812500001
818 0.0763705296875 0.0221210171875 0.07531446875 0.1762465171875 0.1348040796875 0.1845443578125 0.1358341875 0.0320711375 0.0763705296875 0.0221210171875
818 0.1549790375 0.4818919859375 0.10513565625000001 0.4763156015625 0.0964577359375 0.4839544421875 0.090598009375 0.610148653125 0.14926780625 0.611194209375 0.1536810328125 0.4867713078125 0.1549790375 0.4818919859375
818 0.2091497140625 0.48554762343749996 0.1599926625 0.48151974375 0.155285871875 0.48831064375000005 0.15076129375 0.6193968390625 0.20130304531249998 0.6228050328125 0.2061495109375 0.4932935265625 0.2091497140625 0.48554762343749996
818 0.2590142421875 0.4984759796875 0.2601681640625 0.490730075 0.21078033281250003 0.48577270156249996 0.2068569890625 0.49289894375000004 0.20131818125 0.62303010625 0.25139835625 0.626438321875 0.25209071562499996 0.6190022500000001 0.2590142421875 0.4984759796875
818 0.30424795 0.49134976249999995 0.2583218828125 0.48825139999999995 0.25973308125 0.496828590625 0.2525522765625 0.6177629 0.3037863890625 0.6208612625 0.3095559953125 0.502503853125 0.30424795 0.49134976249999995
818 0.3139491203125 0.6270561328125 0.35041303749999997 0.62953483125 0.356875003125 0.5068397171875 0.35110539687500003 0.493826584375 0.3082058203125 0.4910209 0.3109489359375 0.502192175 0.3031022671875 0.6208594093750001 0.3144107 0.6208594093750001 0.3139491203125 0.6270561328125
818 0.2630248765625 0.4280278625 0.272036953125 0.42411346562499996 0.2776032609375 0.29280308593750004 0.2715068375 0.2856859921875 0.2320126625 0.279280625 0.22275493906250002 0.285576921875 0.21955477812500002 0.41379367499999997 0.2349283359375 0.41521708593750006 0.2351934140625 0.42055490625 0.2630248765625 0.4280278625
818 0.329555321875 0.2970733578125 0.2844948578125 0.28960039375 0.27842710625 0.293136571875 0.27309720312499997 0.43051883437500005 0.32716976249999996 0.4362125296875 0.3316758015625 0.31700120625 0.329555321875 0.2970733578125
969 0.7430928984375 0.5660379203125 0.7438108953125 0.554711709375 0.7398619171874999 0.5496510484375 0.7341179671875 0.551819903125 0.7314254890624999 0.560254315625 0.730707490625 0.5650739828125 0.721524734375 0.573429134375 0.7156296046875 0.651346034375 0.7353744515625 0.653273890625 0.7456058828125001 0.5715805390625001 0.7430928984375 0.5660379203125
969 0.739921440625 0.6137695046875 0.7382985609375 0.6288228859375 0.7352003218750001 0.6436781921875 0.7416918546875 0.6519971578125 0.7514291484375 0.6531855953125 0.7608713765624999 0.6531855953125 0.76160905 0.6464511859375001 0.7630843984375 0.6004987703125 0.7654449515625 0.59475473125 0.768543190625 0.5856434640625 0.7681005828125 0.5806916953125 0.766625234375 0.572174646875 0.7627893328125 0.5658363890625 0.7632319296875 0.562865328125 0.76603509375 0.562865328125 0.7663301703125 0.5553386328125 0.76352700625 0.5515752890625001 0.7595435609375001 0.548604228125 0.7524618984375 0.5493965140625 0.7526094296875 0.56147883125 0.749658734375 0.561874975 0.74539569375 0.5683426 0.7447900828125 0.5767302796875 0.74198693125 0.599904553125 0.739921440625 0.6137695046875
969 0.6827035890625 0.629565725 0.6866870234375 0.633527140625 0.690080328125 0.636300134375 0.7039486 0.6370924203125 0.7104401328125001 0.6372904875 0.7116204046875 0.6240197375000001 0.7133908171875001 0.6125316359374999 0.7139809703125 0.5972801953125 0.715013709375 0.5879708671875 0.719292209375 0.568956071875 0.7181119484375 0.5612313171875 0.7154563171875 0.554100765625 0.7156038390624999 0.5447914500000001 0.7122105453125 0.5378589734375 0.7080795671875 0.5366705406250001 0.70291585 0.5384531796875 0.6998176218750001 0.5422165234375 0.7009979046875 0.5467721578125 0.6999651546875 0.550733571875 0.693381046875 0.557451965625 0.6899327953125 0.58480173125 0.685506753125 0.5996570375 0.6835887953124999 0.614314290625 0.6827035890625 0.629565725
969 0.8159138578125 0.65333155 0.8229955203125 0.6541238359375 0.8269789671875 0.641843440625 0.8306673359375001 0.6279784890625 0.8311099328125 0.6172826875 0.8311099328125 0.607775278125 0.8315525421875 0.5966833109375 0.834060628125 0.5873739921875 0.836716259375 0.5796492296875 0.8365687265625 0.5735090390625001 0.8349458468750001 0.5681611281250001 0.8327328250000001 0.5628132156250001 0.8306673359375001 0.5616247984375 0.83007719375 0.557663384375 0.8318476078125 0.555286525 0.8311099328125 0.5531077515625 0.8284543140625 0.5493444078125 0.82550361875 0.54815598125 0.81930715 0.5487502 0.8165039984375 0.5507309078125 0.8156187812500001 0.5560788109375 0.8187170203124999 0.557069165625 0.81738920625 0.562020934375 0.8128156296875 0.5616247984375 0.8080945093749999 0.5725186859375 0.8064716296875 0.5988620953125 0.800127628125 0.620055665625 0.7974720093750001 0.6446164343749999 0.800127628125 0.651746978125 0.8094223250000001 0.65392576875 0.8159138578125 0.65333155
969 0.829085525 0.6529851421874999 0.83985556875 0.65773884375 0.8529861671875001 0.657144640625 0.8553467203125 0.647241103125 0.8582974171875 0.6304050890624999 0.85859248125 0.6228783953125 0.8600678296875 0.6058443062500001 0.860805503125 0.591187075 0.8636086671875001 0.582670034375 0.8637561984375 0.5733607078125 0.8618382531250001 0.5684089390625 0.8596252312500001 0.5632590953125 0.856379459375 0.5628629593750001 0.85682206875 0.5575150437499999 0.860805503125 0.55612855 0.858149884375 0.5484037921875 0.8541664390625 0.5478095781250001 0.850183003125 0.5484037921875 0.84782245 0.548998009375 0.8454618953124999 0.553553628125 0.8448717531250001 0.5569208406249999 0.8476749171875 0.5573169765625 0.8475273718749999 0.5614764625 0.84265873125 0.5616745296875 0.8383802203125 0.565239803125 0.8360196671875 0.57177614375 0.8371999390625 0.5791047546875 0.8352819921875 0.5850468765625 0.8349869171875 0.5999021828125 0.8342492421875001 0.6078250140625 0.8315334218749999 0.615122825 0.831298546875 0.6246610265625 0.828642928125 0.634168421875 0.829085525 0.6529851421874999
969 0.8793943562500001 0.5509087140625 0.8771243109375 0.55531081875 0.8739714781249999 0.5619139750000001 0.8756109562500001 0.5620832874999999 0.8753587218750001 0.5669933265625 0.87283645625 0.5666547015625001 0.8665307890625 0.58155413125 0.8661524546875 0.59018903125 0.8652696546875 0.600347734375 0.8642607531250001 0.61169161875 0.8611079203124999 0.6211730859375 0.8579550859375 0.6306545328125 0.856946175 0.6391201171875001 0.857702853125 0.650802628125 0.858585653125 0.6592682125 0.8778809890625 0.6580830234375 0.8775026562500001 0.65317298125 0.8771243109375 0.6455539546875 0.8775026562500001 0.6367497515625 0.8788899000000001 0.6294693421875001 0.8810338234374999 0.6213423812500001 0.8833038671875 0.6138926703124999 0.8851955671875 0.6079667609375 0.8857000234375001 0.5954376921875 0.8850694562499999 0.5862948640625001 0.8863305890625 0.5808768875 0.8903662140625 0.572072678125 0.8883484015625 0.5671626390625 0.885336578125 0.56473961875 0.8860783578125 0.5608981109375 0.885826134375 0.5541256421874999 0.8829255234375 0.5507394015625 0.8793943562500001 0.5509087140625
969 0.8857000234375001 0.5829086296875 0.8846911125 0.5891731578125 0.8849433453125 0.595776315625 0.8849433453125 0.6035646531250001 0.8844388890625 0.6094905625 0.8819166218750001 0.6171095890625 0.880024921875 0.62388205625 0.87851155625 0.63133178125 0.8776287671875 0.6384428671875 0.8772504234375 0.6472470718750001 0.8775026562500001 0.65317298125 0.878133221875 0.65994545 0.8819166218750001 0.661977196875 0.88885285625 0.6621465078125001 0.895789090625 0.66282375625 0.9034820031249999 0.663331684375 0.9041125703124999 0.6359031921875 0.9042386828125 0.6081360703125 0.906256503125 0.5920514578125 0.907769859375 0.583924496875 0.9080220828125001 0.5779985875 0.9065087265624999 0.5710568140625 0.9033558921875 0.5671626390625 0.9065087265624999 0.561067415625 0.90322978125 0.5554801312500001 0.8999508265625 0.5544642609375 0.895915203125 0.556157378125 0.893645159375 0.560051553125 0.8933929359375 0.56445365 0.8940235031249999 0.5669933265625 0.894275725 0.5698716234375001 0.8902401015624999 0.5712261187500001 0.8892311906250001 0.5764747796874999 0.8857000234375001 0.5829086296875
969 0.9312667687499999 0.6488544015625 0.9313928796875001 0.6432671109375 0.9326540124999999 0.6366639515625 0.9318973343750001 0.6298914890625 0.9321495578125001 0.6236269546875 0.9332845796875 0.615669315625 0.9347979359374999 0.60618785 0.9360590703125 0.5960291484375 0.9379507703125001 0.586717003125 0.938203003125 0.5792672859375 0.9375724359375001 0.5748651875 0.9361851906249999 0.574187934375 0.9360590703125 0.5723255125 0.9379507703125001 0.571140321875 0.9385813375 0.5657223499999999 0.937698546875 0.56148955625 0.9341673703125 0.5592885062499999 0.9306362015625 0.5643678578125 0.9289967234375001 0.5694472046875 0.9287445015625 0.57520380625 0.9234477343749999 0.5804524703125 0.9190337671875 0.593150846875 0.9156287109375001 0.6056799093749999 0.9133586671874999 0.6177010453125 0.9114669671875 0.6251507562499999 0.9098274984374999 0.6324311578125 0.908566365625 0.6425898609375 0.9079357984374999 0.65308719375 0.907567746875 0.663545778125 0.9297534015625001 0.663923146875 0.9297534015625001 0.6547803109375 0.9312667687499999 0.6488544015625
969 0.9345457140625 0.623119021875 0.931518990625 0.628536990625 0.93303235625 0.634124275 0.9326540124999999 0.6373412 0.9317712234375 0.644282978125 0.9291228359374999 0.6608755296875 0.93303235625 0.6649390140625 0.951697128125 0.665446940625 0.95232769375 0.6623993375 0.9542193937500001 0.6522406359375 0.9597683937499999 0.62870630625 0.96166009375 0.6168544859375 0.9641823609375001 0.605341290625 0.9679657609375001 0.5977222640625001 0.970488028125 0.5911191062500001 0.9702357859375 0.5845159468750001 0.9683440859375001 0.581637653125 0.9656957171875 0.5792672859375 0.9669568500000001 0.5763889859375 0.969731340625 0.57757416875 0.97036190625 0.5748651875 0.9694791171875 0.5699551421875 0.966704628125 0.5677540875 0.9632995515625 0.5662302828125 0.9596422718750001 0.5680927203125 0.956993884375 0.5706323953125 0.95472385 0.5735106890624999 0.9573722281249999 0.57469586875 0.9553544265625 0.5785900374999999 0.9514449046875001 0.5790979765625 0.9455175718750001 0.5840080125 0.9416240046875 0.5878014421875 0.9404730375 0.590949796875 0.939338025 0.612113759375 0.9345457140625 0.623119021875
969 0.7812389109375 0.5666143234375001 0.7818173625 0.5757392640625 0.77993739375 0.5869998265625 0.7780574375 0.5974837953125001 0.768368384375 0.6341777125 0.769091446875 0.63786650625 0.7722729312500001 0.64136116875 0.7948324999999999 0.6440792390625 0.796278625 0.63437185625 0.7983032046874999 0.616121975 0.7987370359375 0.6066087375 0.7996047203125001 0.59185351875 0.8001831609375 0.5873881234375 0.8026415828125 0.5792339203125 0.8035092562499999 0.5722446015625 0.8035092562499999 0.5635079562499999 0.800906225 0.5617606328125 0.80047239375 0.5547713125 0.8016292890625 0.5538005781249999 0.800906225 0.5495293359375 0.7990262671874999 0.5452580796875 0.7990262671874999 0.5423458640625001 0.7958447828125 0.5415692734374999 0.7922294671875 0.5415692734374999 0.7899156671875 0.545063934375 0.7904941203125 0.547587859375 0.7916510265625 0.547587859375 0.7913617937499999 0.554188871875 0.78832493125 0.5539947265625 0.7861557421875001 0.55574205 0.7832634890625 0.5617606328125 0.7812389109375 0.5666143234375001
969 0.6685417109375 0.6466762203124999 0.670725946875 0.6151527234375 0.6726371578125 0.59590873125 0.67755169375 0.5713497078125 0.67755169375 0.5669510843750001 0.67550396875 0.5636521140624999 0.6711354968750001 0.5603531375 0.6709989828125 0.5532053703125 0.669770346875 0.5489900234375 0.669087771875 0.544774665625 0.6629446015625 0.5444081187500001 0.662262028125 0.55265554375 0.6598047546875 0.5539384703125 0.658576128125 0.5603531375 0.65680143125 0.5759316125 0.6531155328125 0.5797804156249999 0.6480756140625 0.6367401125 0.65570930625 0.6461263875000001 0.6625350531249999 0.648325709375 0.6685417109375 0.6466762203124999
135 0.6445042140624999 0.40488704062499997 0.6418292906249999 0.37590110781249997 0.642975696875 0.3566626625 0.631893878125 0.3553800984375 0.6204299359375 0.3997567875 0.6146649531249999 0.46164876718750003 0.6385811796875001 0.46568052968750007 0.6445042140624999 0.41258241875 0.6445042140624999 0.40488704062499997
135 0.5960577671875 0.3554884234375 0.594245746875 0.36724650937500003 0.5871486453125 0.3936008421875 0.582769584375 0.459892128125 0.6051178875 0.46252756875 0.610187209375 0.40563406406249997 0.604664878125 0.369273765625 0.6055708984375 0.3593402125 0.5960577671875 0.3554884234375
135 0.6868549093749999 0.39359599375 0.6851938890625 0.3753506890625 0.686552909375 0.36075445 0.6755297578125 0.35872719375 0.6737177375 0.37494524375 0.6589195343750001 0.40677316093749993 0.6574095140625 0.4134631125 0.651218434375 0.46454997656249997 0.6800598171875001 0.46941539375 0.688364928125 0.4120440328125 0.6868549093749999 0.39359599375
135 0.7058811609375 0.47083446718750005 0.7119212421875 0.4128549296875 0.7098072109375 0.40393500624999995 0.710562221875 0.3830542671875 0.7090522015625 0.374539784375 0.71131723125 0.37129617656249997 0.7110152328125 0.361362621875 0.7015021 0.359740821875 0.69953908125 0.374539784375 0.69561303125 0.394001446875 0.688666928125 0.4047459046875 0.6889689390625 0.4120440328125 0.6803618171875 0.46921265625 0.7058811609375 0.47083446718750005
135 0.7522072718749999 0.4133606828125 0.7502442421875 0.403832584375 0.750546253125 0.376870071875 0.752358271875 0.37180192968750003 0.7529622828125 0.3616656484375 0.7378620796875001 0.3590302125 0.736654059375 0.36997739687500003 0.7378620796875001 0.37180192968750003 0.7378620796875001 0.37585644375 0.731973 0.40139987499999996 0.728177125 0.4063940578125 0.7235168890625 0.41559067031249997 0.7174768078125 0.47215112656249997 0.7461671921875 0.4758001796875 0.7522072718749999 0.4133606828125
135 0.7987593125 0.4088983 0.7981553140625001 0.382543971875 0.8007223437500001 0.37990853125 0.8014773546875 0.3679477203125 0.7872831625 0.36531229062500004 0.7845651218749999 0.37707036875 0.7857731421875 0.378692178125 0.7798840609375 0.4091010234375 0.7753730921875001 0.415007321875 0.76946491875 0.4786359171875 0.7951352734375 0.480865896875 0.802685375 0.4129528140625 0.7987593125 0.4088983
135 0.825044071875 0.41234099375 0.825044071875 0.3835539625 0.8265540921874999 0.382540334375 0.8285171234375 0.370782240625 0.8128129109375 0.3683495328125 0.8113028906249999 0.3788912671875 0.8126619109375 0.380715796875 0.8045078 0.41436825 0.8028467796875001 0.41943639218750006 0.795598678125 0.481064996875 0.8200609999999999 0.4832949765625 0.8277621125 0.42207183125 0.825044071875 0.41234099375
135 0.7732718843749999 0.40446065937500003 0.7742647796875 0.37646753906249997 0.7767470328125 0.3759676640625 0.7769952640625 0.3644704890625 0.7630946421875 0.36347073750000003 0.76160529375 0.373968153125 0.76222585625 0.375467784375 0.756144334375 0.40246114843749997 0.752545065625 0.40929279999999996 0.746382265625 0.47624045312499996 0.769052053125 0.4786090953125 0.7748853437500001 0.4164577109375 0.7732718843749999 0.40446065937500003
135 0.8426338171875001 0.48506540468750003 0.8494600140624999 0.4295790484375 0.8498323453125 0.4220808921875 0.84660541875 0.4125832265625 0.84859121875 0.3859231140625 0.8509493609375 0.385423240625 0.8519422671875001 0.3739260609375 0.8361799546875 0.372093178125 0.83469060625 0.38342372812500003 0.8363040734375 0.38409023124999997 0.8291055359374999 0.41208334999999996 0.82691371875 0.41689779375 0.8279885203124999 0.4220808921875 0.8206658718750001 0.483232525 0.8426338171875001 0.48506540468750003
135 0.8647328703125 0.486730665625 0.8724278609375 0.42541240937499997 0.86944915625 0.4157481140625 0.8715590671875001 0.3882548765625 0.8740413203124999 0.3874217484375 0.8750342249999999 0.37875721093750003 0.8690768140625 0.374924821875 0.864236428125 0.3750914453125 0.860388928125 0.375424696875 0.85877546875 0.385755490625 0.8600165953125 0.386755246875 0.8519492734374999 0.41624799687499997 0.8494670203125001 0.41941388125 0.850459915625 0.4224131421875 0.842764934375 0.48506440937499995 0.8647328703125 0.486730665625
135 0.8876937109374999 0.489063428125 0.895140471875 0.4290781703125 0.89191354375 0.42124676718750004 0.8942716859375001 0.39192063906249996 0.8966298281249999 0.3920872734375 0.8972503921874999 0.3809233421875 0.8821086421875 0.37875721093750003 0.87999873125 0.38908800625 0.8821086421875 0.390087759375 0.8746618828124999 0.417081125 0.8720671937500001 0.421062190625 0.8728001937500001 0.42574565625 0.8649811015625 0.48656404374999995 0.8876937109374999 0.489063428125
135 0.9073386921875001 0.4908950640625 0.90932449375 0.48556304531250005 0.9186329421874999 0.431576309375 0.9168953625 0.4245780359375 0.9182606 0.3947520328125 0.920991084375 0.3942521578125 0.9227286640625 0.3840879890625 0.907711025 0.37992234687500004 0.9058493343749999 0.3910862671875 0.907462803125 0.392086028125 0.8985266953125001 0.41791300781249996 0.8937905140625 0.4252265875 0.8954238796875 0.428743678125 0.887853 0.4890621828125 0.9073386921875001 0.4908950640625
135 0.9336848218749999 0.492935665625 0.9355465109375001 0.487437025 0.9429932703125001 0.43395017031250005 0.9407592390625 0.42678526093749997 0.9423727062499999 0.3972925203125 0.94510318125 0.39645939218750004 0.945847865625 0.3874615984375 0.9316990203125 0.3839624578125 0.9293408781249999 0.39429325312499997 0.9304578937500001 0.394793134375 0.9223905718750001 0.4221197421875 0.9192378328125 0.4287663265625 0.90935874375 0.48677051875000005 0.9076211640625 0.4912694078125 0.9336848218749999 0.492935665625
135 0.9341812734375001 0.4934355484375 0.9525499406250001 0.49510180468750004 0.9565215515625001 0.4884367765625 0.9640924312499999 0.4351165453125 0.9602449312499999 0.42745176718750005 0.962727184375 0.40012515156250006 0.964340653125 0.399958525 0.9645888734374999 0.3901276109375 0.9501918078125 0.387628225 0.9493230140625 0.3971258875 0.9446067390625 0.42378599843750003 0.9409611531250001 0.4277252265625 0.943489721875 0.433783540625 0.935918853125 0.48793689375 0.9341812734375001 0.4934355484375