163 0.07890625 0.26171875 0.1390625 0.075
163 0.21015625 0.26328125 0.13046875 0.07265625
163 0.32265625 0.26875 0.09296875 0.06484375
163 0.41171875 0.27109375 0.090625 0.06953125
58 0.45176630468749995 0.20680147031249999 0.461956521875 0.30381944375000003 0.5785778984375 0.3012663390625 0.5412137687499999 0.21497140468749998 0.45176630468749995 0.20680147031249999
58 0.6782155796875 0.2154820265625 0.5412137687499999 0.2154820265625 0.580842390625 0.30381944375000003 0.68953804375 0.29871323437499997 0.6782155796875 0.2154820265625
58 0.823143115625 0.305861928125 0.8718297109375 0.2047589875 0.6793478265624999 0.20526960781249998 0.6861413046875 0.3063725484375 0.823143115625 0.305861928125
58 0.9397644921874999 0.2272263078125 0.8650362312500001 0.220588234375 0.82993659375 0.3048406859375 0.9205163046875 0.3068831703125 0.9397644921874999 0.2272263078125
163 0.490625 0.35703125 0.0875 0.06328125
163 0.403125 0.35703125 0.08359375 0.06328125
163 0.3171875 0.35625 0.08984375 0.06171875
163 0.23125 0.35625 0.08515625 0.0609375
163 0.1421875 0.35390625 0.09140625 0.0625
163 0.05625 0.35625 0.0875 0.06484375
58 0.578125 0.36015625 0.0828125 0.06015625
58 0.74140625 0.36171875 0.0828125 0.059375
58 0.82734375 0.3625 0.078125 0.059375
58 0.8752264484375001 0.3334354578125 0.859375 0.3916462421875 0.945425725 0.39368872499999996 0.960144928125 0.3329248359375 0.8752264484375001 0.3334354578125
58 0.6782155796875 0.3921568625 0.6793478265624999 0.3395629078125 0.618206521875 0.34007352968750004 0.6204710140625 0.3896037578125 0.6782155796875 0.3921568625
163 0.07734375 0.43125 0.06796875 0.04765625
163 0.14296875 0.43125 0.06796875 0.04609375
163 0.20859375 0.43203125 0.065625 0.04609375
58 0.27578125 0.434375 0.07109375 0.040625
58 0.340625 0.43515625 0.065625 0.03984375
58 0.40546875 0.43515625 0.06328125 0.03828125
58 0.46953125 0.43671875 0.06328125 0.0390625
58 0.53671875 0.43671875 0.065625 0.03984375
58 0.60234375 0.4375 0.0609375 0.0390625
58 0.66875 0.4375 0.0625 0.03984375
58 0.73125 0.43828125 0.06328125 0.03984375
828 0.7721920296875 0.41513480312500006 0.7631340578125 0.45598447656249996 0.831068840625 0.45853758125 0.8344655796874999 0.41513480312500006 0.7721920296875 0.41513480312500006
828 0.890625 0.45925245156249994 0.8974184781250001 0.416053921875 0.8369565218749999 0.4154411765625 0.8308423906250001 0.458946078125 0.890625 0.45925245156249994
828 0.9490489125 0.45741421562499995 0.9572010875 0.416053921875 0.89673913125 0.41574754843750006 0.8919836953125 0.4583333328125 0.9490489125 0.45741421562499995
58 0.528125 0.5203125 0.08046875 0.0515625
58 0.609375 0.521875 0.08046875 0.0515625
58 0.69140625 0.521875 0.08046875 0.05078125
58 0.73641304375 0.49601715625000004 0.729619565625 0.5477941171875 0.8057065218749999 0.5490196078125 0.81453804375 0.49540441093750004 0.73641304375 0.49601715625000004
163 0.8987771734375001 0.5484068625 0.9116847828125 0.4984681375 0.8158967390624999 0.49571078437500005 0.80638586875 0.5474877453125 0.8987771734375001 0.5484068625
163 1 0.485600490625 0.9150815218749999 0.484375 0.90828804375 0.534313725 1 0.5373774515624999 1 0.485600490625
58 0.040081521875 0.47058823437499997 0.086956521875 0.5444240203125 0.19225543437499998 0.54136029375 0.18546195625 0.47334558906249996 0.040081521875 0.47058823437499997
58 0.1875 0.47426470624999995 0.19701086875 0.544117646875 0.325407609375 0.544117646875 0.3158967390625 0.47426470624999995 0.1875 0.47426470624999995
58 0.49796195625 0.474571078125 0.3165760875 0.474571078125 0.3383152171875 0.54289215625 0.477581521875 0.5444240203125 0.4769021734375 0.49264705937500003 0.49796195625 0.474571078125
58 0.34921875 0.59296875 0.07578125 0.04921875
58 0.215625 0.59921875 0.0625 0.03515625
58 0.2796875 0.6 0.06328125 0.0359375
58 0.153125 0.59921875 0.06015625 0.03671875
58 0.059782609375 0.58210784375 0.06793478281250001 0.6173406859375 0.1216032609375 0.6176470593750001 0.118206521875 0.580882353125 0.059782609375 0.58210784375
58 0.4265625 0.59375 0.07734375 0.04921875
58 0.5046875 0.59296875 0.07734375 0.04921875
58 0.584375 0.59453125 0.07421875 0.05
58 0.6640625 0.59609375 0.07734375 0.04765625
58 0.74453125 0.59609375 0.0765625 0.05
58 0.788043478125 0.5704656859375 0.7853260875 0.6200980390625 0.8580163046875 0.6213235296875 0.8682065218749999 0.5716911765625 0.788043478125 0.5704656859375
161 0.15546875 0.66171875 0.13359375 0.06171875
161 0.3984375 0.6734375 0.0921875 0.0515625
161 0.4890625 0.67265625 0.0875 0.05234375
161 0.56953125 0.671875 0.07734375 0.05
161 0.7390625 0.675 0.084375 0.0484375
161 0.783967390625 0.6498161765625 0.7771739125 0.7009803921875 0.8682065218749999 0.698835784375 0.8838315218749999 0.65226715625 0.783967390625 0.6498161765625
170 0.1484375 0.75 0.11796875 0.07734375
170 0.309782609375 0.7738970593750001 0.3091032609375 0.71323529375 0.21603260937500002 0.71170343125 0.1929347828125 0.794117646875 0.23165760937500002 0.79136029375 0.2241847828125 0.77726715625 0.309782609375 0.7738970593750001
170 0.411005434375 0.7797181375 0.42798913125000004 0.712928921875 0.31046195625 0.7126225484375001 0.315217390625 0.7463235296875 0.309782609375 0.7916666671875 0.426630434375 0.7931985296875 0.411005434375 0.7797181375
170 0.518342390625 0.7141544109375 0.428668478125 0.7138480390625 0.41847826093749996 0.78125 0.440217390625 0.7907475484375001 0.528532609375 0.793811275 0.518342390625 0.7141544109375
170 0.6372282609375 0.7153799015625 0.5190217390625 0.7138480390625 0.52921195625 0.795649509375 0.6365489125 0.7876838234375 0.6372282609375 0.7153799015625
170 0.64266304375 0.7640931375 0.65013586875 0.8036151968749999 0.741168478125 0.8030024515624999 0.7065217390625 0.7550381265625 0.64266304375 0.7640931375
170 0.7118055546875001 0.7557189546874999 0.73897946875 0.7979302828125 0.8189915453125 0.7975898703125 0.7971014484375 0.7563997812500001 0.7118055546875001 0.7557189546874999
170 0.8703200484375 0.7625272328125 0.8001207734375001 0.7594635078125 0.8189915453125 0.7999727671875 0.9035326093749999 0.80201525 0.8703200484375 0.7625272328125
962 0.8929649765625 0.5521514171875 0.8974939609374999 0.6062772328125 0.9616545890625 0.6090005453125 0.972222221875 0.5524918296875 0.8929649765625 0.5521514171875
161 0.68953804375 0.6962316171875 0.684442934375 0.6541053921875 0.630095109375 0.6525735296875 0.6080163046875 0.6901041671875 0.68953804375 0.6962316171875