732 0.38046875 0.571875 0.05390625 0.128125
732 0.4375 0.575 0.05703125 0.1421875
732 0.51015625 0.58125 0.078125 0.14921875
732 0.6140625 0.57578125 0.0859375 0.175
732 0.684375 0.275 0.14296875 0.2359375
732 0.48828125 0.33046875 0.10078125 0.19921875
732 0.30234375 0.37265625 0.0546875 0.16328125
732 0.24609375 0.38046875 0.04921875 0.1390625
732 0.23359375 0.5640625 0.0546875 0.11328125
732 0.18125 0.4 0.040625 0.1125
732 0.353125 0.35859375 0.04296875 0.159375
732 0.4078125 0.353125 0.05625 0.1453125
732 0.8359375 0.24140625 0.15 0.2546875
732 0.36328125 0.11484375 0.065625 0.209375
732 0.296875 0.13515625 0.06015625 0.184375
732 0.2390625 0.175 0.053125 0.165625
732 0.19375 0.215625 0.034375 0.1515625
732 0.159375 0.22890625 0.03203125 0.12734375