865 0.7921875 0.434375 0.0703125 0.2078125
865 0.71953125 0.43203125 0.071875 0.2140625
865 0.87265625 0.440625 0.0734375 0.21171875
865 0.9885930453125 0.3647005625 0.917071284375 0.3420898734375 0.9088266656249999 0.539733678125 0.9623800640625 0.55161093125 0.9885930453125 0.3647005625
865 0.6453125 0.42890625 0.06640625 0.2140625
865 0.5671875 0.428125 0.07890625 0.21171875
732 0.03203125 0.14296875 0.0640625 0.2390625
732 0.09375 0.1578125 0.07109375 0.20546875
732 0.1546875 0.159375 0.0515625 0.209375
732 0.20703125 0.16640625 0.05546875 0.196875
732 0.26875 0.16953125 0.07265625 0.196875
732 0.3421875 0.17578125 0.06171875 0.20703125
732 0.409375 0.18515625 0.06015625 0.18515625
732 0.465625 0.17421875 0.06875 0.20390625
85 0.58515625 0.1640625 0.09765625 0.2921875
85 0.678125 0.17578125 0.08671875 0.2640625
85 0.7671875 0.18515625 0.08515625 0.2515625
85 0.8453125 0.1828125 0.0703125 0.25859375
85 0.92890625 0.184375 0.08125 0.2734375
732 0.115625 0.41171875 0.06328125 0.1609375
732 0.1734375 0.41875 0.05625 0.15546875
732 0.23046875 0.42109375 0.06015625 0.16015625
732 0.28984375 0.42734375 0.05703125 0.1453125
732 0.3421875 0.43125 0.053125 0.128125
732 0.403125 0.4359375 0.05234375 0.13984375
732 0.45625 0.4421875 0.0515625 0.14453125
732 0.146875 0.65546875 0.0578125 0.16640625
732 0.0953125 0.66328125 0.04453125 0.14765625
732 0.19375 0.6703125 0.0359375 0.1328125
732 0.23515625 0.66875 0.053125 0.1359375
732 0.28515625 0.66875 0.05390625 0.15
732 0.334375 0.67890625 0.0546875 0.1375
732 0.48515625 0.6765625 0.06015625 0.17578125
934 0.58671875 0.659375 0.05078125 0.1625
934 0.5375 0.6734375 0.0484375 0.17421875
934 0.63125 0.68671875 0.040625 0.14609375
934 0.6734375 0.6765625 0.0421875 0.15
865 0.73203125 0.67109375 0.06171875 0.17578125
865 0.8078125 0.68203125 0.06875 0.1765625
865 0.88125 0.67734375 0.0734375 0.1734375