142 0.196875 0.34375 0.1609375 0.2484375
142 0.19453125 0.60390625 0.1359375 0.18671875
142 0.2109375 0.89765625 0.1109375 0.184375
608 0.31796875 0.11328125 0.0578125 0.12421875
608 0.3125 0.221875 0.06015625 0.08203125
608 0.37578125 0.21328125 0.06171875 0.1140625
608 0.37890625 0.109375 0.05234375 0.09453125
608 0.43828125 0.096875 0.06015625 0.1203125
608 0.4453125 0.2265625 0.06015625 0.1015625
608 0.50078125 0.10234375 0.05546875 0.1234375
608 0.50390625 0.22421875 0.05546875 0.10859375
608 0.5640625 0.09453125 0.05546875 0.13046875
608 0.67265625 0.146875 0.0515625 0.11640625
608 0.7390625 0.15546875 0.0546875 0.109375
608 0.79609375 0.1640625 0.0546875 0.10703125
747 0.61875 0.11328125 0.04921875 0.1265625
747 0.61875 0.23359375 0.05078125 0.1
635 0.440625 0.3984375 0.05625 0.12265625
635 0.33359375 0.53125 0.06015625 0.1296875
635 0.396875 0.53203125 0.05625 0.125
635 0.4546875 0.52265625 0.06171875 0.125
635 0.50703125 0.52734375 0.04921875 0.121875
635 0.55390625 0.528125 0.0390625 0.1125
635 0.59453125 0.5296875 0.0359375 0.11875
635 0.59296875 0.41171875 0.05390625 0.12109375
635 0.6453125 0.40390625 0.046875 0.12734375
635 0.646875 0.52578125 0.0484375 0.103125
635 0.70546875 0.51953125 0.05546875 0.1109375
635 0.76171875 0.51796875 0.05 0.11328125
635 0.7828125 0.403125 0.046875 0.115625
635 0.83125 0.403125 0.046875 0.10625
635 0.884375 0.403125 0.0515625 0.1078125
635 0.8125 0.51328125 0.04765625 0.10859375
635 0.86015625 0.51328125 0.05078125 0.1125
635 0.91484375 0.51484375 0.04921875 0.10390625
635 0.3453125 0.85546875 0.07109375 0.115625
234 0.428125 0.846875 0.0765625 0.1171875
5 0.48984375 0.8328125 0.0515625 0.12890625
5 0.6671875 0.81015625 0.05078125 0.1265625
5 0.71953125 0.80546875 0.04609375 0.1203125
5 0.8203125 0.803125 0.04375 0.11171875
5 0.8640625 0.79921875 0.0359375 0.1140625
5 0.91640625 0.790625 0.05625 0.13984375
7 0.609375 0.82734375 0.05234375 0.11953125
7 0.54609375 0.834375 0.0453125 0.12734375
7 0.771875 0.8046875 0.04609375 0.1171875