828 0.14140625 0.32734375 0.1203125 0.2171875
828 0.24921875 0.34609375 0.0828125 0.16875
828 0.33515625 0.3484375 0.0796875 0.18984375
480 0.4140625 0.36640625 0.06328125 0.1203125
480 0.4984375 0.3359375 0.08125 0.16953125
480 0.6046875 0.3078125 0.1046875 0.22265625
480 0.59453125 0.146875 0.10234375 0.08046875
480 0.690625 0.36328125 0.05546875 0.10703125
480 0.75859375 0.3296875 0.065625 0.1671875
480 0.83984375 0.30546875 0.07890625 0.2046875
480 0.9109375 0.35859375 0.05 0.11015625
480 0.97109375 0.33046875 0.0578125 0.15078125
58 0.97265625 0.60234375 0.0546875 0.10859375
58 0.896875 0.5921875 0.08125 0.1546875
58 0.82578125 0.54765625 0.0484375 0.12890625
58 0.76875 0.5484375 0.05234375 0.1171875
58 0.821875 0.64765625 0.05078125 0.05546875
58 0.759375 0.65 0.05078125 0.06640625
58 0.69296875 0.54765625 0.078125 0.08515625
58 0.6890625 0.6421875 0.07421875 0.09140625
58 0.60546875 0.55859375 0.0859375 0.07734375
58 0.6046875 0.65 0.08203125 0.090625
58 0.50078125 0.6171875 0.11171875 0.175
58 0.396875 0.6875 0.09296875 0.18828125
58 0.20859375 0.5671875 0.1296875 0.1046875
253 0.31171875 0.715625 0.06875 0.14140625
253 0.09921875 0.72890625 0.10703125 0.18203125
253 0.21484375 0.71640625 0.09765625 0.1703125
167 0.03984375 0.96484375 0.0765625 0.0703125
167 0.134375 0.94375 0.078125 0.1125
167 0.23203125 0.92578125 0.10234375 0.0625
167 0.32890625 0.96484375 0.0703125 0.0703125
167 0.41328125 0.9578125 0.0890625 0.084375
167 0.49453125 0.953125 0.0578125 0.07421875
169 0.57421875 0.93125 0.08515625 0.09296875
169 0.66015625 0.91796875 0.07734375 0.07890625
169 0.95 0.9109375 0.06484375 0.121875
166 0.74296875 0.896875 0.07265625 0.0765625
166 0.86875 0.9125 0.07421875 0.1296875