762 0.0796875 0.4046875 0.103125 0.1765625
828 0.20390625 0.30234375 0.04921875 0.10703125
828 0.25390625 0.296875 0.04609375 0.10703125
828 0.42265625 0.290625 0.05078125 0.109375
828 0.35546875 0.28984375 0.059375 0.10546875
828 0.30078125 0.29609375 0.046875 0.10703125
828 0.48203125 0.3296875 0.05859375 0.02578125
828 0.5296875 0.26875 0.05703125 0.07734375
828 0.5953125 0.2703125 0.0625 0.07109375
828 0.5484375 0.32421875 0.06328125 0.0234375
163 0.70390625 0.28671875 0.0734375 0.17109375
163 0.7734375 0.2953125 0.046875 0.16484375
163 0.884375 0.2703125 0.153125 0.20234375
931 0.4578125 0.5734375 0.04921875 0.1625
931 0.62734375 0.59375 0.0625 0.16171875
931 0.69296875 0.6203125 0.05625 0.125
931 0.571875 0.625 0.04140625 0.075
762 0.03984375 0.6078125 0.07265625 0.08515625
762 0.14765625 0.6703125 0.0296875 0.08984375
269 0.04296875 0.803125 0.06484375 0.14296875
648 0.03359375 0.95078125 0.053125 0.0984375
648 0.08046875 0.9546875 0.03984375 0.090625
648 0.1328125 0.9671875 0.05625 0.06484375
483 0.2453125 0.76015625 0.0703125 0.1890625
483 0.9671875 0.890625 0.065625 0.21171875
483 0.8859375 0.875 0.090625 0.25
483 0.78984375 0.90234375 0.078125 0.184375
483 0.5390625 0.82109375 0.04765625 0.18828125
483 0.71640625 0.92109375 0.05703125 0.1015625
483 0.65703125 0.88515625 0.05234375 0.13984375
483 0.59765625 0.853125 0.0625 0.16953125
483 0.31796875 0.7828125 0.06640625 0.175
483 0.3921875 0.81953125 0.0734375 0.153125
483 0.4734375 0.82578125 0.04375 0.14140625