543 0.909375 0.37890625 0.084375 0.19609375
543 0.81953125 0.36015625 0.07421875 0.21640625
543 0.97890625 0.3875 0.0421875 0.1953125
543 0.95390625 0.71328125 0.0921875 0.13984375
543 0.8703125 0.7 0.05390625 0.11484375
543 0.6953125 0.3546875 0.115625 0.20078125
205 0.5328125 0.303125 0.153125 0.07578125
205 0.52265625 0.38515625 0.1640625 0.07734375
205 0.39375 0.3109375 0.08984375 0.06953125
205 0.3859375 0.378125 0.0953125 0.0640625
940 0.34453125 0.7296875 0.1265625 0.1140625
940 0.240625 0.62890625 0.0859375 0.0640625
940 0.22734375 0.69765625 0.0953125 0.0734375
803 0.696875 0.87734375 0.1078125 0.153125
844 0.775 0.56796875 0.17890625 0.10390625
844 0.6046875 0.54453125 0.14375 0.084375
844 0.59140625 0.63359375 0.134375 0.08515625
844 0.46640625 0.53125 0.11171875 0.07109375
844 0.4515625 0.59453125 0.11015625 0.06953125
844 0.34453125 0.47265625 0.11015625 0.08359375
844 0.33515625 0.553125 0.1015625 0.06875
844 0.240625 0.51875 0.07421875 0.09296875
844 0.93828125 0.10234375 0.0828125 0.1203125
844 0.846875 0.11640625 0.06953125 0.10546875
844 0.75078125 0.1265625 0.07265625 0.11484375
844 0.67734375 0.1328125 0.059375 0.1
844 0.60546875 0.13671875 0.05546875 0.1
844 0.5421875 0.146875 0.05 0.08671875
844 0.54296875 0.04765625 0.05546875 0.09453125
844 0.4875 0.05078125 0.05 0.1015625
844 0.48203125 0.15546875 0.05078125 0.09609375
844 0.2578125 0.0890625 0.0484375 0.08828125
844 0.25390625 0.17578125 0.04921875 0.071875