870 0.42890625 0.26171875 0.11484375 0.07109375
870 0.42890625 0.18828125 0.1125 0.07578125
870 0.43125 0.1359375 0.10859375 0.03671875
870 0.43203125 0.08359375 0.109375 0.0640625
870 0.33125 0.1921875 0.06484375 0.20078125
870 0.2947048609375 0.29287090625 0.2990451390625 0.095375721875 0.23567708281250002 0.0973025046875 0.22916666718749998 0.2919075140625 0.2947048609375 0.29287090625
870 0.1705729171875 0.0915221578125 0.16059027812499999 0.2909441234375 0.230902778125 0.28805395 0.23611111093749998 0.095375721875 0.1705729171875 0.0915221578125
870 0.15798611093749998 0.287090559375 0.16753472187500001 0.0963391140625 0.09548611093750001 0.08092485625 0.0859375 0.287090559375 0.15798611093749998 0.287090559375
147 0.24913194375 0.589595375 0.25303819375000003 0.3689788046875 0.098090278125 0.3622350671875 0.08723958281250001 0.5867052015625001 0.24913194375 0.589595375
147 0.29210069375000003 0.583815028125 0.29383680624999997 0.3680154140625 0.25434027812500004 0.36127167656250003 0.25043402812500004 0.5867052015625001 0.29210069375000003 0.583815028125
147 0.39409722187499996 0.5077071296875 0.2912326390625 0.5038535640624999 0.29210069375000003 0.5857418109375 0.39409722187499996 0.5857418109375 0.39409722187499996 0.5077071296875
147 0.4484375 0.46171875 0.10078125 0.0859375
147 0.4484375 0.55078125 0.1015625 0.07578125
147 0.5453125 0.4734375 0.09296875 0.0703125
147 0.5484375 0.55234375 0.09453125 0.07578125
147 0.64375 0.46953125 0.1 0.08515625
147 0.6453125 0.55546875 0.0984375 0.078125
147 0.74375 0.47421875 0.09765625 0.08828125
147 0.74765625 0.559375 0.10078125 0.07578125
477 0.84375 0.4671875 0.0984375 0.090625
477 0.72421875 0.39375 0.09296875 0.0671875
477 0.82109375 0.39453125 0.09921875 0.06484375
477 0.84765625 0.5640625 0.096875 0.071875
147 0.56640625 0.1328125 0.14140625 0.08515625
147 0.7015625 0.25078125 0.11484375 0.1
147 0.7611219625000001 0.192678228125 0.7611219625000001 0.29961464375 0.8665907125000001 0.307321771875 0.8670247390625001 0.21579961406249998 0.7611219625000001 0.192678228125
477 0.8687608499999999 0.1589595375 0.86962890625 0.3025048171875 0.9966375875000001 0.30635838125000003 0.9866549484375 0.15799614687500002 0.8687608499999999 0.1589595375
477 0.8842243921874999 0.08766859375 0.836047309375 0.1512524078125 0.8403875875000001 0.176300578125 0.8772799484375 0.15510597343750002 0.9849188375000001 0.16377649375 0.975804253125 0.11175337187500001 0.8842243921874999 0.08766859375
477 0.945422309375 0.39113680156249997 0.889866753125 0.3901734109375 0.897245225 0.5992292875 0.9554049484375 0.5982658953125 0.945422309375 0.39113680156249997
477 1 0.3901734109375 0.9471584203125 0.3901734109375 0.956273003125 0.600192678125 1 0.600192678125 1 0.3901734109375
974 0.04600694375 0.648362234375 0.030815971874999997 0.9132947984375 0.22135416718749998 0.9084778421875 0.23220486093749998 0.657996146875 0.04600694375 0.648362234375
225 0.26171875 0.6502890171875 0.2526041671875 0.906551059375 0.2990451390625 0.906551059375 0.30381944375000003 0.6522158 0.26171875 0.6502890171875
225 0.30512152812500004 0.6551059734375 0.2981770828125 0.90558766875 0.34288194375000003 0.9084778421875 0.34809027812500004 0.6551059734375 0.30512152812500004 0.6551059734375
225 0.39453125 0.6570327546875 0.35112847187499996 0.6551059734375 0.34288194375000003 0.9084778421875 0.39019097187499996 0.9017341046875 0.39453125 0.6570327546875
225 0.43793402812500004 0.6560693640624999 0.3962673609375 0.65414258125 0.38975694375000003 0.9084778421875 0.43446180625 0.9094412328124999 0.43793402812500004 0.6560693640624999
225 0.48090277812500004 0.65414258125 0.43793402812500004 0.6560693640624999 0.43446180625 0.9075144515625 0.4778645828125 0.90558766875 0.48090277812500004 0.65414258125
225 0.523003471875 0.6551059734375 0.4826388890625 0.6522158 0.47743055625 0.90558766875 0.523003471875 0.9046242781249999 0.523003471875 0.6551059734375
225 0.5677083328125 0.6493256265625 0.5234375 0.6512524078124999 0.523003471875 0.90558766875 0.5677083328125 0.9046242781249999 0.5677083328125 0.6493256265625
225 0.621875 0.8359375 0.0953125 0.14296875
225 0.6125 0.70390625 0.0890625 0.1171875