844 0.584375 0.1703125 0.15859375 0.0828125
844 0.58125 0.27421875 0.15546875 0.1046875
844 0.77734375 0.1828125 0.19609375 0.1046875
844 0.4328125 0.1703125 0.12421875 0.09765625
844 0.428125 0.26015625 0.1390625 0.07734375
844 0.28671875 0.11953125 0.14453125 0.10703125
844 0.29296875 0.21953125 0.1359375 0.09140625
844 0.16640625 0.19765625 0.1046875 0.1078125
543 0.953125 0.3109375 0.09375 0.1296875
803 0.690625 0.50390625 0.10234375 0.13359375
940 0.3140625 0.4359375 0.1328125 0.08828125
940 0.3296875 0.34765625 0.11640625 0.07265625
940 0.184375 0.40546875 0.11015625 0.07734375
940 0.1890625 0.32578125 0.1015625 0.071875
228 0.859375 0.765625 0.075 0.1296875
842 0.95625 0.79609375 0.07578125 0.13359375
228 0.7421875 0.72734375 0.05859375 0.1328125
543 0.8703125 0.3046875 0.0640625 0.10859375