483 0.90703125 0.87265625 0.09375 0.2546875
483 0.81171875 0.85703125 0.08828125 0.2390625
483 0.72734375 0.86328125 0.071875 0.17578125
483 0.2453125 0.73359375 0.06015625 0.1734375
483 0.309375 0.753125 0.06171875 0.15
483 0.3734375 0.78828125 0.05859375 0.1390625
483 0.45234375 0.79453125 0.040625 0.12421875
483 0.55390625 0.8171875 0.06328125 0.15625
483 0.61171875 0.85234375 0.040625 0.13359375
483 0.6640625 0.88984375 0.0453125 0.0984375
931 0.421875 0.56171875 0.053125 0.1625
931 0.48125 0.57265625 0.05234375 0.1515625
931 0.5734375 0.58125 0.05625 0.15546875
931 0.63046875 0.603125 0.0484375 0.12265625
931 0.5265625 0.6125 0.025 0.0671875
163 0.7921875 0.26015625 0.1359375 0.196875
163 0.621875 0.2703125 0.065625 0.1296875
648 0.1734375 0.94609375 0.04140625 0.1078125
648 0.13359375 0.93359375 0.034375 0.12265625
648 0.09296875 0.91875 0.03828125 0.11015625
648 0.046875 0.90546875 0.0453125 0.11015625
269 0.0984375 0.77578125 0.0484375 0.12734375
269 0.053125 0.76875 0.0328125 0.12421875
269 0.0171875 0.75078125 0.03125 0.1234375
762 0.1515625 0.646875 0.04765625 0.09609375
762 0.09140625 0.61015625 0.06015625 0.06328125
762 0.1015625 0.41640625 0.07578125 0.1546875
762 0.025 0.42890625 0.05 0.14765625
828 0.5390625 0.26875 0.059375 0.06328125
828 0.378125 0.2984375 0.0578125 0.10703125
828 0.31953125 0.30625 0.04609375 0.1078125
828 0.27421875 0.315625 0.0328125 0.11328125
828 0.234375 0.3203125 0.03828125 0.09609375
828 0.19296875 0.32734375 0.0328125 0.09453125