937 0.0144427421875 0.16911856249999999 0.050501479687499996 0.17764252187500001 0.0287084484375 0.02455259375 0.0013032734375 0.009670809375 0 0.0128597765625 0.0144427421875 0.16911856249999999
937 0.0589292234375 0.1088827640625 0.0551750890625 0.0415603578125 0.0656866609375 0.045103640625000004 0.06512355 0.0298675203125 0.035465885937500004 0.0213636421875 0.050970825 0.17897085468750001 0.06962851249999999 0.1797484109375 0.063058778125 0.1117173609375 0.0589292234375 0.1088827640625
107 0.1221579375 0.06518708437500001 0.1082341453125 0.052945454687500004 0.055847406249999995 0.0428328765625 0.059596312500000005 0.1101930828125 0.1139562578125 0.1278354015625 0.125400453125 0.129635640625 0.1221579375 0.06518708437500001
107 0.0634781375 0.11437097656249999 0.068751675 0.1804023859375 0.1261633890625 0.19120381875 0.11643583906249999 0.1285554875 0.0634781375 0.11437097656249999
107 0.12094707812500001 0.12606903125 0.12779501875 0.1931762609375 0.179103165625 0.2057779328125 0.17376255000000002 0.140609290625 0.12094707812500001 0.12606903125
107 0.1882637546875 0.0061473171875 0.17853619062499998 0.000026521875 0.1338239359375 0.0018896859374999998 0.1365741390625 0.0475528109375 0.182732390625 0.0587143 0.191887753125 0.064835115625 0.1882637546875 0.0061473171875
107 0.1864042734375 0.10506251250000001 0.1833524765625 0.060776639062500006 0.137957175 0.050335246874999996 0.14139042500000001 0.08381968906250001 0.16065483281249998 0.10326227343750001 0.161608515625 0.09750150156250001 0.1864042734375 0.10506251250000001
107 0.20547793281249999 0.10974315781249999 0.1610084140625 0.0995234453125 0.165423246875 0.1374668109375 0.212725915625 0.15006848281250001 0.2106278296875 0.1155038890625 0.20547793281249999 0.10974315781249999
107 0.20486337500000001 0.10848162187499999 0.2109669546875 0.115322521875 0.23156649843750002 0.11928305624999999 0.231375765625 0.0771574640625 0.1867621296875 0.0626295828125 0.185026765625 0.06635603125 0.18693413125 0.1056012296875 0.20486337500000001 0.10848162187499999
107 0.22491578437499998 0.153064540625 0.174154784375 0.1408859234375 0.17968615 0.2042543390625 0.22717956562500002 0.21289546406249998 0.22491578437499998 0.153064540625
107 0.2869340296875 0.1664293953125 0.28047704218749997 0.173311171875 0.2827378 0.22871765625 0.333855215625 0.2398791328125 0.332138596875 0.1775908703125 0.2869340296875 0.1664293953125
107 0.22723345312499998 0.1534676796875 0.2287593515625 0.21431574687500002 0.2827378 0.227277459375 0.28025824843749997 0.1689497328125 0.22723345312499998 0.1534676796875
107 0.29570789531249997 0.126104040625 0.291320946875 0.117462903125 0.24211091406250002 0.11602270625 0.24439974687500002 0.1581483 0.2800675 0.16462915625000002 0.2981874765625 0.1689497328125 0.29570789531249997 0.126104040625
107 0.3324613953125 0.1242693296875 0.33435177031249996 0.24014015625 0.3782211875 0.248781321875 0.3774582390625 0.1299655421875 0.3324613953125 0.1242693296875
107 0.3791996203125 0.1310182078125 0.37936560468749997 0.248421253125 0.42437943906250003 0.2567023625 0.42437943906250003 0.1436473546875 0.3791996203125 0.1310182078125
107 0.3959596984375 0.07199785 0.357812378125 0.0622765609375 0.3572612703125 0.12651895468750002 0.35704942812499996 0.1274452046875 0.39519674843749997 0.1350062171875 0.3959596984375 0.07199785
107 0.43315333437500003 0.079918903125 0.396368765625 0.0707282359375 0.39519674843749997 0.135366259375 0.42342575625 0.1443674546875 0.43124596875 0.1749715140625 0.43315333437500003 0.079918903125
107 0.43094551406250003 0.1877087765625 0.4293473125 0.25803921875 0.4842794578125 0.27136099062499996 0.48733122656249994 0.197551196875 0.43094551406250003 0.1877087765625
107 0.5339361031250001 0.19710127187499998 0.5350805203125 0.16829745625 0.495806725 0.1589135671875 0.49025742031249997 0.164696978125 0.4885408015625 0.189900315625 0.49597951875 0.1862998390625 0.5339361031250001 0.19710127187499998
107 0.49178331875000003 0.21582374531249998 0.5312657890625 0.22338475624999998 0.5327916874999999 0.19782135625 0.4915144390625 0.189958403125 0.48758711874999994 0.2050223109375 0.4873963703125 0.21618379999999998 0.49178331875000003 0.21582374531249998
107 0.487937534375 0.2183036890625 0.4866334359375 0.2410270890625 0.530884321875 0.251828521875 0.5320287375 0.22338475624999998 0.487937534375 0.2183036890625
107 0.4879685859375 0.2457077203125 0.48650677187499997 0.243499496875 0.4864426875 0.26947089687500003 0.52821400625 0.27703186562500004 0.528786221875 0.2536287609375 0.4879685859375 0.2457077203125
107 0.5679859890625 0.2424678515625 0.5656971546875 0.2370671078125 0.5325089843749999 0.2320264328125 0.53022015 0.2529092140625 0.56703230625 0.2601101703125 0.5679859890625 0.2424678515625
107 0.529191171875 0.252947925 0.527931303125 0.2809929375 0.5658878890625 0.2863936546875 0.567604521875 0.261910409375 0.529191171875 0.252947925
107 0.9101490828125 0.3072753265625 0.9030351046874999 0.3508283703125 0.93437508125 0.3562725015625 0.9562938453125 0.24557518125 0.9243770546875 0.2415828171875 0.9033856234375 0.245456878125 0.90976455 0.2517451984375 0.90111240625 0.3018311953125 0.9101490828125 0.3072753265625
107 0.949372134375 0.2854988046875 0.9418736078125001 0.3232447671875 0.9707140843750001 0.3290518484375 0.9795584937499999 0.290579984375 0.949372134375 0.2854988046875
107 0.9680223031249999 0.3305036078125 0.9418459765625 0.3234660859375 0.9355286968750001 0.3580872109375 0.9620619406250001 0.366071925 0.9680223031249999 0.3305036078125
107 0.72405428125 0.2647997125 0.7190552671875 0.3127080640625 0.75327930625 0.3243222109375 0.75981646875 0.2782285640625 0.72405428125 0.2647997125
107 0.7980781703125001 0.3312181015625 0.8040385328124999 0.28149504687500004 0.7663706140625 0.273122934375 0.75981646875 0.27605091718749997 0.7555865374999999 0.32250750156249997 0.7980781703125001 0.3312181015625
107 0.802308115625 0.28040621718750003 0.8099989093750001 0.2426602609375 0.7755826046875 0.23286080937500003 0.769255140625 0.233211246875 0.760393284375 0.27459914375 0.768853159375 0.272421496875 0.802308115625 0.28040621718750003
107 0.8628731015625 0.2931091890625 0.8676798484375 0.24628968125 0.8336762328124999 0.24182854374999999 0.8276877296875 0.250644975 0.8215351 0.286576234375 0.8628731015625 0.2931091890625
107 0.8330712765625 0.3312181015625 0.8382625859375 0.28984271875 0.8048309671875 0.2821937734375 0.7973090875 0.3297663421875 0.8282645453124999 0.3388398921875 0.8330712765625 0.3312181015625
107 0.8757552046875 0.29782743125 0.8392049078125 0.291718153125 0.8328790234375001 0.3330328125 0.8296104281250001 0.3392028296875 0.8667184984375 0.3475504921875 0.8757552046875 0.29782743125
107 0.9095946796875 0.3083527578125 0.8776652609375001 0.2989748234375 0.8667184984375 0.345009896875 0.8997889359375 0.3529946234375 0.9095946796875 0.3083527578125
107 0.8997889359375 0.3029086265625 0.908441078125 0.2539114515625 0.8752614890625001 0.245456878125 0.86941029375 0.24628968125 0.8647957999999999 0.29456096249999997 0.8997889359375 0.3029086265625
107 0.947093575 0.6431968484375 0.9320224781249999 0.7039588296875 0.978910325 0.708875959375 0.992158503125 0.64922119375 0.97388660625 0.638279690625 0.944116559375 0.637928471875 0.947093575 0.6431968484375
107 0.8866231671874999 0.625635590625 0.883646165625 0.63266009375 0.8769478921875 0.6340649875000001 0.8685750671875001 0.682885290625 0.8843904046875 0.6955293921875 0.9344412999999999 0.6993928781250001 0.9461003140625 0.643515490625 0.91118345 0.6245819171875 0.8985311890625001 0.625986809375 0.8866231671874999 0.625635590625
107 0.8340079218750001 0.7863670359375 0.825635096875 0.833431240625 0.8336358031250001 0.8422118703124999 0.8734532296875 0.8499388 0.8859194453124999 0.7958501171875 0.8693366671874999 0.7760633546875 0.82786784375 0.769157009375 0.825635096875 0.7758302796875001 0.8340079218750001 0.7863670359375
107 0.9000602296875 0.8506412531249999 0.9378309546875 0.8488851281249999 0.950297184375 0.7983086968750001 0.9329933390624999 0.78215234375 0.917550121875 0.7832060171874999 0.906386353125 0.7902305203125 0.8901988953125001 0.7828547828125 0.8855473109374999 0.7954988968750001 0.8862915656249999 0.7965525703125 0.8782908734375001 0.830621415625 0.9000602296875 0.8506412531249999
107 0.7787837796875 0.771442853125 0.7808304828125 0.774603884375 0.7733879703125 0.8192094843750001 0.7839935437500001 0.83852686875 0.822880671875 0.8430928203124999 0.8346026343749999 0.788301671875 0.8193454750000001 0.7693355078125 0.779528034375 0.766525709375 0.7787837796875 0.771442853125
107 0.5478757 0.900384840625 0.54682989375 0.9112425546875 0.5681381140624999 0.9112425546875 0.5693146328124999 0.9038395703125 0.56421635625 0.8806435484374999 0.5481893046875 0.8804450812500001 0.5500980249999999 0.8902674359375 0.549313665625 0.8984107140625 0.5478757 0.900384840625
107 0.5422545000000001 0.9349321015625 0.541993053125 0.9460365968750001 0.570491153125 0.9438156796875001 0.57088333125 0.9322176765625001 0.5665693953125001 0.9117360796874999 0.5461762671875 0.9127231468750001 0.5465684468750001 0.916424640625 0.543038859375 0.9186455390624999 0.54330030625 0.929996778125 0.5422545000000001 0.9349321015625
107 0.5440846546875 0.945789815625 0.5431228609375001 0.9476687531250001 0.5429081265625 0.9593619546875001 0.5714062453125 0.9588684203125 0.5712755125 0.94406245 0.5440846546875 0.945789815625
107 0.54147015 0.9588684203125 0.540998221875 0.9455101953125 0.5141485703125 0.94406245 0.513102775 0.9571410734375 0.54147015 0.9588684203125
107 0.5195083140625 0.8984107140625 0.54905221875 0.8976704156249999 0.5500980249999999 0.8910077234375 0.5460646671875 0.87520286875 0.518331784375 0.8715132000000001 0.5199004828125 0.8860724015624999 0.5195083140625 0.8984107140625
107 0.5174167015625 0.8922415546875 0.518331784375 0.8836047390624999 0.517954071875 0.8705773875 0.48499684531250004 0.8705261453125 0.48460466562500004 0.8902674359375 0.5174167015625 0.8922415546875
107 0.49166383125 0.9245679203125 0.518331784375 0.9196325984374999 0.5196390375 0.908528121875 0.516810034375 0.8927797 0.48761135 0.8910077234375 0.48656554375 0.9016186703125 0.49166383125 0.9245679203125
107 0.515978725 0.9213599640625001 0.4907487578125 0.92259379375 0.48690166875 0.900797203125 0.4853890140625 0.9011251375 0.48512756875 0.9332047359375 0.5141485703125 0.9336982703125001 0.515978725 0.9213599640625001
107 0.4844439546875 0.9341140781249999 0.4845224640625 0.9473039890624999 0.512001034375 0.94671119375 0.51262911875 0.93292845625 0.4844439546875 0.9341140781249999
107 0.51898844375 0.91366228125 0.5182033406250001 0.9204795406249999 0.5163190953125001 0.9213687531250001 0.5151414421875 0.9304090437499999 0.5427770359374999 0.9335212593750001 0.5424629875 0.918108321875 0.51898844375 0.91366228125
107 0.5115299734375001 0.9578262890625 0.5117948125 0.9471309609375 0.48318779375 0.9459701859375 0.48271672812500005 0.9573816796875001 0.5115299734375001 0.9578262890625
107 0.480981559375 0.929002559375 0.48514259062500004 0.8971392671875 0.47815518749999997 0.8918040171875001 0.4477717375 0.8925450250000001 0.448242803125 0.9024745203125001 0.44690812500000004 0.9181838609374999 0.45075512656249994 0.9177392578125 0.480981559375 0.929002559375
107 0.4766634984375 0.9679795203125 0.47799816875 0.9660528968750001 0.4772915703125 0.9281133531249999 0.4681162625 0.9245370125000001 0.4445528203125 0.9221852984375 0.44251155625000005 0.9322630015625 0.44188347187500004 0.965311890625 0.4766634984375 0.9679795203125
107 0.43877440781250004 0.970203425 0.44050163124999997 0.965905584375 0.440815665625 0.9295962531249999 0.4410512 0.9247056078125 0.40618106093749995 0.9234258343749999 0.404779484375 0.9244092046875 0.40289524375 0.9650163781250001 0.43877440781250004 0.970203425
107 0.408155425 0.904402021875 0.409725628125 0.8679444890625 0.3752625375 0.8674965484375001 0.371962221875 0.891063896875 0.372433284375 0.90573583125 0.408155425 0.904402021875
107 0.43989390312500004 0.8906223984375 0.4406005015625 0.867206584375 0.41045258437500004 0.86705838125 0.41045258437500004 0.8703188125000001 0.40982450000000004 0.8987734734374999 0.44279878906250003 0.9001072812500001 0.4423277234375 0.8916598046875001 0.43989390312500004 0.8906223984375
107 0.40271173750000006 0.9602648515625001 0.4042034265625 0.9350706203125 0.3706795734375 0.9352188203124999 0.3666755546875 0.9555224062500001 0.366440021875 0.9700461499999999 0.40200513750000005 0.9724173625000001 0.40271173750000006 0.9602648515625001
107 0.3285981046875 0.9513727703124999 0.32899065625 0.968119521875 0.36604747031249996 0.9697497343749999 0.36604747031249996 0.9562634125 0.3694714484375 0.94046389375 0.369187878125 0.9324029921875001 0.335271475 0.9309209781250001 0.3285981046875 0.9513727703124999
107 0.3743296796875 0.8736193359375 0.3750362671875 0.8687286921874999 0.3770775375 0.8672466796875 0.3766064703125 0.865023659375 0.33633074218750003 0.8630970421875 0.336644784375 0.8656164687500001 0.33593819062499997 0.8780653781250001 0.34308261875 0.896442346875 0.37228840937499996 0.8749531515625 0.3743296796875 0.8736193359375
107 0.37103224687499997 0.8983689640625 0.37370159531249997 0.8777689734375 0.37040416875000004 0.87673156875 0.34308261875 0.8951085328125 0.338454771875 0.8869421609374999 0.33515308906249996 0.9002955796875 0.3381364734375 0.9136337015624999 0.370639696875 0.913485503125 0.37103224687499997 0.8983689640625
107 0.5412032453125 0.945367409375 0.54148684375 0.9334116375000001 0.51495199375 0.9312465359375001 0.5149234500000001 0.9334116375000001 0.5131273546874999 0.9334116375000001 0.5134109453125 0.9441183093750001 0.5412032453125 0.945367409375
107 0.5185974375 0.9029891578125 0.5191951890625 0.9068757171874999 0.51886310625 0.9127682374999999 0.543437271875 0.91790851875 0.5462267703125 0.91790851875 0.5463596015625 0.9126428625 0.5472230203125 0.9112637625 0.547131709375 0.9036986578124999 0.54662526875 0.9017354296875 0.519660103125 0.8987264875 0.5185974375 0.9029891578125
107 0.44303490312499993 0.8912138015625001 0.44254616562500004 0.9012082859375001 0.41037121093750006 0.9004394781249999 0.40988247343750006 0.91458551875 0.4460487578125 0.91643065625 0.4463745875 0.891521325 0.44303490312499993 0.8912138015625001
107 0.37243607500000003 0.9071509515624999 0.37265726875 0.9202746875000001 0.40914937812499996 0.9205822109374999 0.40800899843750005 0.9045910359375 0.37243607500000003 0.9071509515624999
107 0.37279202499999997 0.9200021015625 0.372384746875 0.91462045625 0.3382548515625 0.91385165 0.3382548515625 0.9166193515625001 0.33996541874999997 0.9306116265625001 0.374013859375 0.9293815375 0.37360658125 0.92030961875 0.37279202499999997 0.9200021015625
107 0.37412259375 0.9206541484375 0.3742691296875 0.9213696171875 0.3751815125 0.9344926656249999 0.4045869796875 0.9337238578125 0.40540153593749995 0.9220379968750001 0.37412259375 0.9206541484375
107 0.295506121875 0.355978290625 0.257181040625 0.3501674375 0.2490389859375 0.35261335312500003 0.2497930671875 0.40246511875 0.2939669609375 0.406823259375 0.29258172656250003 0.35859316875 0.295506121875 0.355978290625
107 0.257950621875 0.40537054531249994 0.260413275 0.447789771875 0.2990461953125 0.45272901093750006 0.2961218 0.40740434687500005 0.257950621875 0.40537054531249994
107 0.9861479 0.479616225 0.9805770484374999 0.46981728125 0.9713344828125001 0.4691002765625 0.9490510390625 0.4695782765625 0.9438600218750001 0.505906103125 0.953482403125 0.506384084375 0.9813367 0.5092520703125001 0.9861479 0.479616225
107 0.9442398578125 0.505189090625 0.948797821875 0.47053427656249996 0.9471518828125 0.4659932953125 0.9176516578125 0.4621693203125 0.910688084375 0.498019128125 0.9148662312500001 0.500887115625 0.9442398578125 0.505189090625
107 0.9455059625000001 0.5116420578125 0.9433535687499999 0.504711109375 0.9130444390625 0.5018070031249999 0.9060035015624999 0.5348249359375 0.91106791875 0.5412778953124999 0.9398084921875001 0.544862875 0.9455059625000001 0.5116420578125
107 0.9688022734375 0.5482088609375 0.974373125 0.5135540453125 0.96968854375 0.5092520703125001 0.9456325609375 0.506384084375 0.9455059625000001 0.5135540453125 0.9403149265625 0.5443848859375 0.9688022734375 0.5482088609375
107 0.67342344375 0.30480153125 0.7183519453125 0.31483631875 0.7233916609375 0.267865009375 0.6871420671874999 0.259806815625 0.68028275625 0.26077792187500004 0.67342344375 0.30480153125
107 0.687603778125 0.4153461 0.6940314062499999 0.414860778125 0.725269678125 0.42117005937499996 0.7306532890625 0.3818402046875 0.699430609375 0.376034415625 0.6931315421875001 0.3777330609375 0.687603778125 0.4153461
107 0.7145998140625001 0.4684897046875 0.7165281015625 0.46606305625 0.723984153125 0.42165539062499996 0.6873466765625 0.415103440625 0.6807904890625001 0.4153461 0.6753912859375 0.4602390984375 0.6805333874999999 0.46096708125 0.7145998140625001 0.4684897046875
107 0.7142141515625 0.4670337015625 0.672048921875 0.4599964359375 0.6665211578125 0.5007641125 0.6742343109375 0.5031907609374999 0.708557846875 0.51216936875 0.7142141515625 0.4670337015625
107 0.742495721875 0.521147959375 0.7464808406250001 0.474556325 0.715224421875 0.4676572140625 0.71395705 0.4697030296875 0.7092006109375 0.5138680156250001 0.742495721875 0.521147959375
107 0.7561222812499999 0.42845000312500003 0.72422459375 0.422171165625 0.717427965625 0.466548378125 0.752522825 0.4726149984375 0.7561222812499999 0.42845000312500003
107 0.758950453125 0.3886529734375 0.7307974328125 0.38646899375 0.7255267796875 0.42214072343750003 0.7561222812499999 0.42602335468749997 0.758950453125 0.3886529734375
107 0.789585590625 0.4133935390625 0.7804583515625 0.41072422499999994 0.7817614125000001 0.3936665765625 0.75911863125 0.389612390625 0.755776265625 0.42722543437500005 0.7867574281249999 0.43207872968750005 0.789585590625 0.4133935390625
107 0.7906008671875 0.43278457656249997 0.7564190296875 0.4274680953125 0.7529481046875001 0.472846415625 0.784957690625 0.4786703734375 0.7906008671875 0.43278457656249997
107 0.7785300640624999 0.5148274328125 0.78031495625 0.48009006562499995 0.7463919265625 0.47211844062499997 0.7421496984375 0.5206513921875 0.7749305984375 0.5204087125 0.7785300640624999 0.5148274328125
107 0.7750591484375 0.5223500375000001 0.8088684734375 0.5247766859375 0.8129821500000001 0.50779015 0.8143870375000001 0.48342570937499996 0.7852148015625 0.4796410265625 0.779944140625 0.4801263578125 0.7784015125 0.5153127546875 0.7750591484375 0.5223500375000001
107 0.81604175625 0.48334449843750005 0.824783325 0.45373937187499996 0.8251689859375 0.44451811250000006 0.8214586015625001 0.4391526234375 0.7911025609375 0.43359819687499995 0.7850605953125 0.47824852343749996 0.81604175625 0.48334449843750005
107 0.789957996875 0.41307395625 0.786860321875 0.431899540625 0.8143705703125 0.43602484375 0.8151418828124999 0.41879564687500004 0.789957996875 0.41307395625
107 0.8309538609375 0.4066624109375 0.829539775 0.41976630000000004 0.814708471875 0.418229040625 0.8142420187500001 0.4367528375 0.84393765625 0.440878140625 0.8466372671875 0.4061770703125 0.8309538609375 0.4066624109375
107 0.8879127625000001 0.453860159375 0.8778856703125 0.4490068625 0.849218446875 0.44706554687500005 0.8416338546875 0.485163940625 0.853846346875 0.4883185640625 0.8803281703125 0.4936572 0.8879127625000001 0.453860159375
107 0.80996925 0.527101765625 0.875980865625 0.53510789375 0.8815271453125 0.495898403125 0.8155155296875 0.482965425 0.80996925 0.5219696265625 0.80996925 0.527101765625
107 0.9061047906249999 0.5377765937500001 0.9128473250000001 0.500414671875 0.8811893328125 0.492332125 0.8822884125 0.4954878296875 0.87576336875 0.535313175 0.9061047906249999 0.5377765937500001
107 0.8704658625 0.40616850937500004 0.8629634718749999 0.445114096875 0.88536030625 0.4494876703125 0.9151491875 0.45615215 0.9223205859375 0.4140825921875 0.890656103125 0.4067933109375 0.8704658625 0.40616850937500004
107 0.6097332734375 0.24733554062500002 0.5803507890625 0.2411099375 0.5722556125 0.23969502812500001 0.5689575828125 0.28893387187499997 0.6059855062499999 0.293461578125 0.6097332734375 0.24733554062500002
107 0.239009609375 0.3107422203125 0.199117459375 0.3028792328125 0.1879027984375 0.3028792328125 0.186140496875 0.3255609296875 0.22939704375 0.333726340625 0.24125254375 0.3334239109375 0.239009609375 0.3107422203125
107 0.144806459375 0.348242621875 0.146568771875 0.376670334375 0.20552583593749998 0.384230896875 0.2026420734375 0.3570128671875 0.144806459375 0.348242621875
107 0.19318971406250002 0.3899769546875 0.196554109375 0.38392850312500004 0.147056615625 0.3745895171875 0.143524790625 0.376670334375 0.14320436406249998 0.4014689859375 0.1957530625 0.4135658875 0.19318971406250002 0.3899769546875
107 0.143251009375 0.402177325 0.1417624890625 0.43080398750000004 0.195112221875 0.43927180468750004 0.1939907609375 0.414473153125 0.143251009375 0.402177325
107 0.24397609999999997 0.4223976171875 0.2539090796875 0.41634916562499996 0.24766092187500002 0.394574753125 0.21818238281250002 0.3900384140625 0.21850279687500002 0.38701418906249996 0.197130375 0.3844153125 0.19318971406250002 0.389433565625 0.1959132703125 0.4109055625 0.21754154374999998 0.4239097296875 0.24397609999999997 0.4223976171875
107 0.2173813359375 0.3597961640625 0.21756046874999999 0.38517114218750004 0.24974364843750002 0.393667475 0.2495834296875 0.3679615578125 0.2173813359375 0.3597961640625
107 0.252146790625 0.4417526890625 0.253748884375 0.43872846406250005 0.25166615625 0.4193733921875 0.24301485781249998 0.4223976171875 0.216900703125 0.4239097296875 0.19559285625 0.41423221874999994 0.19452654062500002 0.4161601859375 0.19463160156249998 0.43842602187499996 0.2457384125 0.44840596406250005 0.2495834296875 0.4459865859375 0.252146790625 0.4417526890625
107 0.174884153125 0.3476445546875 0.1812925296875 0.34885425 0.1893030015625 0.3446203296875 0.18531296875 0.3205476484375 0.154377353125 0.3192168296875 0.1431626921875 0.32375316875000004 0.14684750156249998 0.3440154828125 0.174884153125 0.3476445546875
107 0.2489009046875 0.3549027 0.25210509375 0.3515760453125 0.249701953125 0.3346403875 0.227753265625 0.3349428046875 0.2048433234375 0.337362184375 0.20724646562500001 0.3606487234375 0.2296757859375 0.3636729484375 0.2487407109375 0.3609511515625 0.2489009046875 0.3549027
107 0.738495778125 0.9722868953124999 0.7638813734375 0.9716803109375001 0.766130728125 0.9486303656249999 0.76252463125 0.9417334343749999 0.7375317671875 0.9403404671875 0.73517529375 0.966625496875 0.738495778125 0.9722868953124999
107 0.7909807703125 0.9490347531250001 0.7869105015625 0.9407448531249999 0.76506896875 0.9442600859375 0.7660236171875 0.94782159375 0.76409559375 0.9728934718750001 0.7862678296875 0.9722868953124999 0.7909807703125 0.9490347531250001
107 0.78669628125 0.944586515625 0.7917305515625 0.9229519109375 0.788410075 0.9142576296874999 0.76252463125 0.9124242812500001 0.75724041875 0.9326571515625 0.761310678125 0.9405426640625001 0.7654880562499999 0.9409470499999999 0.78669628125 0.944586515625
107 0.79752235 0.92800581875 0.7963441171875 0.9407439468750001 0.8084566234375 0.9584093328125001 0.8240861781250001 0.9585368890625 0.8246217390625 0.9460009578124999 0.8110184890625 0.92618608125 0.79752235 0.92800581875
107 0.8656457328125 0.9480228828125 0.855470071875 0.9265904687500001 0.8256928609375 0.916480840625 0.8235506156250001 0.9265904687500001 0.8336191671875 0.9470119203125 0.8638248125000001 0.9565149640625 0.8656457328125 0.9480228828125
107 0.863610590625 0.9747122921875 0.8667168546875 0.966018015625 0.8637177093749999 0.957121546875 0.83351205625 0.9472141093750001 0.8305129109375 0.9405417578125 0.8250501890624999 0.9399351812500001 0.824943078125 0.9548974250000001 0.838653446875 0.9747122921875 0.863610590625 0.9747122921875
107 0 0.7364136078125 0.039689296875 0.7422632328125001 0.0485985390625 0.7356824015625001 0.039689296875 0.6720676859375 0.0478238203125 0.6610996296875 0 0.6570643031250001 0 0.7364136078125
107 0 0.806609175 0.055958328125 0.8088027796875 0.056733046875000005 0.8047811656249999 0.048404848437499995 0.7422632328125001 0.048017496874999996 0.7360480125 0.039689296875 0.7422632328125001 0 0.7374726734375 0 0.806609175
107 0.1309120625 0.72471434375 0.12471434374999998 0.6727988796875 0.12897527343749998 0.6691428609375001 0.12064710468749999 0.6658524453125 0.1200660625 0.66439003125 0.11328730000000001 0.6658524453125 0.0478238203125 0.6610996296875 0.040485609374999995 0.672140871875 0.048017496874999996 0.7393384203125 0.1117378625 0.7459192515625 0.1309120625 0.72471434375
107 0.1359477265625 0.7916194875 0.1322678390625 0.7459192515625 0.13304254375 0.7411664296875 0.131105753125 0.727273559375 0.11096315937500001 0.745188059375 0.048234053124999995 0.7411275984375 0.056733046875000005 0.8080715734374999 0.11948501874999999 0.81026519375 0.1359477265625 0.7916194875
107 0.9428987421875 0.62460065 0.9830161546875 0.6280957984375 0.9910396312499999 0.5896490765625 0.9518480125 0.5838238140625001 0.9507679343750001 0.5838238140625001 0.9452132078125001 0.6138239109375 0.939504196875 0.61498895625 0.9382698109375 0.6199404328125 0.9428987421875 0.62460065
107 1 0.642479996875 0.9830161546875 0.6420764390625 0.992736915625 0.6479017015624999 0.9799302015625001 0.70528054375 0.9830161546875 0.7087756921875 1 0.70994075 1 0.642479996875
107 0.9211495125000001 0.762473321875 0.9201946718749999 0.7725153390624999 0.9311070656249999 0.7799824796875 0.957024003125 0.7822998625 0.9644065515625 0.7378672734375 0.9424286796875 0.7364670875 0.9399733875 0.7640182531249999 0.9211495125000001 0.762473321875
107 0.9744838390625 0.8000665031249999 0.9888063671875 0.8106234875 1 0.811653440625 0.9999915671874999 0.790796946875 0.9933974125 0.7796964828124999 0.9743474359375 0.7799824796875 0.9740746187499999 0.7835873 0.9747566437499999 0.7835873 0.9744838390625 0.8000665031249999
107 0.9431107046875 0.8518214875 0.9675271890625 0.8531089250000001 0.9754386687500001 0.824012859375 0.9747566437499999 0.8183481125000001 0.97830318125 0.8049587609375 0.9673907859374999 0.7936293156249999 0.9483763109375 0.7925670109375 0.9510221937500001 0.7982640890625 0.9386093375 0.8469292218750001 0.9431107046875 0.8518214875
107 0.9931713203125 0.8543963625 1 0.8224679187499999 0.9949445890625 0.8111384828125001 0.9873059046874999 0.8113959484375 0.9768555687499999 0.813159853125 0.9754386687500001 0.8224679187499999 0.9675271890625 0.8525939593749999 0.9931713203125 0.8543963625
107 0.8681434093749999 0.6831179828125 0.8776267421874999 0.6309703203125 0.8306222968749999 0.627467859375 0.806012528125 0.6123574171875 0.7976367421874999 0.663659896875 0.815366484375 0.6803938625 0.8681434093749999 0.6831179828125
107 0.8932949015625 0.5897191765625001 0.8691742093749999 0.5807684531249999 0.8520629375000001 0.5807684531249999 0.84876436875 0.6013940296875 0.80549704375 0.60019975 0.8040276937499999 0.6083989453124999 0.833096240625 0.6270787046875 0.8848423359375 0.632526959375 0.8932949015625 0.5897191765625001
107 0.738675021875 0.6784480546875 0.78506098125 0.6858421171875 0.7962183109375001 0.6225698578125 0.78217475625 0.6095664265625 0.750426140625 0.602950675 0.738675021875 0.6784480546875
107 1 0.3275983546875 0.9731413390625001 0.3202124796875 0.9620367984374999 0.365489590625 0.99094795625 0.37142776718750004 1 0.371145 1 0.3275983546875
107 0.7520275234375 0.8387146109374999 0.7609109328125 0.78840778125 0.7513694906249999 0.7710177703125 0.7291362375 0.7688124265625 0.72866744375 0.769775621875 0.71846798125 0.8334354968750001 0.7520275234375 0.8387146109374999
107 0.7558111890625 0.8175981906249999 0.7717684296875 0.82287728125 0.7806518265625 0.7728809812499999 0.7711103968749999 0.7573541828125 0.7405119953125 0.7576647249999999 0.739360434375 0.768533484375 0.750546953125 0.7713283015625 0.760746415625 0.7890288546875001 0.7558111890625 0.8175981906249999
107 0.29231136874999997 0.35927106875 0.29392128125 0.405159703125 0.3341691 0.41093377656249996 0.3393208125 0.40546359687500005 0.3389830375 0.3593282671875 0.33819387968750003 0.3541047828125 0.298429040625 0.352889190625 0.29231136874999997 0.35927106875
107 0.3344910765625 0.4121493625 0.29731964375 0.40603866406250005 0.300038953125 0.45317563281249995 0.3418966578125 0.4577341078125 0.34173568125 0.4081986859375 0.3344910765625 0.4121493625
107 0.34401485 0.355150915625 0.34391808125 0.40949195468750005 0.387868678125 0.4152660265625 0.3889956125 0.36026043125 0.34401485 0.355150915625
107 0.3873857 0.41496212187500003 0.345625028125 0.409456496875 0.345045015625 0.41253093906249994 0.3445620375 0.46115466875 0.38674174375 0.46814433906249997 0.3873857 0.41496212187500003
107 0.429887396875 0.4249907765625 0.38849605781249996 0.418570721875 0.38722472343750003 0.46692874062499995 0.43004837343749996 0.4751339859375 0.429887396875 0.4249907765625
107 0.3940719828125 0.3639094796875 0.3914961265625 0.3663406640625 0.391657115625 0.4155721921875 0.433031865625 0.42408134375 0.43383682187500006 0.37089913750000003 0.3940719828125 0.3639094796875
107 0.3671864546875 0.3569198203125 0.40037113125 0.3638853796875 0.40163857812500003 0.3228832078125 0.36750843125 0.3161974484375 0.3671864546875 0.3569198203125
107 0.43415879999999996 0.3696835515625 0.43438617500000004 0.328188003125 0.4009946109375 0.3225793140625 0.40051163125 0.3639094796875 0.43415879999999996 0.3696835515625
107 0.4665180453125 0.3724186296875 0.4673230015625 0.33382355937499997 0.43579508125000005 0.328947521875 0.4339978234375 0.33139236250000004 0.4339978234375 0.36786015625 0.4665180453125 0.3724186296875
107 0.47488958437499995 0.37940830000000003 0.46861093593750003 0.3763693171875 0.4341849015625 0.370721046875 0.43464177812499993 0.3760654109375 0.4339978234375 0.4246891421875 0.47408462812499996 0.4289437234375 0.47488958437499995 0.37940830000000003
107 0.43156835937500004 0.42616590781249997 0.430938975 0.472705084375 0.470059846875 0.4806064359375 0.4698988453125 0.4310710125 0.43156835937500004 0.42616590781249997
107 0.517371834375 0.388208625 0.5122201078125 0.38334625 0.47383557187500003 0.37793647343750003 0.47470916093750004 0.38030727343750004 0.47406519375 0.43075438750000006 0.5151179546875 0.4362245546875 0.517371834375 0.388208625
107 0.47182284843750005 0.42958374218750006 0.47036239062499996 0.4790742234375 0.5099662406250001 0.4848482859375 0.511737140625 0.437136259375 0.47182284843750005 0.42958374218750006
107 0.55906855 0.3951982890625 0.5165053296875 0.3859114203125 0.5183377796874999 0.38942421718750003 0.5154399328125 0.438047953125 0.554560815625 0.442302521875 0.55906855 0.3951982890625
107 0.5523318234375 0.44287531874999997 0.5130250640625 0.437440153125 0.5114151515625001 0.48393659375000003 0.549570078125 0.4894067609375 0.5523318234375 0.44287531874999997
107 0.5557534546875 0.44135628125000004 0.598758715625 0.44974916875000004 0.6006906046875 0.399605946875 0.5601208093750001 0.3941357796875 0.5557534546875 0.44135628125000004
107 0.597953759375 0.4509647671875 0.5545458203125 0.4436348375 0.5499783703125 0.49077544062499995 0.594733934375 0.5001962843750001 0.597953759375 0.4509647671875
107 0.13738904999999998 0.47817374218750003 0.1455270171875 0.5165782437499999 0.186570696875 0.5199177671874999 0.1918780671875 0.513572675 0.1880448390625 0.48041353906250006 0.180201853125 0.4734984125 0.142696421875 0.4734984125 0.13738904999999998 0.47817374218750003
107 0.1643222359375 0.5391624687500001 0.1649393640625 0.5347939890625 0.125027109375 0.5255894609375 0.1163407796875 0.5312992015625 0.12127778593750001 0.5773138624999999 0.16725358125 0.5845946640624999 0.1643222359375 0.5391624687500001
107 0.1267630625 0.5783594875 0.1276033125 0.6244934671875 0.170184928125 0.629153175 0.1689506734375 0.5845946640624999 0.1267630625 0.5783594875
107 0.212457984375 0.587506984375 0.21029804375 0.5432397109375 0.21230369375000002 0.5391624687500001 0.1663041875 0.5332320171875 0.164013678125 0.5417835515625 0.16725358125 0.5851771515624999 0.212457984375 0.587506984375
107 0.213537946875 0.5895456218749999 0.16996897500000002 0.5870938359375 0.17033920625 0.6297356296875 0.214309353125 0.6343953390625 0.211686578125 0.593331625 0.213537946875 0.5895456218749999
107 0.257045246875 0.5449871109375 0.21322939062500001 0.5400361640625 0.21008875312500003 0.5445138843749999 0.212457984375 0.588380678125 0.25519387656250003 0.591293009375 0.2544224703125 0.54964681875 0.257045246875 0.5449871109375
107 0.1892573296875 0.47609481562499995 0.193327109375 0.5211060796875 0.2328231 0.522562240625 0.23081743906250002 0.4820809875 0.1892573296875 0.47609481562499995
107 0.2738619140625 0.48703192968750003 0.231113059375 0.48155378437499996 0.23297739062499997 0.5254745609375 0.2721648109375 0.527804415625 0.2771018046875 0.5254745609375 0.2738619140625 0.48703192968750003
107 0.21432113749999998 0.6340914859375 0.2573656 0.6399161265625 0.2539714171875 0.599143640625 0.25618791875 0.5932806671875 0.214475415625 0.588076825 0.2123154875 0.593901465625 0.21432113749999998 0.6340914859375
107 0.2991758078125 0.551964046875 0.2570570421875 0.54439201875 0.25445196718749996 0.551064646875 0.25551422968750004 0.5904066796875 0.2976329953125 0.5994348796875 0.29686158906250004 0.5574974609375001 0.2991758078125 0.551964046875
107 0.29825013437500003 0.600017334375 0.2575381046875 0.5921888734375 0.2536628484375 0.599143640625 0.2578284484375 0.638459965625 0.29732443750000004 0.64253721875 0.29825013437500003 0.600017334375
107 0.340648459375 0.5542220796875 0.30084391250000003 0.551309759375 0.2966783125 0.555678240625 0.298375403125 0.600236740625 0.337562834375 0.6031490609375 0.34249982968750003 0.5981981140625 0.340648459375 0.5542220796875
107 0.29881518281249997 0.600559290625 0.29698688125 0.64537770625 0.3397227859375 0.6482900265625 0.3395684953125 0.600819228125 0.29881518281249997 0.600559290625
107 0.3796816125 0.6497461875 0.3796816125 0.6147983421875 0.381224425 0.6089737015625001 0.3807615765625 0.602857834375 0.342599746875 0.599103565625 0.3395684953125 0.6072263140625 0.3395684953125 0.647707571875 0.3796816125 0.6497461875
107 0.3872413828125 0.54373773125 0.3536080953125 0.5376218515625 0.35113958749999996 0.5434464921875 0.352243925 0.57908735 0.382612946875 0.584218978125 0.3827672375 0.5658713625 0.3853900125 0.55072729375 0.3872413828125 0.54373773125
107 0.2986223 0.601651084375 0.29744971875 0.6447952515625001 0.3395684953125 0.6491637328125 0.3395684953125 0.602857834375 0.2986223 0.601651084375
107 0.379064496875 0.6124685109375 0.380298728125 0.60606138125 0.344351221875 0.5996542734375 0.3429855140625 0.5987396359375 0.3395684953125 0.6066438703125 0.3394142046875 0.6462514109375 0.3792187640625 0.6479988 0.379064496875 0.6124685109375
107 0.4211165671875 0.565288025 0.3844554765625 0.5605268578125 0.3827005296875 0.5673266515625001 0.382391971875 0.610428990625 0.4215793921875 0.6110114796875 0.4211165671875 0.565288025
107 0.41849376875 0.6110114796875 0.38117645625 0.607837915625 0.379769184375 0.615671165625 0.3794606265625 0.6512014781250001 0.419419465625 0.656152434375 0.41849376875 0.6110114796875
107 0.45930968749999995 0.573582703125 0.42341795312499997 0.5681694140625 0.42274503125 0.5741651578125 0.42151077656249997 0.61406395 0.45946395312500005 0.6166850421875 0.45930968749999995 0.573582703125
107 0.45900110625 0.6175587578124999 0.42148911718750004 0.615480471875 0.42058509062500005 0.6219272390625 0.4199679640625 0.6592049156249999 0.45761258437499996 0.6603698484375 0.45900110625 0.6175587578124999
107 0.4613153234375 0.5721265421874999 0.4612231265625 0.574720175 0.459926803125 0.6146464390624999 0.496491446875 0.619888590625 0.49849710625 0.5782424109375001 0.4613153234375 0.5721265421874999
107 0.497571409375 0.625130765625 0.4947943671875 0.618141203125 0.46006582500000004 0.615480471875 0.45930968749999995 0.6233834 0.45822969999999996 0.6583312328125001 0.4961828890625 0.6644471015625 0.497571409375 0.625130765625
107 0.49864253437499995 0.577631625 0.49580519062499995 0.61901491875 0.534684053125 0.6233834 0.536226865625 0.5831933578124999 0.49864253437499995 0.577631625
107 0.49825676718749995 0.6202115765625 0.49580519062499995 0.66153478125 0.532061278125 0.6621172375000001 0.5336040890625 0.6242570703125 0.49825676718749995 0.6202115765625
107 0.8799504375 0.4929356421875 0.9099687390625 0.4990615515625 0.9177793968750001 0.459765059375 0.8823843531250001 0.44913539687500004 0.888063490625 0.45434243125 0.8799504375 0.4929356421875
107 0.53552009375 0.62762498125 0.5722614453125 0.6311232890625 0.5727952484375 0.59202669375 0.5368169140625 0.5879961171875 0.53552009375 0.62762498125
107 0.570233 0.6323324593749999 0.5341853640625 0.62762498125 0.5326532562499999 0.66558473125 0.5677775031250001 0.6661893 0.570233 0.6323324593749999
107 0.6116877921875 0.5970643124999999 0.6106201859375 0.5930337359375 0.575282415625 0.593235265625 0.575561971875 0.5958936796875001 0.572506640625 0.629913509375 0.57602974375 0.633742559375 0.6090187765625 0.6347502046875 0.6116877921875 0.5970643124999999
107 0.6022928546874999 0.6446251125 0.6050686375 0.6357578484374999 0.5749621375 0.6333395015625001 0.5704900015625001 0.631654353125 0.5695173390625 0.6643749437500001 0.601652284375 0.668808571875 0.6022928546874999 0.6446251125
107 0.6035351203125 0.5777356218749999 0.6110769609375 0.596005809375 0.60843731875 0.6339698234375 0.6049177890624999 0.63468165625 0.6020267453125 0.6436981187499999 0.601649659375 0.662442840625 0.605546275 0.666476528125 0.671914484375 0.6733575125 0.6828501609375001 0.5782101734375 0.6724172765625 0.5682446156250001 0.6724172765625 0.5694309921875 0.6725429625 0.5782101734375 0.672291571875 0.5817693 0.6275433140625 0.5774983406249999 0.6271662171875 0.5715664625 0.6281718 0.5601772578124999 0.605043484375 0.5604145375 0.6035351203125 0.5777356218749999
107 0.73848026875 0.683611053125 0.7524326640625 0.5905991953124999 0.7506729078125 0.5856164203125 0.707935796875 0.5858536921875 0.707935796875 0.5723290078125001 0.673243328125 0.56805805625 0.683299115625 0.579209984375 0.6717349625 0.6729336703125 0.73848026875 0.683611053125
107 0.20410160624999998 0.7468075125 0.2062612875 0.745788321875 0.20153700312499997 0.6782671437500001 0.2026168234375 0.6754643765624999 0.12963565 0.668387175 0.1263533765625 0.6729164078125 0.1331023546875 0.7412019796875 0.20410160624999998 0.7468075125
107 0.21085181875 0.8120271359375 0.206262521875 0.7460347453125 0.1333482046875 0.74130098125 0.1324286890625 0.747818315625 0.137827871875 0.8150847203125 0.2080172390625 0.8176326890625001 0.21085181875 0.8120271359375
107 0.2756160921875 0.7517126375000001 0.272646525 0.686739428125 0.2711617625 0.6821530859375 0.2027054734375 0.67507359375 0.20164727187499998 0.6778215359375 0.20650654531249998 0.747635890625 0.2756160921875 0.7517126375000001
107 0.275751059375 0.8171954421875001 0.27777575312499997 0.8146474734375 0.27510028750000004 0.7534002156249999 0.2067765 0.747635890625 0.21015098906250002 0.8133734875 0.275751059375 0.8171954421875001
107 0.34642794375 0.8013919578124999 0.3468328875 0.7573120765625 0.349802434375 0.7445722328125 0.34885758125 0.7297940140625 0.34048883124999996 0.75680248125 0.2761128015625 0.7534002156249999 0.2779932953125 0.8154057765625 0.341163728125 0.819992109375 0.34642794375 0.8013919578124999
107 0.34565317812499996 0.6918342234375 0.3243264015625 0.691579434375 0.32459636718749996 0.7244482234375 0.2737090625 0.7104343953125001 0.2734127625 0.7104160937499999 0.27492388125 0.752221090625 0.34038897343749996 0.75604304375 0.34646305312500003 0.7369332765625 0.34565317812499996 0.6918342234375
107 0.35036389218749997 0.6922672421875 0.3505174828125 0.7341270765625 0.41071837968749997 0.736165459375 0.411258290625 0.6943787640625 0.35036389218749997 0.6922672421875
107 0.409368584375 0.7613903468750001 0.41112332343749997 0.7374394453125 0.3520514171875 0.73716176875 0.3460631640625 0.7568040046875 0.347008015625 0.8192292546875001 0.4086936875 0.8235607937499999 0.409368584375 0.7613903468750001
107 0.41072681875 0.7566125171875 0.4104814015625 0.7920308578124999 0.44462195 0.7943580890625 0.446992821875 0.7592707625 0.41072681875 0.7566125171875
107 0.444242615625 0.8292663828125001 0.4449915984375 0.7939711265625 0.40991239375 0.7929259421875 0.4104814015625 0.8278342421874999 0.444242615625 0.8292663828125001
107 0.4843672828125 0.7550599796874999 0.44902274843749995 0.7516910218749999 0.44624367343750004 0.7883571328125 0.481711903125 0.7908633640625 0.4843672828125 0.7550599796874999
107 0.481237728125 0.79068435 0.44624367343750004 0.7890731953125 0.44558441406249993 0.7964318718750001 0.4445366421875 0.8300680734375 0.47962553906250005 0.8327533265625 0.48028938125 0.79999323125 0.481237728125 0.79068435
107 0.45911488437500003 0.7196231953125001 0.45902005 0.7240986171875 0.44878562187500004 0.7252939203125 0.44849338281250006 0.751309190625 0.4842461203125 0.75453149375 0.48272876406250004 0.719265159375 0.45911488437500003 0.7196231953125001
107 0.5180594328125 0.7205640437499999 0.4844878921875 0.7185948484375 0.4847102875 0.7212672453125 0.4848672328125 0.755651353125 0.5185336078125 0.7574415218749999 0.520619971875 0.72790373125 0.5180594328125 0.7205640437499999
107 0.5187232749999999 0.7574415218749999 0.48391888437499997 0.7543982328125 0.482117021875 0.7923498296875 0.5169214171875 0.7950350828125 0.5187232749999999 0.7574415218749999
107 0.51713875 0.8023129578124999 0.5149575468750001 0.7938991609375 0.48214468750000006 0.7930040765624999 0.48110150625000003 0.8015968875 0.4799634828125 0.8327458343749999 0.5146730390625 0.8370422359375 0.51713875 0.8023129578124999
107 0.557162521875 0.722125959375 0.5537484687500001 0.7176505359375 0.5202792640625 0.71858279375 0.521694284375 0.725527271875 0.5194182453125 0.75721326875 0.5538433015625001 0.7595404875 0.557162521875 0.722125959375
107 0.5537242796874999 0.7600775703125 0.5193914640624999 0.7585711703125 0.5174409453125 0.79357858125 0.5520152875 0.7965564421875 0.5537242796874999 0.7600775703125
107 0.5509635937499999 0.8035048093749999 0.5493860609375 0.7950675125 0.5159400296875 0.7957833953125 0.5171780265625 0.8040011125 0.515469025 0.8335316609375001 0.548991671875 0.8372539968750001 0.5509635937499999 0.8035048093749999
107 0.5881038937499999 0.7638010125 0.584422971875 0.7561081796875 0.5545812359375 0.7541229375 0.5544497765624999 0.7571008031249999 0.552214928125 0.7915944406250001 0.5539239296875 0.7965575546875 0.585869034375 0.8000317375 0.5881038937499999 0.7638010125
107 0.5490598624999999 0.832788290625 0.55247785625 0.8355179984375001 0.5828454390625 0.8387440296875001 0.5849488093749999 0.805243003125 0.58245105 0.7992872734375001 0.5539239296875 0.7958130890625 0.550783075 0.796093496875 0.5515576203125 0.79804649375 0.551952009375 0.8032577609375 0.5490598624999999 0.832788290625
107 0.5829274343749999 0.7427488640625 0.582188775 0.747396703125 0.5856358609375001 0.7534388921875 0.585020309375 0.7566923734375 0.5880980703125 0.7648260890625 0.5858820875 0.802008790625 0.5835429875 0.8001496578125 0.585512753125 0.8068890265625001 0.641774228125 0.8103749046875001 0.6519923875 0.7313616625 0.64202044375 0.71393226875 0.583173653125 0.7099816046874999 0.580588334375 0.7304320921875 0.5824349921875001 0.7346151484375001 0.5813269953125 0.7383334203125 0.5829274343749999 0.7427488640625
107 0.7295314890625 0.76180048125 0.7166048843749999 0.7429767421875 0.6945681234375 0.74181478125 0.693829453125 0.7453006609374999 0.655049665625 0.7462302265625 0.6459395015625 0.819898453125 0.65800431875 0.8438348250000001 0.7167280015624999 0.8410461187499999 0.7295314890625 0.76180048125
107 0.64653843125 0.968044746875 0.652944303125 0.901651921875 0.63614400625 0.9005111515625 0.637852309375 0.8699193890625001 0.5857431265625 0.8699385062499999 0.5792163921875 0.9406662609374999 0.5864683187499999 0.9705544375 0.64653843125 0.968044746875
107 0.70743319375 0.9687824203125001 0.7183110828125 0.894860496875 0.7082792671875 0.87501110625 0.6703275125 0.872729565625 0.6703275125 0.9019332765625 0.6529629953125 0.9012811921875 0.646637890625 0.9596562593750001 0.65135164375 0.9708357937500001 0.70743319375 0.9687824203125001
107 0.32751320625 0.9519505765625 0.3358926640625 0.9315407140625 0.3365233734375 0.9213357671875 0.335081740625 0.9170837125 0.3076581859375 0.91162326875 0.29696873749999997 0.9288193890625 0.29696873749999997 0.946848115625 0.32751320625 0.9519505765625
107 0.3365233734375 0.9213357671875 0.33931653125 0.9211656890625 0.3392264234375 0.911471 0.33562235625 0.8995652421875 0.33814520625 0.886809071875 0.31633191250000003 0.887818875 0.310754296875 0.9060283671875 0.3119256140625 0.911130834375 0.33643326562500003 0.91844436875 0.3365233734375 0.9213357671875
107 0.2775067765625 0.910280421875 0.2775067765625 0.924397246875 0.300212396875 0.925077578125 0.307060121875 0.911130834375 0.31093449687499997 0.911130834375 0.310844396875 0.9043275453125 0.315079171875 0.893102121875 0.312556321875 0.8893603046875 0.28732786093749996 0.8893603046875 0.286967453125 0.8936123625000001 0.2833633859375 0.89463285625 0.2775067765625 0.910280421875
107 0.27189261875000004 0.9365595265625 0.276577903125 0.9224427046875 0.2772987203125 0.908836125 0.2786502453125 0.9054344796875 0.2785601375 0.8952295453125 0.24052129375 0.9022715421875 0.23215777656249997 0.9260144406249999 0.2331489 0.9411517484375 0.23522123437500003 0.9409816624999999 0.27189261875000004 0.9365595265625
107 0.23562179687499998 0.9162767765625001 0.2341801640625 0.878008278125 0.2009326515625 0.8761373671875001 0.19298476874999998 0.8899442671875001 0.19489583593749998 0.9307337671875 0.22868396406249997 0.9320944250000001 0.2321979296875 0.9264817109375001 0.23562179687499998 0.9162767765625001
107 0.2318995421875 0.949864840625 0.235773915625 0.941360728125 0.2333411734375 0.9411906421875 0.23244015624999997 0.9258832421875001 0.22874598281249997 0.9316660406249999 0.19535033125 0.931814496875 0.19657968750000002 0.963131253125 0.22946680000000003 0.963981665625 0.23262035781249998 0.9592193578125 0.2318995421875 0.949864840625
107 0.2012609328125 0.8754572984375001 0.20189165625 0.8752872093749999 0.20180154843749998 0.8659326859375 0.1634182375 0.8657626031250001 0.15445990781250002 0.883568090625 0.15828243749999998 0.9198487562500001 0.19459341562500002 0.9186581796875 0.1931517828125 0.8909347765625 0.2012609328125 0.8754572984375001
107 0.19432310625 0.9242708921875 0.19396270625 0.9186581796875 0.1579220296875 0.9198487562500001 0.1565705046875 0.923760646875 0.15972406249999999 0.95913775625 0.1962152484375 0.95913775625 0.19432310625 0.9242708921875
107 0.1570588546875 0.929464628125 0.156878640625 0.9243621609374999 0.1584103796875 0.9197699453125001 0.154265696875 0.88422275625 0.1630956640625 0.8661940375 0.17336725 0.8655137093749999 0.18021498281249998 0.8554788656250001 0.1399395296875 0.8525874625000001 0.11498136875000001 0.8520772203125 0.10227702812499999 0.8721469203125001 0.1085841453125 0.9298048 0.1570588546875 0.929464628125
107 0.1006654265625 0.871217846875 0.0663178921875 0.8707463000000001 0.06581828906250001 0.8822990421875 0.026599637500000002 0.880412878125 0.00924414375 0.9004321890625 0.0176068296875 0.9612820875000001 0.086426815625 0.9641113328124999 0.10828434375 0.9289815640624999 0.1006654265625 0.871217846875