170 0.18203125 0.70703125 0.121875 0.31015625
170 0.2859375 0.7125 0.0859375 0.31953125
170 0.38046875 0.70625 0.0984375 0.3125
170 0.4734375 0.70703125 0.08359375 0.303125
170 0.8472942375000001 0.8873661109375 0.7986216484375 0.7329880515625 0.7398653546875 0.7250538890625 0.7596031578125 0.8249010109375 0.7793135109375 0.8730883875 0.8472942375000001 0.8873661109375
170 0.756385125 0.8266857015625 0.7398928046875 0.7133561562499999 0.670465259375 0.7139026453125 0.704896778125 0.872195975 0.7829338203125 0.8739807328125 0.756385125 0.8266857015625
170 0.6236417640624999 0.8971820421875 0.70516530625 0.8878620515625 0.661453546875 0.6794465375 0.6139876953125001 0.6892625015625 0.6236417640624999 0.8971820421875
170 0.565625 0.71328125 0.09921875 0.3265625
161 0.725 0.3671875 0.08125 0.23359375
161 0.82421875 0.36015625 0.1171875 0.2625
161 0.640625 0.39140625 0.08046875 0.1625
161 0.55859375 0.36484375 0.08203125 0.23359375
161 0.478125 0.36953125 0.07734375 0.24921875
161 0.39921875 0.38046875 0.08125 0.23125
161 0.15625 0.31015625 0.17578125 0.31953125
161 0.3015625 0.38515625 0.1125 0.13828125
780 0.8664725671875001 0.5375302609375 0.8001396281250001 0.5695442640625 0.8584472203125 0.8508514796875 0.9696129718750001 0.8665639796875 0.969018465625 0.7973284078125 0.8664725671875001 0.5375302609375
780 0.9978249187499999 0.8686452687499999 1 0.652413353125 0.9610892890624999 0.57526525 0.8855981546875 0.559704346875 0.968436415625 0.7925837828125 0.972354896875 0.86321230625 0.9978249187499999 0.8686452687499999