142 0.065625 0.3421875 0.13046875 0.28359375
142 0.053125 0.6453125 0.10625 0.2296875
142 0.0484375 0.9265625 0.09375 0.14609375
142 0.2359375 0.3546875 0.16484375 0.26875
142 0.2265625 0.6234375 0.13984375 0.2125
142 0.23828125 0.89921875 0.13203125 0.2015625
607 0.3484375 0.1265625 0.05546875 0.12421875
607 0.471875 0.2328125 0.05546875 0.10390625
607 0.409375 0.228125 0.05703125 0.10703125
607 0.5328125 0.2375 0.053125 0.1
607 0.40703125 0.121875 0.05234375 0.096875
607 0.5296875 0.11328125 0.05625 0.125
607 0.346875 0.2390625 0.0515625 0.08515625
607 0.4671875 0.11015625 0.05625 0.1234375
607 0.70625 0.16015625 0.05234375 0.11875
607 0.5921875 0.109375 0.0578125 0.1265625
80 0.59296875 0.246875 0.05390625 0.09140625
235 0.6484375 0.12734375 0.04921875 0.11875
235 0.6484375 0.24609375 0.046875 0.1015625
635 0.81328125 0.4203125 0.05625 0.11015625
635 0.8671875 0.42265625 0.046875 0.11171875
635 0.921875 0.42109375 0.05625 0.11484375
635 0.79453125 0.540625 0.0484375 0.1125
635 0.846875 0.540625 0.04921875 0.109375
635 0.9 0.540625 0.046875 0.109375
635 0.95078125 0.53984375 0.04609375 0.109375
635 0.984375 0.540625 0.01640625 0.115625
635 0.7390625 0.540625 0.05625 0.11640625
635 0.6765625 0.42109375 0.05078125 0.11484375
635 0.61953125 0.42109375 0.04921875 0.11875
635 0.53671875 0.5453125 0.04296875 0.11953125
635 0.58125 0.5453125 0.0390625 0.11171875
866 0.625 0.54609375 0.03984375 0.11328125
635 0.6765625 0.5421875 0.05234375 0.11640625
635 0.46484375 0.41328125 0.05859375 0.125
635 0.48125 0.54375 0.053125 0.1203125
635 0.42109375 0.5453125 0.059375 0.11640625
635 0.35546875 0.53984375 0.05546875 0.13125
635 0.371875 0.7359375 0.0625 0.10546875
635 0.36875 0.87578125 0.07421875 0.11328125
234 0.4484375 0.87265625 0.06796875 0.10546875
809 0.5671875 0.853125 0.04765625 0.12421875
809 0.79921875 0.83125 0.04765625 0.11796875
809 0.63125 0.8484375 0.0484375 0.128125