974 0.2125 0.15625 0.20546875 0.1171875
974 0.1765625 0.3546875 0.19296875 0.115625
974 0.128125 0.53984375 0.19375 0.1421875
974 0.1296875 0.69609375 0.20546875 0.15859375
974 0.1578125 0.853125 0.21875 0.13359375
974 0.1796875 0.3609375 0.19921875 0.16328125
974 0.39296875 0.5984375 0.21484375 0.15546875
974 0.4359375 0.1765625 0.1890625 0.059375
974 0.41328125 0.29296875 0.19765625 0.146875
974 0.4 0.734375 0.25078125 0.13046875
974 0.3953125 0.8796875 0.22578125 0.140625
184 0.6484375 0.3875 0.196875 0.121875
184 0.64921875 0.64296875 0.19296875 0.1453125
184 0.6421875 0.7765625 0.18828125 0.12578125
184 0.6390625 0.9109375 0.190625 0.1171875
974 0.85078125 0.44296875 0.17734375 0.1140625
974 0.8734375 0.6140625 0.2140625 0.15
974 0.8734375 0.7734375 0.2359375 0.171875
974 0.853125 0.35078125 0.1546875 0.09375