534 0.05859375 0.02265625 0.115625 0.03125
534 0.05859375 0.06328125 0.115625 0.03515625
534 0.484375 0.14296875 0.109375 0.06640625
534 0.60078125 0.12421875 0.1015625 0.06015625
534 0.72109375 0.1 0.10859375 0.06015625
534 0.7359375 0.171875 0.11328125 0.05546875
534 0.60390625 0.190625 0.09609375 0.05078125
534 0.4984375 0.20703125 0.10546875 0.04609375
534 0.49921875 0.25546875 0.0890625 0.04140625
534 0.60703125 0.23828125 0.08984375 0.0390625
534 0.74375 0.2234375 0.121875 0.04375
534 0.9078125 0.090625 0.184375 0.0625
534 0.91171875 0.15546875 0.16796875 0.04375
534 0.921875 0.20625 0.15625 0.03984375
534 0.66953125 0.484375 0.15859375 0.05859375
534 0.44140625 0.4890625 0.115625 0.06796875
534 0.975 0.46484375 0.05 0.1046875
529 0.721875 0.93125 0.35 0.1125
528 0.96015625 0.7203125 0.0796875 0.08515625
528 0.96015625 0.6390625 0.0796875 0.03046875
531 0.75625 0.715625 0.27578125 0.09375
531 0.48203125 0.6984375 0.19140625 0.07578125
531 0.065625 0.78515625 0.11640625 0.03515625
532 0.26875 0.69296875 0.16484375 0.05859375
532 0.10546875 0.66328125 0.1296875 0.071875
532 0.1359375 0.575 0.12890625 0.02421875
532 0.3140625 0.56328125 0.1765625 0.02109375
532 0.3296875 0.61640625 0.1703125 0.03046875
532 0.434375 0.82578125 0.15859375 0.05078125
532 0.15703125 0.828125 0.14609375 0.04140625
532 0.0890625 0.87265625 0.1640625 0.05
532 0.3421875 0.909375 0.1703125 0.06171875
532 0.28125 0.96875 0.17890625 0.06171875