33 0.58671875 0.3359375 0.08828125 0.08046875
33 0.69140625 0.340625 0.10859375 0.0921875
33 0.7921875 0.34375 0.0796875 0.08984375
33 0.87109375 0.35390625 0.0640625 0.09453125
33 0.928125 0.3546875 0.05390625 0.08203125
33 0.27734375 0.321875 0.1015625 0.08515625
33 0.371875 0.30546875 0.0734375 0.03984375
33 0.14453125 0.50078125 0.10390625 0.12109375
33 0.26171875 0.51171875 0.10390625 0.11484375
33 0.4984375 0.51328125 0.09921875 0.11171875
33 0.5984375 0.51953125 0.09375 0.115625
33 0.6984375 0.51171875 0.0890625 0.0984375
33 0.3078125 0.4296875 0.10390625 0.04296875
33 0.22421875 0.73046875 0.12890625 0.11953125
33 0.359375 0.728125 0.1265625 0.11484375
33 0.0625 0.73984375 0.1140625 0.11484375
33 0.09296875 0.65 0.11875 0.06953125
33 0.2265625 0.6328125 0.10390625 0.06484375
33 0.3671875 0.6484375 0.13359375 0.0453125
33 0.50234375 0.74140625 0.1234375 0.08984375
33 0.62578125 0.74140625 0.10546875 0.0828125
33 0.7234375 0.73046875 0.08046875 0.09453125
33 0.81796875 0.73359375 0.07890625 0.09375
33 0.91640625 0.7328125 0.0765625 0.0921875
33 0.88046875 0.534375 0.08984375 0.084375
33 0.7625 0.65234375 0.12421875 0.0296875
33 0.82578125 0.88828125 0.10625 0.1078125
33 0.91953125 0.859375 0.0734375 0.07265625
33 0.71328125 0.88359375 0.1140625 0.07265625
33 0.55859375 0.87890625 0.13125 0.0828125
33 0.428125 0.8828125 0.10625 0.07890625
33 0.1578125 0.9046875 0.115625 0.08671875
33 0.37578125 0.48984375 0.09140625 0.0421875