969 0.93359375 0.67734375 0.04921875 0.090625
818 0.0484375 0.4625 0.078125 0.09453125
818 0.12578125 0.46328125 0.07890625 0.0890625
818 0.20703125 0.46484375 0.0765625 0.09140625
818 0.284375 0.465625 0.0703125 0.0875
818 0.02421875 0.27421875 0.046875 0.09375
818 0.090625 0.275 0.075 0.09453125
818 0.171875 0.27734375 0.078125 0.09296875
818 0.25625 0.275 0.0796875 0.0953125
818 0.3375 0.27734375 0.075 0.096875
818 0.03125 0.62578125 0.06171875 0.13984375
818 0.10546875 0.6265625 0.07421875 0.1390625
818 0.1859375 0.6296875 0.07109375 0.13671875
818 0.2625 0.6296875 0.0765625 0.134375
818 0.34296875 0.6328125 0.0640625 0.13671875
818 0.415625 0.63359375 0.06171875 0.1390625
969 0.59296875 0.8265625 0.07109375 0.09765625
969 0.66953125 0.83203125 0.06796875 0.09765625
969 0.7484375 0.8328125 0.06640625 0.0953125
969 0.8234375 0.834375 0.06875 0.09921875
969 0.90390625 0.84375 0.084375 0.09453125
969 0.65390625 0.66953125 0.0453125 0.08203125
969 0.70625 0.66875 0.04140625 0.084375
969 0.75546875 0.66953125 0.03828125 0.08515625
969 0.8046875 0.67109375 0.05 0.0890625
969 0.87421875 0.6734375 0.05 0.09140625
969 0.81015625 0.471875 0.04921875 0.08671875
969 0.86796875 0.47265625 0.040625 0.08359375
969 0.9203125 0.47265625 0.05625 0.09375
969 0.97734375 0.475 0.04375 0.08984375
969 0.37265625 0.46796875 0.04375 0.09140625
969 0.41875 0.46796875 0.03828125 0.08984375
969 0.471875 0.46953125 0.05078125 0.090625
969 0.53359375 0.46953125 0.053125 0.0890625
969 0.58671875 0.475 0.040625 0.08515625
969 0.63828125 0.475 0.06015625 0.08359375
969 0.69453125 0.47421875 0.04921875 0.0859375
969 0.7515625 0.47265625 0.05859375 0.08359375
969 0.340625 0.46796875 0.021875 0.08203125
969 0.63046875 0.284375 0.04375 0.0828125
969 0.68359375 0.28203125 0.05390625 0.0828125
969 0.74296875 0.28125 0.053125 0.08671875
969 0.79921875 0.2828125 0.05078125 0.08359375
969 0.85390625 0.28359375 0.05 0.0890625
969 0.909375 0.28515625 0.053125 0.09921875
969 0.971875 0.28203125 0.05390625 0.08828125
969 0.225 0.07109375 0.0515625 0.07578125
969 0.2859375 0.075 0.0515625 0.07734375
969 0.34765625 0.0765625 0.040625 0.07734375
969 0.40546875 0.0703125 0.046875 0.08359375
969 0.46484375 0.0703125 0.05859375 0.08203125
785 0.815625 0.0921875 0.040625 0.0375
785 0.86796875 0.0890625 0.046875 0.03828125
785 0.9359375 0.0921875 0.05625 0.03046875
785 0.40703125 0.28203125 0.0453125 0.0859375
785 0.4640625 0.28203125 0.0515625 0.0828125
785 0.521875 0.2796875 0.05546875 0.08359375
785 0.57578125 0.2828125 0.0515625 0.08359375
785 0.478125 0.66875 0.046875 0.08125
785 0.53359375 0.6671875 0.05 0.08046875
785 0.5875 0.6703125 0.0484375 0.078125