320 0.34296875 0.5265625 0.21484375 0.03125
320 0.35 0.5703125 0.2296875 0.03828125
320 0.3484375 0.628125 0.2015625 0.03359375
320 0.3484375 0.66796875 0.23203125 0.02890625
320 0.278125 0.76171875 0.21484375 0.0234375
320 0.27578125 0.809375 0.2046875 0.0453125
320 0.25859375 0.87578125 0.2140625 0.04296875
320 0.49921875 0.7515625 0.21328125 0.03359375
320 0.49453125 0.80625 0.21640625 0.02421875
320 0.4796875 0.8453125 0.19296875 0.034375
320 0.196875 0.35078125 0.1703125 0.04453125
320 0.21015625 0.39140625 0.178125 0.02890625
320 0.21640625 0.43125 0.165625 0.03828125