828 0.21640625 0.2765625 0.25390625 0.14296875
828 0.47421875 0.28046875 0.23671875 0.07421875
828 0.70703125 0.2828125 0.190625 0.07578125
828 0.490625 0.359375 0.2203125 0.06484375
828 0.23828125 0.41796875 0.2703125 0.13046875
828 0.496875 0.4328125 0.22109375 0.0734375
828 0.72578125 0.42109375 0.20390625 0.07109375
828 0.9015625 0.41484375 0.10390625 0.06171875
828 0.89453125 0.35 0.10859375 0.04375
218 0.26484375 0.97109375 0.1859375 0.0578125
218 0.08359375 0.97734375 0.159375 0.04453125
218 0.52421875 0.9703125 0.078125 0.05859375
218 0.61796875 0.9640625 0.0984375 0.071875
218 0.7140625 0.959375 0.07421875 0.08125