243 0.034375 0.12578125 0.06328125 0.09765625
243 0.096875 0.13125 0.04921875 0.09296875
243 0.16796875 0.1375 0.08046875 0.08984375
243 0.2796875 0.13125 0.109375 0.1140625
243 0.39453125 0.1328125 0.084375 0.13046875
243 0.48828125 0.146875 0.09140625 0.11875
243 0.584375 0.15078125 0.08515625 0.12734375
243 0.67109375 0.16640625 0.071875 0.1078125
243 0.76796875 0.16640625 0.10859375 0.11796875
243 0.878125 0.1765625 0.1015625 0.1078125
243 0.96796875 0.18359375 0.0640625 0.109375
243 0.046875 0.27578125 0.07890625 0.09453125
243 0.13359375 0.2796875 0.07578125 0.0953125
243 0.2140625 0.28671875 0.0703125 0.09140625
243 0.29453125 0.2921875 0.075 0.09375
243 0.0515625 0.38125 0.06953125 0.09765625
243 0.13046875 0.38359375 0.0703125 0.0953125
243 0.209375 0.38984375 0.07109375 0.09375
243 0.2859375 0.3921875 0.06640625 0.09140625
243 0.359375 0.396875 0.06484375 0.0921875
243 0.44375 0.396875 0.08515625 0.10390625
243 0.08203125 0.58203125 0.140625 0.20703125
243 0.23125 0.59296875 0.12890625 0.19296875
243 0.3734375 0.59765625 0.134375 0.19453125
243 0.51328125 0.59453125 0.1234375 0.18828125
243 0.64453125 0.59921875 0.11640625 0.1921875