882 0.84921875 0.3734375 0.11171875 0.05390625
708 0.715625 0.71640625 0.17890625 0.06171875
708 0.92578125 0.746875 0.1484375 0.05390625
708 0.79140625 0.66015625 0.19609375 0.034375
645 0.615625 0.6140625 0.11875 0.040625
645 0.4734375 0.6046875 0.1203125 0.0234375
645 0.52421875 0.66953125 0.10390625 0.03828125
645 0.39921875 0.6515625 0.071875 0.034375
645 0.34921875 0.3734375 0.06875 0.03984375
645 0.2828125 0.371875 0.065625 0.0453125
645 0.2015625 0.36484375 0.06875 0.04296875
534 0.09296875 0.3625 0.0515625 0.046875
534 0.02890625 0.36015625 0.0578125 0.0453125
534 0.828125 0.5375 0.1734375 0.03046875