534 0.08046875 0.171875 0.090625 0.02265625
534 0.07578125 0.19609375 0.0984375 0.01953125
534 0.07578125 0.21796875 0.1046875 0.01953125
534 0.33671875 0.29921875 0.05390625 0.0328125
534 0.40078125 0.296875 0.0546875 0.03515625
534 0.46796875 0.296875 0.0609375 0.02890625
534 0.46640625 0.33125 0.06015625 0.0296875
534 0.39921875 0.33125 0.05546875 0.03046875
534 0.33671875 0.33203125 0.0546875 0.0265625
534 0.3359375 0.3578125 0.0609375 0.01953125
534 0.40234375 0.3578125 0.05546875 0.01953125
534 0.46484375 0.35859375 0.05859375 0.01953125
534 0.546875 0.30703125 0.08125 0.03046875
534 0.65390625 0.30625 0.084375 0.03359375
534 0.75390625 0.30390625 0.0953125 0.02734375
534 0.74921875 0.33203125 0.0796875 0.02265625
534 0.64921875 0.3578125 0.08046875 0.01875
534 0.5484375 0.33828125 0.09375 0.02265625
534 0.553125 0.36015625 0.08203125 0.01796875
534 0.596875 0.48671875 0.071875 0.05390625
534 0.66875 0.48828125 0.05390625 0.05546875
534 0.734375 0.4875 0.06640625 0.059375
534 0.8046875 0.49140625 0.06640625 0.05703125
534 0.40859375 0.4890625 0.08046875 0.03671875
534 0.265625 0.4875 0.07890625 0.0375
882 0.50625 0.15078125 0.084375 0.0328125
882 0.596875 0.14453125 0.08515625 0.0328125
882 0.696875 0.140625 0.084375 0.034375
882 0.79609375 0.13828125 0.0890625 0.02890625
882 0.90859375 0.13203125 0.096875 0.03203125
882 0.98515625 0.12734375 0.0296875 0.0328125
882 0.50390625 0.18046875 0.078125 0.0234375
882 0.59921875 0.17734375 0.09296875 0.0234375
882 0.69453125 0.17421875 0.08125 0.02578125
882 0.790625 0.1703125 0.08828125 0.025
882 0.90546875 0.16640625 0.10859375 0.02109375
882 0.91015625 0.1921875 0.1 0.02109375
882 0.7953125 0.1953125 0.09296875 0.015625
882 0.69453125 0.19921875 0.0796875 0.0171875
882 0.59375 0.20234375 0.08125 0.0171875
882 0.5 0.20546875 0.07421875 0.0171875
530 0.2625 0.3453125 0.075 0.0453125
530 0.125 0.3453125 0.08515625 0.04765625
533 0.14609375 0.48203125 0.084375 0.04296875
528 0.80859375 0.64765625 0.16953125 0.0453125
528 0.6015625 0.62578125 0.13671875 0.0453125
531 0.43203125 0.6203125 0.14453125 0.04921875
531 0.26875 0.615625 0.125 0.0421875
532 0.1078125 0.6171875 0.11796875 0.0296875
532 0.20703125 0.71484375 0.07890625 0.02578125
532 0.053125 0.721875 0.09296875 0.02890625
529 0.3734375 0.74765625 0.18671875 0.03984375
529 0.59765625 0.80234375 0.21015625 0.04921875
529 0.60859375 0.8515625 0.240625 0.046875
529 0.38984375 0.790625 0.0859375 0.034375
534 0.79140625 0.80078125 0.10859375 0.07578125
534 0.9109375 0.8109375 0.11484375 0.0859375
534 0.9140625 0.8828125 0.10859375 0.05390625
534 0.80078125 0.875 0.0984375 0.05390625