280 0.21875 0.56796875 0.18984375 0.15625
280 0.43671875 0.540625 0.17421875 0.09453125
280 0.64453125 0.5484375 0.178125 0.1203125
280 0.84296875 0.55390625 0.19609375 0.12109375
280 0.8203125 0.29921875 0.23125 0.1359375
280 0.5765625 0.2984375 0.18984375 0.1265625
280 0.346875 0.2953125 0.175 0.12421875
280 0.08359375 0.79296875 0.15390625 0.18203125
280 0.28046875 0.78359375 0.16484375 0.18515625
280 0.41796875 0.79140625 0.06875 0.21015625
280 0.5453125 0.778125 0.1203125 0.20234375
280 0.6734375 0.77265625 0.1109375 0.1875
280 0.80703125 0.78046875 0.15 0.1921875