825 0.33984375 0.42421875 0.05546875 0.0625
825 0.3921875 0.41953125 0.05 0.06015625
825 0.43828125 0.41875 0.046875 0.05703125
825 0.49296875 0.41328125 0.0734375 0.06484375
825 0.56171875 0.41015625 0.0546875 0.06640625
825 0.33359375 0.31171875 0.0359375 0.02890625
825 0.365625 0.30390625 0.0359375 0.03046875
825 0.3984375 0.3015625 0.03125 0.028125
825 0.38203125 0.54765625 0.05078125 0.0671875
825 0.43671875 0.55078125 0.053125 0.07421875
825 0.509375 0.5484375 0.046875 0.05625
825 0.409375 0.6828125 0.04921875 0.0546875
825 0.4953125 0.6875 0.046875 0.06875
825 0.54296875 0.69296875 0.04453125 0.0703125
825 0.359375 0.678125 0.03671875 0.05625