766 0.32890625 0.1296875 0.11875 0.07890625
766 0.46015625 0.11484375 0.11640625 0.08671875
766 0.5765625 0.09375 0.078125 0.08984375
766 0.909375 0.0421875 0.18125 0.0765625
766 0.91015625 0.315625 0.1796875 0.084375
766 0.846875 0.4234375 0.16328125 0.05546875
766 0.85390625 0.471875 0.16953125 0.04296875
766 0.859375 0.5328125 0.17421875 0.04453125
766 0.85703125 0.5859375 0.16328125 0.05625
766 0.390625 0.546875 0.11328125 0.03359375
766 0.51953125 0.546875 0.11796875 0.04453125
766 0.39453125 0.58671875 0.11484375 0.0296875
766 0.515625 0.59140625 0.115625 0.03671875
766 0.61953125 0.54921875 0.0703125 0.03828125
766 0.6265625 0.58984375 0.08515625 0.03984375
766 0.6390625 0.66171875 0.06640625 0.065625
766 0.646875 0.71796875 0.08359375 0.03984375
766 0.37578125 0.43515625 0.10859375 0.0359375
766 0.50078125 0.4296875 0.1109375 0.03984375
766 0.61171875 0.425 0.075 0.0546875
766 0.60546875 0.4765625 0.07421875 0.0390625
766 0.50703125 0.471875 0.11171875 0.03984375
766 0.38046875 0.47578125 0.09375 0.03125
766 0.28046875 0.45859375 0.06640625 0.06640625
766 0.26171875 0.36328125 0.059375 0.065625
766 0.35859375 0.3265625 0.1234375 0.04921875
766 0.36953125 0.37421875 0.09609375 0.03515625
766 0.49375 0.3609375 0.134375 0.04140625
766 0.60625 0.31328125 0.08125 0.04609375
766 0.6015625 0.359375 0.0609375 0.03359375
765 0.246875 0.25390625 0.0796875 0.06953125
765 0.3453125 0.2234375 0.109375 0.05
765 0.4765625 0.2109375 0.13828125 0.053125
765 0.59375 0.18828125 0.08671875 0.05
765 0.596875 0.2390625 0.0703125 0.046875
765 0.48828125 0.25 0.13515625 0.02421875
765 0.8265625 0.1765625 0.13984375 0.05
765 0.8203125 0.2265625 0.13359375 0.04296875