651 0.2078125 0.06796875 0.10078125 0.0625
651 0.31171875 0.078125 0.10390625 0.06015625
651 0.2828125 0.01875 0.0875 0.0375
651 0.3734375 0.02734375 0.08359375 0.05078125
651 0.4515625 0.0515625 0.06953125 0.04453125
651 0.51015625 0.1046875 0.059375 0.053125
651 0.746875 0.071875 0.07109375 0.04296875
651 0.72421875 0.12578125 0.0703125 0.06328125
651 0.79140625 0.1390625 0.05859375 0.05
651 0.51796875 0.37578125 0.1 0.1015625
651 0.61015625 0.38359375 0.08359375 0.08984375
651 0.09921875 0.5921875 0.13359375 0.11640625
651 0.21015625 0.5859375 0.08046875 0.10703125
651 0.21015625 0.70703125 0.1203125 0.10625
651 0.07421875 0.721875 0.146875 0.11328125
800 0.57421875 0.0953125 0.06171875 0.08515625
800 0.6484375 0.1046875 0.059375 0.084375
127 0.29453125 0.278125 0.11328125 0.09921875
127 0.3 0.378125 0.11484375 0.09609375
127 0.40546875 0.37890625 0.09375 0.08984375
124 0.04609375 0.25078125 0.0921875 0.1140625
124 0.16484375 0.26171875 0.115625 0.10390625
124 0.05546875 0.3671875 0.11015625 0.10859375
124 0.171875 0.37109375 0.11328125 0.10546875