33 0.56171875 0.19296875 0.140625 0.16953125
33 0.71953125 0.203125 0.14140625 0.159375
33 0.48671875 0.5140625 0.18828125 0.14453125
33 0.684375 0.5296875 0.1765625 0.14296875
33 0.79140625 0.85234375 0.13671875 0.12734375
33 0.93359375 0.8625 0.12421875 0.12734375
33 0.93203125 0.70859375 0.13515625 0.08359375
33 0.78515625 0.7015625 0.16875 0.103125
33 0.5609375 0.396875 0.16328125 0.04609375
33 0.09296875 0.17890625 0.071875 0.1171875
33 0.22265625 0.18359375 0.1484375 0.13359375
33 0.29609375 0.034375 0.159375 0.03984375
33 0.47109375 0.03828125 0.15 0.04140625
33 0.42578125 0.1 0.14609375 0.025
33 0.3484375 0.69921875 0.11484375 0.06796875
33 0.20625 0.7953125 0.1015625 0.10078125
33 0.22890625 0.70234375 0.09140625 0.078125
34 0.865625 0.5390625 0.13671875 0.140625
34 0.975 0.55234375 0.05 0.1484375
35 0.88671875 0.2203125 0.16796875 0.14140625
35 0.8859375 0.06328125 0.17890625 0.03515625
35 0.91015625 0.12578125 0.1796875 0.0265625
33 0.2765625 0.45390625 0.1140625 0.0734375
33 0.1546875 0.42421875 0.11640625 0.0703125
33 0.50078125 0.67890625 0.14921875 0.07265625
33 0.63515625 0.7109375 0.10859375 0.08125
33 0.63984375 0.83671875 0.11875 0.13046875