742 0.04609375 0.57734375 0.090625 0.32421875
742 0.20234375 0.57890625 0.19375 0.340625
742 0.421875 0.55 0.21328125 0.328125
629 0.621875 0.5421875 0.16328125 0.3578125
629 0.80078125 0.52890625 0.16171875 0.353125
629 0.071875 0.121875 0.12421875 0.24296875
742 0.95078125 0.53203125 0.0984375 0.32734375
742 0.22890625 0.11640625 0.1546875 0.2328125
742 0.39609375 0.11796875 0.1609375 0.2359375
742 0.57109375 0.11640625 0.16640625 0.22578125
742 0.7359375 0.1109375 0.14375 0.21796875
742 0.8875 0.1109375 0.13125 0.221875
742 0.9796875 0.1125 0.040625 0.221875