33 0.43125 0.5234375 0.19453125 0.14453125
33 0.19609375 0.5 0.15625 0.16171875
33 0.053125 0.4921875 0.10625 0.1328125
33 0.10625 0.2125 0.12421875 0.1390625
33 0.02421875 0.23515625 0.04609375 0.109375
33 0.25625 0.17734375 0.090625 0.159375
33 0.371875 0.1625 0.10078125 0.171875
33 0.48203125 0.14375 0.11171875 0.16796875
33 0.2109375 0.81484375 0.10625 0.12109375
33 0.32109375 0.84296875 0.0984375 0.12265625
33 0.471875 0.88203125 0.178125 0.128125
33 0.6859375 0.79375 0.13515625 0.12109375
33 0.73515625 0.6890625 0.13515625 0.06875
33 0.05390625 0.65234375 0.1 0.05703125