194 0.54140625 0.5265625 0.14296875 0.0359375
194 0.56171875 0.57578125 0.18515625 0.0359375
194 0.55625 0.6234375 0.1609375 0.040625
194 0.58203125 0.678125 0.19453125 0.0328125
194 0.734375 0.53125 0.19609375 0.03828125
194 0.75703125 0.5828125 0.18515625 0.0359375
194 0.765625 0.63515625 0.203125 0.03671875
194 0.765625 0.684375 0.196875 0.0453125
194 0.578125 0.4125 0.20390625 0.03984375
194 0.57890625 0.36875 0.20546875 0.02109375
194 0.56875 0.3328125 0.1859375 0.0359375
194 0.5703125 0.28984375 0.18359375 0.04375
194 0.7671875 0.27578125 0.175 0.03359375
194 0.76796875 0.33359375 0.18359375 0.03828125
194 0.7734375 0.38359375 0.18125 0.02734375
194 0.7796875 0.41953125 0.2 0.01953125
194 0.59296875 0.86875 0.228125 0.05703125
194 0.609375 0.92265625 0.21875 0.04921875
194 0.82890625 0.83671875 0.2296875 0.034375
194 0.8265625 0.89375 0.21953125 0.046875
194 0.81328125 0.946875 0.20546875 0.0484375