825 0.559375 0.41171875 0.07421875 0.05859375
825 0.6203125 0.40859375 0.0515625 0.06328125
825 0.675 0.403125 0.05390625 0.06171875
825 0.72890625 0.40234375 0.05390625 0.0765625
825 0.82421875 0.39296875 0.06953125 0.07421875
825 0.60703125 0.54921875 0.0734375 0.075
825 0.66953125 0.55390625 0.05546875 0.07578125
825 0.7484375 0.546875 0.06328125 0.06796875
825 0.55078125 0.2890625 0.03515625 0.03359375
825 0.5921875 0.28046875 0.034375 0.0390625
825 0.63125 0.27421875 0.03984375 0.03203125
825 0.58359375 0.68984375 0.05625 0.0640625
825 0.63671875 0.69453125 0.05078125 0.06171875
825 0.69375 0.7015625 0.05 0.06953125
825 0.7484375 0.70625 0.05625 0.0796875
825 0.80546875 0.709375 0.0609375 0.07421875