320 0.403125 0.5328125 0.21796875 0.034375
320 0.40625 0.56640625 0.2 0.03203125
320 0.421875 0.60625 0.20703125 0.03203125
320 0.39921875 0.65 0.1796875 0.028125
320 0.33671875 0.7578125 0.18515625 0.03515625
320 0.33203125 0.79765625 0.2 0.021875
320 0.30625 0.834375 0.18671875 0.04296875
320 0.5359375 0.75703125 0.18203125 0.03671875
320 0.540625 0.81015625 0.184375 0.0328125
320 0.59453125 0.5328125 0.19453125 0.0375
320 0.30078125 0.434375 0.15 0.03203125
320 0.27109375 0.3890625 0.1890625 0.03671875