493 0.0484375 0.20859375 0.09609375 0.04453125
493 0.146875 0.2046875 0.09609375 0.040625
494 0.24453125 0.2015625 0.09375 0.04140625
494 0.34375 0.20546875 0.09375 0.04140625
494 0.4421875 0.2 0.09921875 0.03046875
494 0.44375 0.16484375 0.09609375 0.03984375
494 0.5453125 0.2015625 0.0953125 0.03515625
494 0.646875 0.1984375 0.0890625 0.03828125
494 0.7453125 0.2 0.1 0.03515625
494 0.12109375 0.2765625 0.1296875 0.03515625
494 0.078125 0.3078125 0.13046875 0.0390625
494 0.21640625 0.3171875 0.1109375 0.03984375
494 0.08671875 0.35078125 0.11796875 0.040625
494 0.2140625 0.35078125 0.125 0.0375
494 0.0984375 0.3890625 0.109375 0.03515625
494 0.2234375 0.390625 0.11796875 0.03359375
494 0.134375 0.68125 0.23046875 0.03515625
494 0.153125 0.71015625 0.2484375 0.02109375
494 0.15625 0.734375 0.23671875 0.03125
645 0.325 0.27421875 0.10546875 0.034375
645 0.44453125 0.27265625 0.1234375 0.0375
645 0.56171875 0.2703125 0.1109375 0.03984375
645 0.33046875 0.3140625 0.1046875 0.04375
645 0.44296875 0.3125 0.11875 0.04140625
645 0.56640625 0.31171875 0.11328125 0.03671875
645 0.3375 0.353125 0.10546875 0.03515625
645 0.44453125 0.35546875 0.109375 0.03671875
645 0.559375 0.35 0.10546875 0.0359375
645 0.3390625 0.390625 0.10859375 0.03515625
645 0.45390625 0.3875 0.115625 0.03046875
645 0.56953125 0.3828125 0.10625 0.02890625
496 0.68828125 0.62734375 0.090625 0.053125
496 0.78046875 0.63203125 0.07890625 0.04140625
496 0.8765625 0.63828125 0.0984375 0.04609375
496 0.95078125 0.60078125 0.0546875 0.0453125
496 0.96328125 0.67578125 0.0734375 0.04140625
496 0.69375 0.671875 0.0953125 0.03125
496 0.784375 0.671875 0.08046875 0.034375
496 0.87109375 0.68046875 0.0859375 0.03671875
496 0.69140625 0.70078125 0.07421875 0.02890625
496 0.7796875 0.7046875 0.07578125 0.03046875
496 0.7609375 0.328125 0.10703125 0.0484375
496 0.88359375 0.32890625 0.10546875 0.0359375
496 0.75859375 0.375 0.1140625 0.03359375
496 0.88828125 0.3703125 0.12578125 0.03203125
496 0.85859375 0.2953125 0.10546875 0.0375
495 0.53046875 0.43515625 0.109375 0.0359375
495 0.646875 0.4390625 0.1140625 0.03828125
495 0.75078125 0.4390625 0.09375 0.03671875
495 0.85859375 0.4375 0.11640625 0.03359375
495 0.5421875 0.4765625 0.1015625 0.0390625
495 0.64453125 0.475 0.10390625 0.0359375
495 0.75625 0.47265625 0.10390625 0.03515625
495 0.86171875 0.4734375 0.09375 0.03046875
495 0.54921875 0.51171875 0.09140625 0.0296875
495 0.65546875 0.51015625 0.10625 0.0296875
495 0.76171875 0.503125 0.1015625 0.0265625
495 0.86171875 0.50546875 0.09375 0.03046875
645 0.72890625 0.1640625 0.09296875 0.0328125