430 0.04921875 0.54296875 0.0984375 0.0390625
430 0.05078125 0.58125 0.10078125 0.0171875
430 0.05 0.60390625 0.1 0.025
430 0.0515625 0.63046875 0.103125 0.02421875
430 0.1734375 0.54296875 0.140625 0.03359375
430 0.17109375 0.5703125 0.12109375 0.01328125
430 0.1796875 0.58984375 0.13515625 0.02421875
430 0.178125 0.61640625 0.13828125 0.02421875
430 0.3140625 0.53515625 0.11953125 0.02265625
430 0.31171875 0.55859375 0.11875 0.025
430 0.31484375 0.58984375 0.1234375 0.0265625
430 0.31171875 0.615625 0.11328125 0.0203125
430 0.44140625 0.53359375 0.12421875 0.01328125
430 0.4375 0.55625 0.11953125 0.02265625
430 0.4421875 0.58359375 0.125 0.02421875
430 0.440625 0.6109375 0.128125 0.01953125
430 0.55625 0.5171875 0.096875 0.025
430 0.55703125 0.55 0.1140625 0.02421875
430 0.5609375 0.5875 0.10625 0.01484375
430 0.5609375 0.60703125 0.1046875 0.02109375
430 0.07734375 0.709375 0.1546875 0.01953125
430 0.0734375 0.73515625 0.13203125 0.0203125
430 0.0765625 0.76171875 0.146875 0.0171875
430 0.07890625 0.7890625 0.1515625 0.015625
430 0.22890625 0.72734375 0.146875 0.03515625
430 0.24609375 0.77421875 0.1484375 0.01640625
430 0.246875 0.79921875 0.15546875 0.01796875
430 0.2234375 0.93984375 0.0984375 0.11796875
430 0.10625 0.946875 0.11171875 0.10546875
430 0.0671875 0.43125 0.10859375 0.06875
430 0.37421875 0.746875 0.11484375 0.0859375