51 0.04140625 0.10625 0.08125 0.190625
51 0.14296875 0.1046875 0.10546875 0.18828125
51 0.25625 0.103125 0.11015625 0.19453125
51 0.38046875 0.10546875 0.11875 0.18359375
51 0.5015625 0.10546875 0.11328125 0.19296875
818 0.63828125 0.11484375 0.14609375 0.184375
818 0.79453125 0.11328125 0.13046875 0.18125
818 0.940625 0.11328125 0.11484375 0.17734375
818 0.11640625 0.4546875 0.13359375 0.1625
818 0.01953125 0.4546875 0.0390625 0.153125
818 0.2484375 0.46015625 0.12578125 0.15546875
818 0.38828125 0.46328125 0.13359375 0.159375
818 0.52734375 0.46640625 0.12109375 0.16171875
818 0.6640625 0.46796875 0.12421875 0.16171875
818 0.79765625 0.47109375 0.11875 0.16640625
818 0.94140625 0.4734375 0.11640625 0.16484375