645 0.03203125 0.03046875 0.06015625 0.0265625
645 0.1109375 0.0265625 0.06953125 0.028125
493 0.53828125 0.13359375 0.09140625 0.04375
493 0.64921875 0.1296875 0.109375 0.04765625
493 0.65546875 0.1734375 0.09140625 0.03515625
493 0.5390625 0.17578125 0.08125 0.034375
493 0.646875 0.20703125 0.1 0.021875
493 0.53515625 0.20625 0.09140625 0.021875
493 0.7109375 0.084375 0.0953125 0.0265625
645 0.77890625 0.1953125 0.13828125 0.04296875
645 0.928125 0.19765625 0.14375 0.0453125
874 0.2125 0.2984375 0.0984375 0.03828125
874 0.10859375 0.30078125 0.0859375 0.03828125
874 0.203125 0.3390625 0.0953125 0.0359375
874 0.203125 0.37578125 0.08984375 0.03515625
874 0.10625 0.3359375 0.08203125 0.03046875
874 0.11328125 0.37421875 0.0765625 0.03984375
874 0.03359375 0.33359375 0.06171875 0.0328125
874 0.03359375 0.36796875 0.0640625 0.034375
477 0.49296875 0.55625 0.16171875 0.0640625
477 0.78359375 0.7234375 0.13828125 0.0296875
477 0.77265625 0.753125 0.13359375 0.025
477 0.76875 0.7859375 0.153125 0.0390625
477 0.75078125 0.82734375 0.18203125 0.04375
477 0.4640625 0.7375 0.09375 0.03515625
477 0.41640625 0.6890625 0.08828125 0.0296875
477 0.315625 0.73671875 0.07890625 0.03828125
525 0.61015625 0.746875 0.09375 0.0328125
525 0.59609375 0.77578125 0.13125 0.02421875
525 0.55703125 0.81328125 0.109375 0.046875
524 0.3609375 0.63828125 0.06875 0.02578125
524 0.27421875 0.625 0.06328125 0.02265625
524 0.2921875 0.67109375 0.0609375 0.02734375
524 0.20859375 0.65234375 0.05625 0.03046875
524 0.21328125 0.7171875 0.05546875 0.03984375
524 0.115625 0.6953125 0.075 0.03828125