34 0.5515625 0.3828125 0.13203125 0.08046875
34 0.69609375 0.390625 0.14140625 0.0796875
33 0.82734375 0.3796875 0.1140625 0.11171875
33 0.946875 0.38984375 0.10625 0.1015625
33 0.84296875 0.71015625 0.1546875 0.14765625
33 0.96171875 0.7203125 0.0765625 0.13046875
33 0.32578125 0.68203125 0.13515625 0.1671875
33 0.16640625 0.6703125 0.15546875 0.17578125
33 0.48828125 0.6921875 0.1203125 0.15703125
33 0.61796875 0.69609375 0.125 0.15078125
33 0.49609375 0.5859375 0.103125 0.03203125
33 0.6234375 0.55625 0.13671875 0.03046875
33 0.640625 0.6 0.13203125 0.03359375
34 0.871875 0.9375 0.215625 0.11015625
33 0.6640625 0.95078125 0.1765625 0.078125