33 0.4328125 0.27109375 0.19140625 0.18359375
33 0.853125 0.26015625 0.23515625 0.20703125
33 0.64140625 0.23984375 0.1703125 0.05859375
33 0.6328125 0.284375 0.171875 0.01953125
33 0.26171875 0.215625 0.128125 0.04921875
33 0.265625 0.27421875 0.11640625 0.034375
33 0.2640625 0.321875 0.1140625 0.05
33 0.1484375 0.02421875 0.15390625 0.0484375
33 0.16953125 0.6109375 0.1953125 0.14453125
33 0.2984375 0.4828125 0.2 0.08671875
33 0.02421875 0.59296875 0.04609375 0.17109375
33 0.046875 0.45625 0.09375 0.06796875
33 0.615625 0.5125 0.2109375 0.08671875
33 0.63125 0.63671875 0.2 0.1546875
33 0.85 0.646875 0.18671875 0.17578125
33 0.390625 0.63515625 0.20625 0.12421875
33 0.975 0.6515625 0.05 0.159375
34 0.3109375 0.95078125 0.16953125 0.0984375
34 0.36171875 0.859375 0.15546875 0.08671875
33 0.81640625 0.9359375 0.27421875 0.128125
33 0.134375 0.828125 0.12578125 0.0890625
33 0.240625 0.84375 0.06640625 0.0625