35 0.64140625 0.20546875 0.1703125 0.15
35 0.815625 0.225 0.16640625 0.13359375
35 0.63203125 0.03984375 0.178125 0.04140625
35 0.85078125 0.05 0.21953125 0.046875
33 0.96953125 0.22109375 0.0609375 0.15703125
33 0.95078125 0.88359375 0.0984375 0.16953125
33 0.95390625 0.72734375 0.09140625 0.07890625
34 0.82578125 0.55390625 0.15625 0.15234375
34 0.95546875 0.55390625 0.0890625 0.1484375
34 0.659375 0.53671875 0.1390625 0.14921875
33 0.459375 0.19375 0.153125 0.15703125
33 0.30546875 0.1765625 0.13515625 0.165625
33 0.47578125 0.5203125 0.16015625 0.15078125
33 0.284375 0.51328125 0.171875 0.14296875
33 0.77421875 0.88046875 0.140625 0.12578125
33 0.61640625 0.8703125 0.1453125 0.13515625
33 0.78359375 0.71171875 0.14609375 0.07578125
33 0.6234375 0.70703125 0.1515625 0.09140625
33 0.3765625 0.39140625 0.16015625 0.05
33 0.17734375 0.70390625 0.125 0.0734375
33 0.0390625 0.81171875 0.0703125 0.11875
33 0.046875 0.703125 0.09375 0.0828125
33 0.02890625 0.175 0.05625 0.13359375
33 0.28671875 0.8375 0.153125 0.13359375
33 0.4609375 0.85546875 0.15 0.13984375
33 0.47109375 0.71640625 0.11484375 0.0890625
33 0.3359375 0.68671875 0.1390625 0.07734375
33 0.07109375 0.45390625 0.1296875 0.0671875