534 0.10390625 0.0296875 0.1390625 0.040625
534 0.76796875 0.1046875 0.1203125 0.065625
534 0.921875 0.0875 0.13203125 0.07421875
534 0.92109375 0.1625 0.13828125 0.053125
534 0.77109375 0.17421875 0.10859375 0.053125
534 0.91328125 0.2171875 0.1203125 0.040625
534 0.7765625 0.22421875 0.10703125 0.0375
534 0.91796875 0.47265625 0.1609375 0.06328125
534 0.63984375 0.46953125 0.12421875 0.07421875
530 0.63046875 0.2140625 0.14296875 0.07421875
530 0.37421875 0.23828125 0.13046875 0.08046875
533 0.4390625 0.46875 0.1546875 0.07890625
531 0.65390625 0.69296875 0.24453125 0.08984375
531 0.9015625 0.70859375 0.19140625 0.08984375
531 0.1140625 0.78515625 0.146875 0.04609375
531 0.06484375 0.83515625 0.121875 0.04453125
531 0.25078125 0.76875 0.11640625 0.0375
532 0.60078125 0.8234375 0.20625 0.06640625
532 0.2984375 0.828125 0.22421875 0.05234375
532 0.25546875 0.86953125 0.25546875 0.04453125
532 0.178125 0.93125 0.26796875 0.09765625
532 0.49296875 0.90703125 0.1703125 0.06953125
532 0.45078125 0.96875 0.18515625 0.06171875
532 0.2265625 0.65234375 0.16875 0.07109375
532 0.4203125 0.684375 0.16640625 0.059375
532 0.46328125 0.55078125 0.18515625 0.02421875
532 0.27421875 0.57890625 0.153125 0.02578125
532 0.46015625 0.5875 0.19609375 0.021875
529 0.859375 0.91484375 0.271875 0.10390625