116 0.04453125 0.22265625 0.0890625 0.121875
116 0.1296875 0.221875 0.06640625 0.1234375
116 0.02578125 0.42890625 0.03828125 0.17890625
116 0.10078125 0.42734375 0.0953125 0.1765625
116 0.20546875 0.42421875 0.08359375 0.19453125
116 0.3015625 0.4265625 0.0890625 0.1859375
116 0.4 0.42265625 0.0890625 0.17421875
116 0.5015625 0.41875 0.09453125 0.17109375
116 0.596875 0.42734375 0.08125 0.165625
116 0.67421875 0.42578125 0.075 0.16015625
116 0.7578125 0.425 0.0703125 0.16484375
116 0.83828125 0.41953125 0.06328125 0.16796875
116 0.921875 0.4203125 0.071875 0.1625
116 0.203125 0.21875 0.06484375 0.13203125
116 0.2734375 0.2203125 0.05703125 0.12734375
116 0.34375 0.225 0.05 0.13359375
116 0.4046875 0.2234375 0.0609375 0.12578125
116 0.471875 0.22109375 0.059375 0.128125
116 0.540625 0.2203125 0.05546875 0.13125
116 0.61484375 0.2203125 0.05546875 0.134375
116 0.684375 0.21796875 0.059375 0.12890625
116 0.75390625 0.21484375 0.06328125 0.1375
116 0.8296875 0.21875 0.06484375 0.12734375
116 0.903125 0.21640625 0.05703125 0.12890625
116 0.96953125 0.21640625 0.0609375 0.13359375
116 0.18543928125 0.637713853125 0.1632133484375 0.57102794375 0.008671343750000001 0.5912277046875001 0.0323263375 0.7030106484374999 0.18543928125 0.637713853125
116 0.0619610390625 0.7919252640625001 0.24964811718750002 0.6766140234375 0.2187579859375 0.617838115625 0.0249175671875 0.7071784625 0.0619610390625 0.7919252640625001
116 0.07430886406250001 0.784978803125 0.0940654578125 0.8794507156250001 0.2768132921875 0.7363535765625 0.27928281875 0.7405214953125 0.261995940625 0.6668890203125 0.07430886406250001 0.784978803125
116 0.0953125 0.90859375 0.16484375 0.07734375