33 0.8828125 0.3234375 0.234375 0.19765625
33 0.5078125 0.690625 0.22421875 0.15546875
33 0.3140625 0.67421875 0.16328125 0.19140625
33 0.66328125 0.26015625 0.140625 0.04375
33 0.64140625 0.34765625 0.13046875 0.05390625
33 0.765625 0.72265625 0.24609375 0.16640625
33 0.95703125 0.7234375 0.0859375 0.17578125
33 0.93828125 0.57890625 0.1234375 0.09765625
33 0.79453125 0.58515625 0.10546875 0.10703125
33 0.63359375 0.5421875 0.1796875 0.1046875
33 0.34921875 0.4984375 0.146875 0.04140625
34 0.13828125 0.6734375 0.1640625 0.16484375
34 0.025 0.665625 0.04921875 0.15
34 0.60859375 0.9484375 0.1609375 0.103125
33 0.34375 0.93828125 0.16796875 0.121875