213 0.0359375 0.18359375 0.071875 0.09296875
213 0.12734375 0.19140625 0.08671875 0.08984375
213 0.221875 0.2015625 0.090625 0.071875
213 0.3078125 0.21171875 0.07109375 0.07265625
213 0.3875 0.2234375 0.0703125 0.071875
278 0.09453125 0.5578125 0.1265625 0.12265625
278 0.21953125 0.54375 0.11015625 0.12578125
278 0.33359375 0.53671875 0.109375 0.11796875
278 0.503125 0.52421875 0.090625 0.10390625
278 0.5921875 0.5171875 0.090625 0.08203125
278 0.67421875 0.51171875 0.0640625 0.08828125
896 0.3234375 0.9421875 0.0953125 0.08515625
896 0.415625 0.91796875 0.078125 0.0921875
896 0.5015625 0.89375 0.06953125 0.08203125
896 0.56796875 0.878125 0.0546875 0.075
896 0.61953125 0.85546875 0.040625 0.06484375
896 0.66875 0.83984375 0.04609375 0.06171875
896 0.728125 0.8296875 0.065625 0.06875
599 0.80078125 0.80625 0.05703125 0.05703125
599 0.86171875 0.7921875 0.05 0.06640625
599 0.90703125 0.7859375 0.0484375 0.05703125
599 0.95078125 0.775 0.0296875 0.05625