51 0.0890625 0.09375 0.15859375 0.1875
51 0.25078125 0.09921875 0.14140625 0.19375
51 0.3890625 0.1046875 0.11640625 0.19921875
51 0.5140625 0.10859375 0.11328125 0.20546875
51 0.06328125 0.49375 0.11171875 0.215625
51 0.1953125 0.48203125 0.12421875 0.196875
51 0.32421875 0.48828125 0.10390625 0.19375
51 0.44296875 0.48046875 0.11328125 0.18671875
51 0.55859375 0.471875 0.0984375 0.17578125
51 0.0359375 0.834375 0.071875 0.234375
51 0.1453125 0.81171875 0.11015625 0.21015625
51 0.2640625 0.7984375 0.1140625 0.20390625
51 0.38125 0.78125 0.10703125 0.190625
51 0.48671875 0.76796875 0.0890625 0.18125
51 0.78359375 0.13125 0.0984375 0.16953125
51 0.88671875 0.13984375 0.09375 0.16171875
51 0.9703125 0.1421875 0.059375 0.15859375
51 0.78828125 0.4625 0.09140625 0.15859375
51 0.8859375 0.45859375 0.0890625 0.15625
51 0.9703125 0.453125 0.059375 0.146875
51 0.76640625 0.77265625 0.0609375 0.14765625
51 0.840625 0.76328125 0.075 0.1453125
51 0.9203125 0.75 0.06875 0.14765625
51 0.9796875 0.7421875 0.040625 0.15