33 0.3625 0.75 0.125 0.1171875
33 0.51953125 0.75390625 0.14296875 0.12578125
33 0.65859375 0.7453125 0.13046875 0.12109375
33 0.20625 0.74609375 0.1265625 0.13046875
33 0.0640625 0.74609375 0.1203125 0.14765625
33 0.2203125 0.63046875 0.11328125 0.06640625
33 0.37265625 0.65859375 0.11484375 0.06328125
33 0.4984375 0.646875 0.13046875 0.06484375
33 0.62890625 0.6578125 0.1203125 0.04765625
33 0.80859375 0.759375 0.128125 0.090625
33 0.93671875 0.759375 0.11328125 0.09453125
33 0.10390625 0.6296875 0.09453125 0.05703125
33 0.859375 0.90625 0.13828125 0.0859375
33 0.73046875 0.915625 0.10078125 0.10078125
33 0.15390625 0.9296875 0.1515625 0.08515625
33 0.884375 0.3234375 0.10703125 0.09765625
33 0.97265625 0.32265625 0.0546875 0.09921875
33 0.57109375 0.3078125 0.10390625 0.08359375
33 0.2109375 0.29453125 0.11796875 0.07734375
33 0.159375 0.50703125 0.1015625 0.12421875
33 0.0390625 0.5046875 0.078125 0.1078125
33 0.42734375 0.49609375 0.11875 0.13828125
33 0.54453125 0.509375 0.11171875 0.13984375
33 0.79296875 0.51640625 0.128125 0.12265625
33 0.91328125 0.5203125 0.09609375 0.1171875