243 0.23046875 0.33203125 0.09609375 0.08515625
243 0.3359375 0.33046875 0.07109375 0.09375
243 0.4234375 0.32890625 0.09453125 0.09296875
243 0.5140625 0.33046875 0.07109375 0.09140625
243 0.590625 0.33828125 0.065625 0.078125
243 0.67109375 0.33984375 0.04453125 0.0703125
243 0.74609375 0.33046875 0.090625 0.08671875
243 0.82890625 0.33359375 0.06015625 0.0828125
243 0.89921875 0.33203125 0.0734375 0.08359375
243 0.971875 0.3203125 0.05546875 0.11171875
243 0.05390625 0.34765625 0.08828125 0.06328125
243 0.14453125 0.35234375 0.05625 0.05078125
243 0.23125 0.47265625 0.08828125 0.08671875
243 0.32109375 0.47734375 0.075 0.08515625
243 0.4390625 0.47578125 0.09921875 0.08828125
243 0.56171875 0.48046875 0.096875 0.0890625
243 0.6484375 0.4796875 0.065625 0.08984375
243 0.72890625 0.47890625 0.07578125 0.0859375
243 0.8078125 0.48046875 0.0640625 0.08203125
243 0.88828125 0.4828125 0.07890625 0.08359375
243 0.96640625 0.48359375 0.06640625 0.0875
243 0.0671875 0.57734375 0.07890625 0.1
243 0.1484375 0.57421875 0.0703125 0.09609375
243 0.23203125 0.57109375 0.0859375 0.1015625
243 0.31953125 0.5765625 0.06875 0.10390625
243 0.3984375 0.575 0.0703125 0.10390625
243 0.48203125 0.58046875 0.0640625 0.0984375
243 0.55859375 0.58203125 0.0734375 0.09921875
243 0.646875 0.5828125 0.078125 0.10078125
243 0.73359375 0.58359375 0.08515625 0.10703125
243 0.8234375 0.58515625 0.07109375 0.1078125
243 0.9109375 0.58671875 0.08671875 0.10390625
243 0.9828125 0.5859375 0.034375 0.103125
243 0.02265625 0.7921875 0.0453125 0.18671875
243 0.0984375 0.79921875 0.08828125 0.18359375
243 0.19609375 0.80078125 0.08828125 0.18203125
243 0.29296875 0.80703125 0.0953125 0.18203125
243 0.39921875 0.8078125 0.09375 0.1859375
243 0.5109375 0.815625 0.1015625 0.19375
243 0.6078125 0.81875 0.07890625 0.19296875
243 0.7296875 0.815625 0.1546875 0.21796875
243 0.9015625 0.82109375 0.15859375 0.22890625
243 0.2164194984375 0.2525457921875 0.21703700312500002 0.253333334375 0.060836915625 0.2992260140625 0.1112159484375 0.32339971093750003 0.2549446875 0.2767194890625 0.2164194984375 0.2525457921875