534 0.0890625 0.0390625 0.15859375 0.04296875
534 0.2765625 0.02734375 0.18828125 0.04296875
534 0.27734375 0.065625 0.1765625 0.040625
534 0.09453125 0.08046875 0.15703125 0.03515625
534 0.74609375 0.1828125 0.103125 0.053125
534 0.86171875 0.18203125 0.09375 0.046875
534 0.96328125 0.17109375 0.0734375 0.05390625
534 0.7515625 0.2390625 0.08828125 0.05
534 0.86875 0.2359375 0.10546875 0.04765625
534 0.96171875 0.23046875 0.07109375 0.046875
534 0.75390625 0.28671875 0.0984375 0.0375
534 0.86796875 0.28046875 0.0984375 0.0328125
534 0.965625 0.2796875 0.06875 0.0375
534 0.6453125 0.4984375 0.146875 0.05859375
534 0.88828125 0.4953125 0.17578125 0.059375
530 0.61953125 0.27421875 0.14921875 0.0765625
530 0.37890625 0.2875 0.140625 0.07265625
533 0.44453125 0.50390625 0.1453125 0.06328125
532 0.20390625 0.609375 0.20546875 0.01875
532 0.228125 0.6265625 0.1765625 0.01328125
532 0.23359375 0.6453125 0.1765625 0.01796875
532 0.22109375 0.6640625 0.175 0.01875
532 0.20390625 0.7046875 0.18125 0.06328125
532 0.42109375 0.721875 0.21171875 0.0484375
532 0.4390625 0.65703125 0.18984375 0.02109375
532 0.4515625 0.6375 0.1953125 0.01875
532 0.45703125 0.62109375 0.1890625 0.0171875
532 0.45859375 0.6015625 0.190625 0.01640625
532 0.44140625 0.58203125 0.19296875 0.0171875
532 0.60625 0.8484375 0.24296875 0.04453125
532 0.5890625 0.89140625 0.23984375 0.04296875
532 0.60703125 0.9421875 0.31328125 0.0578125
532 0.32421875 0.86015625 0.22421875 0.02578125
532 0.29140625 0.8921875 0.2609375 0.04296875
532 0.26796875 0.94453125 0.28359375 0.0546875
532 0.6140625 0.98671875 0.33046875 0.02578125
532 0.259375 0.984375 0.334375 0.03046875
529 0.88515625 0.90234375 0.2296875 0.0703125
529 0.9046875 0.97109375 0.190625 0.0578125
531 0.18203125 0.8125 0.1984375 0.03203125
531 0.1671875 0.834375 0.18984375 0.01328125
531 0.109375 0.8484375 0.1890625 0.015625
531 0.078125 0.8765625 0.146875 0.03984375
531 0.05703125 0.921875 0.10859375 0.04765625
531 0.66953125 0.7046875 0.22890625 0.06640625
531 0.909375 0.696875 0.18046875 0.06796875