33 0.35625 0.9046875 0.41484375 0.190625
33 0.81484375 0.9140625 0.3703125 0.16875
33 0.86171875 0.7125 0.2765625 0.20859375
33 0.54375 0.65703125 0.3015625 0.18515625
33 0.95390625 0.37734375 0.09140625 0.3265625
33 0.7890625 0.3390625 0.2 0.07421875
33 0.77109375 0.44921875 0.19609375 0.09296875
33 0.8734375 0.115625 0.209375 0.05703125
33 0.57578125 0.18515625 0.2859375 0.06796875
33 0.53046875 0.26796875 0.31875 0.05859375
33 0.50859375 0.39375 0.30625 0.05703125
33 0.265625 0.19375 0.259375 0.084375
33 0.24609375 0.4125 0.21953125 0.0703125
33 0.2640625 0.58828125 0.21875 0.11640625
33 0.1046875 0.71796875 0.2015625 0.12890625