33 0.11015625 0.31875 0.1015625 0.0921875
33 0.02734375 0.32109375 0.05 0.0796875
33 0.21796875 0.315625 0.10703125 0.09921875
33 0.3546875 0.31796875 0.090625 0.09765625
33 0.43984375 0.3203125 0.0640625 0.1046875
33 0.515625 0.31875 0.0796875 0.08828125
33 0.0296875 0.5140625 0.059375 0.11796875
33 0.12109375 0.5125 0.11953125 0.12109375
33 0.253125 0.51328125 0.121875 0.1234375
33 0.28984375 0.74140625 0.103125 0.128125
33 0.39140625 0.74921875 0.09609375 0.1234375
33 0.50546875 0.74921875 0.09609375 0.109375
33 0.26484375 0.9265625 0.13359375 0.12265625
33 0.1046875 0.90625 0.128125 0.09609375
33 0.3984375 0.9375 0.121875 0.1203125
33 0.5375 0.89765625 0.1109375 0.0859375