534 0.93203125 0.43515625 0.13515625 0.11328125
534 0.67421875 0.44375 0.14921875 0.0921875
533 0.50390625 0.4421875 0.1484375 0.09296875
531 0.76640625 0.73125 0.23515625 0.12421875
531 0.35703125 0.76484375 0.09609375 0.04921875
531 0.44453125 0.73671875 0.07421875 0.04609375
531 0.2609375 0.7890625 0.07578125 0.06328125
531 0.178125 0.8234375 0.0703125 0.06953125
531 0.0984375 0.75078125 0.07109375 0.04609375
531 0.3078125 0.7125 0.1203125 0.0421875
528 0.1765625 0.6671875 0.06796875 0.04140625
528 0.0859375 0.69765625 0.07109375 0.040625
528 0.075 0.65859375 0.06328125 0.03125
532 0.54921875 0.68203125 0.14609375 0.078125
532 0.42421875 0.62578125 0.1 0.06328125
532 0.7890625 0.85 0.1703125 0.075
532 0.58359375 0.94140625 0.178125 0.10703125
532 0.4015625 0.83984375 0.13515625 0.07421875
534 0.68203125 0.075 0.14140625 0.06328125