243 0.03203125 0.3609375 0.06015625 0.10078125
243 0.109375 0.36484375 0.07421875 0.0984375
243 0.20625 0.36953125 0.10078125 0.09921875
243 0.2984375 0.3765625 0.0734375 0.0984375
243 0.36875 0.38515625 0.059375 0.0828125
243 0.43125 0.38984375 0.05703125 0.075
243 0.5109375 0.38359375 0.084375 0.090625
243 0.5875 0.39140625 0.0640625 0.08046875
243 0.65859375 0.39296875 0.06796875 0.0875
243 0.77890625 0.38203125 0.128125 0.1140625
243 0.89609375 0.38203125 0.09140625 0.12421875
243 0.97421875 0.39140625 0.0515625 0.109375
243 0.0171875 0.5125 0.034375 0.07890625
243 0.07890625 0.51171875 0.0796875 0.07890625
243 0.19453125 0.515625 0.09140625 0.084375
243 0.315625 0.52109375 0.08203125 0.0921875
243 0.4 0.5234375 0.06171875 0.09296875
243 0.47890625 0.52578125 0.0734375 0.09296875
243 0.55390625 0.52890625 0.0546875 0.08828125
243 0.62578125 0.53125 0.06875 0.08671875
243 0.70546875 0.534375 0.0734375 0.08671875
243 0.79765625 0.540625 0.08828125 0.0890625
243 0.053125 0.60859375 0.07890625 0.10234375
243 0.1390625 0.61484375 0.07421875 0.10390625
243 0.221875 0.621875 0.071875 0.09921875
243 0.3015625 0.6265625 0.0734375 0.0984375
243 0.3859375 0.6296875 0.0703125 0.10234375
243 0.471875 0.6296875 0.0796875 0.09921875
243 0.553125 0.63359375 0.06796875 0.1015625
243 0.63359375 0.6359375 0.06953125 0.103125
243 0.71484375 0.640625 0.06953125 0.10390625
243 0.790625 0.6453125 0.0609375 0.09765625
243 0.86796875 0.65 0.07890625 0.1046875
243 0.9578125 0.64765625 0.084375 0.1171875
243 0.02734375 0.840625 0.0546875 0.19140625
243 0.11328125 0.84765625 0.09609375 0.19453125
243 0.2203125 0.85859375 0.0953125 0.18984375
243 0.31640625 0.8625 0.0734375 0.19375
243 0.43359375 0.85625 0.13671875 0.21953125
243 0.590625 0.8640625 0.146875 0.22421875
243 0.74921875 0.8703125 0.14609375 0.22734375
243 0.91484375 0.8765625 0.14375 0.23046875