33 0.2546875 0.3859375 0.13828125 0.11171875
33 0.39609375 0.38359375 0.13125 0.10703125
33 0.5140625 0.37734375 0.10703125 0.13203125
33 0.61796875 0.375 0.09375 0.12734375
33 0.0515625 0.37421875 0.0953125 0.14609375
33 0.0640625 0.2765625 0.11484375 0.04609375
33 0.85625 0.61640625 0.11953125 0.12421875
33 0.96171875 0.60703125 0.0765625 0.12578125
33 0.8015625 0.5234375 0.1453125 0.0421875
34 0.73359375 0.62421875 0.10859375 0.10546875
34 0.61328125 0.6390625 0.10703125 0.09375
34 0.48046875 0.64453125 0.1453125 0.128125
34 0.31484375 0.6484375 0.140625 0.11484375
34 0.0890625 0.05078125 0.153125 0.10078125
33 0.24609375 0.05546875 0.1203125 0.11015625
33 0.3734375 0.05546875 0.128125 0.11015625
33 0.5140625 0.06328125 0.10703125 0.10390625
33 0.62734375 0.07109375 0.09921875 0.10703125
35 0.734375 0.08515625 0.103125 0.10703125
35 0.85625 0.09140625 0.10546875 0.11328125
33 0.1421875 0.86640625 0.140625 0.08359375
33 0.31328125 0.82578125 0.14453125 0.08828125
33 0.46875 0.8125 0.159375 0.07890625
33 0.76953125 0.83671875 0.10546875 0.075
33 0.15390625 0.5375 0.10859375 0.04375
33 0.95859375 0.7625 0.08203125 0.06640625
34 0.92109375 0.8203125 0.14921875 0.04609375
34 0.96484375 0.90234375 0.0703125 0.11640625