430 0.3921875 0.52265625 0.1390625 0.028125
430 0.38671875 0.55234375 0.13046875 0.0203125
430 0.38671875 0.575 0.11171875 0.0140625
430 0.39140625 0.6015625 0.13515625 0.02421875
430 0.38828125 0.621875 0.1359375 0.01484375
430 0.51640625 0.5203125 0.10390625 0.02578125
430 0.5140625 0.5515625 0.11015625 0.02421875
430 0.52265625 0.59921875 0.10546875 0.02109375
430 0.5171875 0.61796875 0.1015625 0.01171875
430 0.24453125 0.52109375 0.125 0.02734375
430 0.253125 0.55703125 0.12890625 0.03125
430 0.24921875 0.58828125 0.11640625 0.021875
430 0.246875 0.6171875 0.1359375 0.0265625
430 0.103125 0.634375 0.14375 0.0203125
430 0.09609375 0.60859375 0.11953125 0.01875
430 0.09921875 0.5828125 0.134375 0.02734375
430 0.1015625 0.55078125 0.14921875 0.02734375
430 0.1515625 0.7265625 0.16328125 0.02109375
430 0.15390625 0.7671875 0.17578125 0.02109375
430 0.16328125 0.79296875 0.18984375 0.0203125
430 0.14140625 0.95078125 0.1140625 0.09765625
320 0.60703125 0.68828125 0.159375 0.02421875
320 0.596875 0.72265625 0.14609375 0.02734375
320 0.60625 0.75625 0.13828125 0.03046875
320 0.75234375 0.67890625 0.13359375 0.02578125
320 0.73515625 0.728125 0.11875 0.0421875
320 0.6421875 0.5328125 0.10859375 0.034375
320 0.64140625 0.56640625 0.121875 0.02109375
320 0.646875 0.603125 0.11328125 0.0296875