708 0.67890625 0.10703125 0.1015625 0.0359375
708 0.79296875 0.09921875 0.1109375 0.03984375
708 0.92109375 0.0859375 0.12578125 0.03359375
477 0.36015625 0.0796875 0.08203125 0.0296875
477 0.4484375 0.06640625 0.09296875 0.03203125
477 0.55234375 0.05234375 0.10078125 0.0359375
477 0.365625 0.11171875 0.096875 0.03359375
477 0.46875 0.10234375 0.09609375 0.03671875
477 0.56953125 0.090625 0.0984375 0.03671875
477 0.37734375 0.140625 0.08671875 0.02109375
477 0.471875 0.1328125 0.090625 0.02109375
477 0.57421875 0.121875 0.0953125 0.0234375
477 0.75078125 0.6234375 0.1859375 0.04453125
477 0.75390625 0.56484375 0.178125 0.01875
477 0.5234375 0.571875 0.18828125 0.0171875
477 0.69609375 0.7765625 0.10625 0.02734375
477 0.703125 0.80234375 0.10859375 0.02734375
477 0.71640625 0.8328125 0.1359375 0.03515625
477 0.71953125 0.86171875 0.134375 0.0234375
477 0.71953125 0.8890625 0.12109375 0.02734375
477 0.85390625 0.83125 0.134375 0.03359375
477 0.83828125 0.80234375 0.12421875 0.0265625
477 0.5515625 0.5984375 0.18828125 0.0125
524 0.478125 0.73671875 0.09296875 0.02109375
524 0.58359375 0.7375 0.10390625 0.02578125
524 0.47421875 0.75703125 0.09375 0.021875
524 0.5796875 0.76015625 0.103125 0.0203125
524 0.46796875 0.78125 0.10625 0.021875
524 0.578125 0.78046875 0.10859375 0.02265625
524 0.46171875 0.80546875 0.1046875 0.025
524 0.578125 0.80703125 0.10859375 0.02734375
524 0.5765625 0.8375 0.11953125 0.0328125
524 0.44375 0.8359375 0.11953125 0.03203125
524 0.09609375 0.8203125 0.1015625 0.0484375
645 0.9421875 0.27890625 0.115625 0.0328125
645 0.390625 0.621875 0.12890625 0.03203125
645 0.6984375 0.2375 0.09609375 0.04140625
645 0.8125 0.22890625 0.10546875 0.040625
645 0.70625 0.2765625 0.08984375 0.02734375
645 0.81328125 0.26640625 0.09296875 0.02890625
645 0.71171875 0.3 0.09375 0.01796875
645 0.81953125 0.29609375 0.09453125 0.0234375
494 0.36953125 0.409375 0.11171875 0.03671875
494 0.24375 0.41875 0.11640625 0.03671875
494 0.12578125 0.4265625 0.10625 0.03359375
494 0.03359375 0.43671875 0.06640625 0.03359375
494 0.0390625 0.4703125 0.078125 0.034375
494 0.140625 0.46484375 0.1015625 0.0375
494 0.2546875 0.45859375 0.1046875 0.0328125
494 0.37421875 0.44921875 0.1109375 0.03515625
494 0.38203125 0.48671875 0.11171875 0.03125
494 0.265625 0.4953125 0.10390625 0.03203125
494 0.14921875 0.5015625 0.1046875 0.03125
494 0.04921875 0.5046875 0.0984375 0.028125
494 0.0890625 0.1328125 0.0859375 0.03203125
494 0.20234375 0.1296875 0.08515625 0.02890625
494 0.19921875 0.15703125 0.08828125 0.01953125
494 0.09453125 0.1640625 0.084375 0.02109375