79 0.56875 0.7796875 0.196875 0.15234375
79 0.76171875 0.77734375 0.16484375 0.14375
79 0.93046875 0.79140625 0.13046875 0.15390625
79 0.93359375 0.52421875 0.12421875 0.13828125
79 0.746875 0.5125 0.18515625 0.1453125
79 0.5671875 0.49765625 0.1703125 0.14375
79 0.65078125 0.1828125 0.115625 0.06640625
956 0.075 0.16875 0.09375 0.19609375
956 0.16171875 0.17421875 0.06796875 0.18671875
956 0.24296875 0.19140625 0.08203125 0.17421875
956 0.32890625 0.1890625 0.08828125 0.15859375
956 0.06796875 0.46328125 0.09296875 0.16015625
956 0.16328125 0.4671875 0.08984375 0.16328125
956 0.26328125 0.46796875 0.09921875 0.16015625
956 0.2890625 0.7390625 0.109375 0.16484375
956 0.16484375 0.73984375 0.1390625 0.16953125
956 0.04609375 0.7390625 0.09140625 0.15390625