194 0.8421875 0.53671875 0.20703125 0.05546875
194 0.82890625 0.590625 0.175 0.03828125
194 0.83125 0.6328125 0.18359375 0.02578125
194 0.84609375 0.66953125 0.19296875 0.021875
194 0.709375 0.68359375 0.13671875 0.028125
194 0.69453125 0.64453125 0.10859375 0.03125
194 0.6828125 0.6015625 0.1140625 0.01953125
194 0.684375 0.56796875 0.12109375 0.01953125
194 0.70703125 0.41328125 0.19609375 0.04375
194 0.7 0.3671875 0.16015625 0.04140625
194 0.88671875 0.42578125 0.146875 0.0234375
194 0.88203125 0.38671875 0.15703125 0.034375
194 0.865625 0.3484375 0.15546875 0.02578125
194 0.72578125 0.81484375 0.17890625 0.02421875
194 0.7265625 0.84453125 0.17578125 0.03203125
194 0.73203125 0.88515625 0.16640625 0.02109375
194 0.73203125 0.928125 0.1796875 0.03984375
194 0.9078125 0.80703125 0.13671875 0.03515625
194 0.90625 0.853125 0.16484375 0.02890625
194 0.91484375 0.8953125 0.1609375 0.02734375