465 0.07890625 0.2046875 0.1578125 0.2125
465 0.2515625 0.21015625 0.16328125 0.1796875
465 0.409375 0.20390625 0.15 0.146875
465 0.56171875 0.19921875 0.140625 0.15390625
465 0.69140625 0.2078125 0.109375 0.1125
465 0.21328125 0.715625 0.128125 0.11875
465 0.365625 0.709375 0.14375 0.1125
465 0.51796875 0.68984375 0.1453125 0.09765625
465 0.73515625 0.6046875 0.1296875 0.06953125
465 0.60859375 0.61171875 0.0984375 0.05703125
465 0.7859375 0.3984375 0.1265625 0.1703125
465 0.65234375 0.415625 0.11875 0.17734375
465 0.51328125 0.43359375 0.1109375 0.1890625
465 0.38125 0.44296875 0.12578125 0.16953125
465 0.2484375 0.45703125 0.12578125 0.18046875
465 0.11171875 0.45703125 0.1234375 0.19765625
765 0.3484375 0.91640625 0.1390625 0.11015625
765 0.49453125 0.896875 0.1234375 0.10625
765 0.65234375 0.87734375 0.14296875 0.12890625
765 0.82265625 0.853125 0.13828125 0.11875