430 0.1609375 0.5515625 0.15859375 0.04296875
430 0.1640625 0.5890625 0.14609375 0.0296875
430 0.16015625 0.615625 0.14296875 0.021875
430 0.16328125 0.63828125 0.14921875 0.01875
430 0.31640625 0.53125 0.13828125 0.02578125
430 0.3203125 0.5625 0.15390625 0.03359375
430 0.3140625 0.5953125 0.1515625 0.03046875
430 0.32109375 0.63046875 0.15859375 0.03359375
430 0.46640625 0.528125 0.13671875 0.0296875
430 0.465625 0.56015625 0.13125 0.02890625
430 0.46796875 0.60625 0.13828125 0.02265625
430 0.4609375 0.63203125 0.12890625 0.028125
430 0.08125 0.76875 0.146875 0.06171875
430 0.08203125 0.83125 0.15 0.0625
320 0.61015625 0.534375 0.1390625 0.02890625
320 0.61953125 0.575 0.15 0.03671875
320 0.621875 0.61796875 0.15390625 0.028125
320 0.5703125 0.73046875 0.14140625 0.0515625
320 0.5609375 0.7875 0.1609375 0.0484375
320 0.72421875 0.6984375 0.15390625 0.03203125
320 0.71796875 0.74375 0.1484375 0.04296875
320 0.7171875 0.78359375 0.1546875 0.0328125