33 0.0515625 0.8140625 0.09921875 0.1296875
33 0.20390625 0.78671875 0.13671875 0.10078125
33 0.34453125 0.74609375 0.1046875 0.0921875
33 0.45625 0.7109375 0.096875 0.08671875
33 0.559375 0.6890625 0.09609375 0.084375
33 0.1265625 0.70078125 0.17109375 0.05703125
33 0.2765625 0.67109375 0.115625 0.05078125
33 0.38046875 0.66015625 0.0859375 0.02578125
33 0.53203125 0.5328125 0.07109375 0.07578125
33 0.446875 0.51015625 0.07890625 0.05234375
33 0.21796875 0.4703125 0.14921875 0.04453125
33 0.44609375 0.5625 0.08828125 0.04921875