116 0.04609375 0.215625 0.071875 0.13828125
116 0.12890625 0.21484375 0.06484375 0.140625
116 0.2015625 0.21484375 0.07578125 0.140625
116 0.278125 0.21796875 0.071875 0.13671875
116 0.35078125 0.2140625 0.059375 0.1390625
116 0.428125 0.22265625 0.0640625 0.13203125
116 0.503125 0.2171875 0.071875 0.14609375
116 0.58046875 0.215625 0.06015625 0.14140625
116 0.66015625 0.215625 0.071875 0.15234375
116 0.6171875 0.42734375 0.08515625 0.1765625
116 0.52734375 0.4359375 0.071875 0.159375
116 0.43828125 0.43203125 0.09140625 0.16171875
116 0.3546875 0.43515625 0.071875 0.16875
116 0.27421875 0.4328125 0.084375 0.17109375
116 0.059375 0.4234375 0.09921875 0.18359375
116 0.16640625 0.425 0.09140625 0.18671875
214 0.80625 0.45859375 0.0703125 0.11171875
214 0.89296875 0.4609375 0.090625 0.11015625
214 0.97109375 0.459375 0.05703125 0.11328125
214 0.80234375 0.6578125 0.08125 0.11171875
214 0.8890625 0.65859375 0.08203125 0.11171875
214 0.96953125 0.6578125 0.0609375 0.10859375