51 0.03359375 0.1578125 0.0609375 0.1984375
51 0.1359375 0.16640625 0.13125 0.19453125
51 0.26640625 0.1765625 0.10625 0.19921875
51 0.38203125 0.18984375 0.10078125 0.17421875
51 0.49296875 0.1953125 0.10078125 0.171875
51 0.07109375 0.84921875 0.11875 0.21015625
51 0.1921875 0.8296875 0.11015625 0.1953125
51 0.309375 0.81328125 0.1046875 0.19296875
51 0.41640625 0.80234375 0.09140625 0.18046875
51 0.5140625 0.790625 0.08828125 0.175
51 0.61328125 0.7828125 0.0953125 0.17734375
214 0.05625 0.5375 0.10703125 0.184375
51 0.1796875 0.5328125 0.11328125 0.1875
51 0.30390625 0.525 0.1015625 0.18203125
51 0.41328125 0.52109375 0.103125 0.17421875
51 0.51796875 0.5171875 0.08515625 0.16640625
51 0.61796875 0.5171875 0.1 0.1609375
51 0.71875 0.51328125 0.084375 0.15625
51 0.80703125 0.51015625 0.0765625 0.14296875
51 0.88203125 0.5046875 0.06015625 0.13828125
51 0.94609375 0.503125 0.06171875 0.13515625
51 0.59375 0.20546875 0.08046875 0.16796875
51 0.6875 0.2140625 0.08203125 0.15859375
51 0.77578125 0.22109375 0.078125 0.14765625
51 0.86640625 0.23203125 0.084375 0.14609375
51 0.95078125 0.23515625 0.06796875 0.14921875
51 0.75078125 0.75546875 0.09453125 0.15234375
51 0.85078125 0.74921875 0.07109375 0.15390625
51 0.92578125 0.74375 0.0609375 0.14453125
51 0.98203125 0.73359375 0.03515625 0.15