116 0.7265625 0.43203125 0.07421875 0.18046875
116 0.8015625 0.43125 0.06171875 0.1578125
116 0.88203125 0.43359375 0.08359375 0.153125
116 0.96484375 0.4375 0.0703125 0.15234375
116 0.1984375 0.20546875 0.0796875 0.13203125
116 0.26875 0.21328125 0.05546875 0.11484375
116 0.33359375 0.2140625 0.06796875 0.12109375
116 0.3921875 0.221875 0.03984375 0.11875
116 0.45390625 0.2234375 0.0640625 0.12265625
116 0.51875 0.228125 0.059375 0.11328125
116 0.58671875 0.23359375 0.05546875 0.10859375
116 0.65078125 0.22890625 0.05859375 0.12265625
116 0.7125 0.2390625 0.05078125 0.10546875
116 0.77890625 0.2390625 0.06171875 0.12578125
116 0.84453125 0.23984375 0.0546875 0.11484375
116 0.90625 0.240625 0.0515625 0.10546875
116 0.9703125 0.246875 0.059375 0.115625