194 0.49140625 0.5421875 0.19296875 0.06015625
194 0.50390625 0.615625 0.20390625 0.046875
194 0.49453125 0.675 0.196875 0.05078125
194 0.5375 0.74296875 0.209375 0.03359375
194 0.7015625 0.60859375 0.18671875 0.046875
194 0.68359375 0.5421875 0.2296875 0.05234375
194 0.7265625 0.67265625 0.21640625 0.05703125
194 0.50078125 0.38984375 0.259375 0.06796875
194 0.47890625 0.32578125 0.23359375 0.04375
194 0.48046875 0.25703125 0.23046875 0.04140625
194 0.72109375 0.290625 0.16328125 0.025
194 0.72421875 0.359375 0.20625 0.0453125
194 0.76484375 0.87890625 0.21953125 0.0453125
194 0.50859375 0.9109375 0.24375 0.06015625
194 0.746875 0.9515625 0.2453125 0.05546875