172 0.634375 0.49140625 0.06171875 0.06640625
172 0.565625 0.49765625 0.06953125 0.06484375
172 0.48828125 0.434375 0.08125 0.059375
172 0.49375 0.5015625 0.06640625 0.0640625
172 0.40859375 0.43828125 0.07578125 0.06484375
172 0.41796875 0.5078125 0.06875 0.06796875
172 0.3328125 0.44453125 0.075 0.065625
172 0.34375 0.51328125 0.07421875 0.06796875
172 0.2515625 0.44921875 0.08125 0.0671875
172 0.26484375 0.51953125 0.084375 0.06953125
172 0.1640625 0.45234375 0.08671875 0.06953125
172 0.178125 0.525 0.08046875 0.06796875
172 0.071875 0.45703125 0.08984375 0.07109375
172 0.09140625 0.53046875 0.08671875 0.06953125
172 0.021875 0.5359375 0.04375 0.07890625
172 0.7546875 0.59296875 0.08515625 0.03359375
172 0.4546875 0.33828125 0.06640625 0.05703125
172 0.38828125 0.33984375 0.0703125 0.05546875
172 0.3796875 0.27890625 0.0703125 0.065625
172 0.30703125 0.2796875 0.06484375 0.06875
172 0.2359375 0.2796875 0.06953125 0.06796875
172 0.15859375 0.28046875 0.07421875 0.0671875
172 0.08125 0.28046875 0.0765625 0.0671875
172 0.01953125 0.2828125 0.03671875 0.07265625
172 0.028125 0.35390625 0.05 0.06328125
172 0.0984375 0.34609375 0.0796875 0.05859375
172 0.17578125 0.3453125 0.06796875 0.05703125
172 0.24765625 0.34609375 0.0765625 0.0609375
172 0.321875 0.3453125 0.06171875 0.05546875
172 0.4984375 0.63203125 0.1203125 0.06171875
172 0.15703125 0.68671875 0.16484375 0.0515625
174 0.5359375 0.33203125 0.07578125 0.06328125
174 0.615625 0.33125 0.07421875 0.06484375
174 0.69140625 0.33046875 0.06875 0.059375
174 0.7734375 0.321875 0.08515625 0.06796875
174 0.67890625 0.28046875 0.075 0.03203125
174 0.59921875 0.2828125 0.065625 0.03203125
174 0.5203125 0.2875 0.0765625 0.025
174 0.709375 0.4796875 0.0796875 0.07578125
174 0.78828125 0.471875 0.06875 0.0765625
174 0.86796875 0.465625 0.08671875 0.07421875
174 0.94609375 0.45859375 0.06640625 0.07265625
174 0.79609375 0.41796875 0.08359375 0.02421875
174 0.69140625 0.42734375 0.09140625 0.02890625
170 0.86875 0.3265625 0.071875 0.06015625
170 0.95078125 0.32265625 0.078125 0.06015625