766 0.43046875 0.08203125 0.16171875 0.090625
766 0.596875 0.0671875 0.14453125 0.08515625
766 0.77109375 0.04296875 0.15703125 0.08203125
766 0.43671875 0.33359375 0.14453125 0.0765625
766 0.6 0.33046875 0.14375 0.07734375
766 0.765625 0.325 0.15390625 0.07734375
766 0.38203125 0.4296875 0.16484375 0.05703125
766 0.38671875 0.47890625 0.1609375 0.03984375
766 0.40390625 0.53203125 0.18984375 0.0421875
766 0.6015625 0.53046875 0.16484375 0.02578125
766 0.75 0.76640625 0.0609375 0.09765625
766 0.8109375 0.7671875 0.053125 0.08203125
766 0.575 0.4703125 0.17421875 0.03984375
766 0.72890625 0.4484375 0.09296875 0.034375
766 0.73515625 0.4796875 0.0859375 0.02421875
766 0.80703125 0.42265625 0.06484375 0.04609375
766 0.81484375 0.47421875 0.06015625 0.0484375
766 0.796875 0.19609375 0.1 0.075
766 0.071875 0.4328125 0.11875 0.0453125
766 0.0796875 0.47734375 0.10859375 0.03984375
766 0.0984375 0.54296875 0.11484375 0.04765625
766 0.09453125 0.5859375 0.11328125 0.0359375
766 0.05078125 0.3609375 0.10078125 0.04453125
766 0.05390625 0.115625 0.10546875 0.08828125
765 0.04453125 0.2125 0.0890625 0.05546875
765 0.05859375 0.25390625 0.11015625 0.034375
765 0.34609375 0.1953125 0.1484375 0.05
765 0.5015625 0.1921875 0.13828125 0.05078125
765 0.66875 0.17578125 0.16953125 0.053125
765 0.34453125 0.24453125 0.12578125 0.04375
765 0.49921875 0.23984375 0.1390625 0.03828125
765 0.6671875 0.22734375 0.1484375 0.04140625
765 0.11875 0.65859375 0.11328125 0.06015625
765 0.028125 0.65625 0.05390625 0.0578125
765 0.12109375 0.70859375 0.11875 0.03515625
765 0.02890625 0.7078125 0.05703125 0.04296875
765 0.1234375 0.74375 0.10390625 0.02890625
765 0.1359375 0.77578125 0.1234375 0.034375
765 0.03515625 0.74765625 0.06875 0.0296875
765 0.6078125 0.41640625 0.153125 0.03359375