280 0.32265625 0.3109375 0.2 0.18671875
280 0.52265625 0.309375 0.13046875 0.14296875
280 0.69609375 0.259375 0.125 0.07109375
280 0.87421875 0.26328125 0.1734375 0.07109375
280 0.72109375 0.34140625 0.1390625 0.08828125
280 0.88125 0.35390625 0.18828125 0.08984375
280 0.55703125 0.490625 0.2 0.0671875
280 0.3453125 0.49140625 0.18359375 0.10390625
280 0.1734375 0.47578125 0.196875 0.11796875
280 0.19921875 0.59140625 0.16953125 0.13671875
280 0.37890625 0.62578125 0.15703125 0.12265625
280 0.59609375 0.5984375 0.1609375 0.109375
280 0.228125 0.8671875 0.2015625 0.26484375
280 0.4078125 0.871875 0.1484375 0.20078125
280 0.590625 0.88515625 0.11328125 0.20390625
280 0.803125 0.88828125 0.14296875 0.18203125