645 0.20390625 0.14140625 0.13515625 0.053125
645 0.36796875 0.1890625 0.1484375 0.0375
645 0.39375 0.23515625 0.12578125 0.04609375
645 0.38828125 0.284375 0.13359375 0.03984375
645 0.25078125 0.2875 0.13046875 0.0359375
645 0.221875 0.24140625 0.12890625 0.04453125
645 0.2171875 0.19609375 0.12421875 0.040625
645 0.06875 0.20234375 0.13515625 0.05
645 0.05546875 0.15234375 0.1109375 0.04765625
645 0.0796875 0.25078125 0.1515625 0.03984375
645 0.10625 0.29609375 0.12421875 0.04296875
645 0.56640625 0.54296875 0.18671875 0.0640625
645 0.39140625 0.63203125 0.18984375 0.06640625
645 0.35078125 0.5640625 0.13359375 0.05078125
645 0.17109375 0.56171875 0.18671875 0.06015625
645 0.1671875 0.6609375 0.209375 0.078125
645 0.49296875 0.26953125 0.05859375 0.040625
494 0.59375 0.2640625 0.121875 0.03671875
494 0.71953125 0.25625 0.1109375 0.03828125
494 0.83125 0.24921875 0.10390625 0.03203125
494 0.5796875 0.615625 0.10625 0.03359375
494 0.86796875 0.5546875 0.221875 0.03359375
494 0.878125 0.58515625 0.228125 0.028125
494 0.57578125 0.221875 0.10078125 0.03984375
494 0.71640625 0.21328125 0.11484375 0.03828125
494 0.834375 0.21015625 0.11015625 0.03828125
494 0.809375 0.1703125 0.078125 0.04140625
494 0.6984375 0.16796875 0.125 0.046875
494 0.55390625 0.17734375 0.0796875 0.04296875
494 0.7046875 0.1234375 0.115625 0.03828125
489 0.14921875 0.38125 0.13125 0.04296875
489 0.16015625 0.425 0.1265625 0.040625
489 0.28828125 0.4125 0.1109375 0.03671875
489 0.3015625 0.45390625 0.1140625 0.02890625
489 0.171875 0.46953125 0.1234375 0.03359375
489 0.05546875 0.4828125 0.09453125 0.034375
489 0.04453125 0.446875 0.08359375 0.03515625
489 0.43359375 0.40234375 0.11875 0.0390625
489 0.3953125 0.36015625 0.11328125 0.03046875
489 0.50546875 0.35390625 0.09453125 0.034375
489 0.628125 0.3453125 0.12421875 0.03828125
489 0.75703125 0.3296875 0.1109375 0.03515625
489 0.7625 0.3703125 0.10078125 0.03359375
489 0.765625 0.4078125 0.1015625 0.02421875
489 0.65390625 0.41875 0.1 0.02734375
489 0.65078125 0.38359375 0.0953125 0.0296875
489 0.53203125 0.38984375 0.071875 0.0265625
489 0.54453125 0.43046875 0.1046875 0.02421875
489 0.42734375 0.44453125 0.10859375 0.028125
645 0.89609375 0.1234375 0.10625 0.03046875
645 0.94375 0.15859375 0.1109375 0.04140625
645 0.940625 0.203125 0.09453125 0.03359375
645 0.94296875 0.24375 0.096875 0.02578125