777 0.1265625 0.3796875 0.103125 0.06015625
777 0.2203125 0.384375 0.071875 0.059375
777 0.30546875 0.390625 0.08046875 0.05390625
777 0.38671875 0.3984375 0.0734375 0.05546875
777 0.46640625 0.3984375 0.07421875 0.05625
777 0.5453125 0.4015625 0.07109375 0.06015625
777 0.63046875 0.40703125 0.0765625 0.05859375
777 0.59375 0.52421875 0.1109375 0.05703125
777 0.4734375 0.515625 0.11171875 0.05234375
777 0.36875 0.51796875 0.0984375 0.03984375
777 0.26875 0.5171875 0.10078125 0.04921875
777 0.16796875 0.5125 0.09921875 0.04375
777 0.3328125 0.8359375 0.08515625 0.0765625
777 0.421875 0.8359375 0.08046875 0.08125
777 0.496875 0.8421875 0.065625 0.06640625
777 0.559375 0.84140625 0.053125 0.059375
777 0.615625 0.84375 0.0484375 0.0578125
777 0.153125 0.85078125 0.053125 0.0640625
777 0.0921875 0.84921875 0.06171875 0.06015625
754 0.896875 0.82890625 0.05390625 0.08359375
754 0.97734375 0.8296875 0.0453125 0.071875
754 0.80390625 0.83828125 0.04375 0.04765625
754 0.7609375 0.8453125 0.025 0.03203125
754 0.71171875 0.84296875 0.0609375 0.03203125
754 0.646875 0.69765625 0.03203125 0.04140625
754 0.715625 0.6875 0.03125 0.0640625