51 0.078125 0.10390625 0.14140625 0.19609375
51 0.215625 0.1046875 0.121875 0.19453125
51 0.34453125 0.10546875 0.12578125 0.19296875
51 0.46875 0.103125 0.109375 0.18828125
818 0.60546875 0.1125 0.14296875 0.178125
818 0.746875 0.11328125 0.13046875 0.1703125
818 0.89375 0.1125 0.128125 0.16484375
818 0.0921875 0.47578125 0.15 0.16875
818 0.24609375 0.47265625 0.13984375 0.15703125
818 0.390625 0.46875 0.1359375 0.15390625
818 0.5296875 0.46640625 0.12109375 0.14921875
818 0.65625 0.4609375 0.11953125 0.15390625
818 0.7875 0.45546875 0.11875 0.14609375
818 0.91953125 0.4546875 0.1265625 0.14453125
818 0.98203125 0.11640625 0.03515625 0.15546875