742 0.10859375 0.42421875 0.20390625 0.29609375
742 0.315625 0.42109375 0.1796875 0.2828125
742 0.4859375 0.41640625 0.14453125 0.259375
742 0.65546875 0.40859375 0.15546875 0.2671875
742 0.82890625 0.39765625 0.14453125 0.27734375
742 0.95234375 0.3921875 0.0953125 0.26015625
742 0.0890625 0.06328125 0.1640625 0.1265625
742 0.2546875 0.06171875 0.14375 0.115625
742 0.41640625 0.0609375 0.1546875 0.121875
629 0.571875 0.0578125 0.1359375 0.11484375
629 0.70546875 0.05703125 0.10625 0.1140625
629 0.83125 0.0546875 0.11875 0.109375
629 0.95078125 0.05390625 0.0984375 0.1078125