194 0.3859375 0.5703125 0.2515625 0.1046875
194 0.41953125 0.3671875 0.26328125 0.07734375
194 0.3890625 0.278125 0.26484375 0.06171875
194 0.3984375 0.21953125 0.2703125 0.03984375
194 0.646875 0.29765625 0.19375 0.1296875
194 0.6796875 0.4046875 0.21640625 0.04453125
194 0.62265625 0.54453125 0.20703125 0.0640625
194 0.6296875 0.6265625 0.2515625 0.06875
194 0.665625 0.70625 0.2 0.05390625
194 0.41796875 0.6921875 0.2609375 0.07421875
194 0.8234375 0.534375 0.1953125 0.04296875
194 0.84375 0.65078125 0.18515625 0.13046875