645 0.6640625 0.2296875 0.0859375 0.03359375
493 0.08515625 0.26875 0.0984375 0.0359375
493 0.0171875 0.27109375 0.034375 0.034375
494 0.1859375 0.26796875 0.09375 0.03359375
494 0.284375 0.26640625 0.09921875 0.03671875
494 0.38203125 0.23125 0.0859375 0.03671875
494 0.48671875 0.26484375 0.0953125 0.03359375
494 0.58125 0.26171875 0.08203125 0.03203125
494 0.6734375 0.2609375 0.09140625 0.0265625
494 0.0671875 0.3375 0.12890625 0.03515625
494 0.04453125 0.37578125 0.0890625 0.0390625
494 0.1546875 0.371875 0.10703125 0.0359375
494 0.04765625 0.4109375 0.0953125 0.03515625
494 0.15859375 0.41015625 0.1203125 0.03359375
494 0.05 0.446875 0.096875 0.02890625
494 0.1625 0.44453125 0.11875 0.03046875
494 0.09296875 0.75234375 0.1859375 0.02890625
494 0.0984375 0.78203125 0.19609375 0.02578125
494 0.1015625 0.80859375 0.2 0.025
496 0.63984375 0.69296875 0.0890625 0.04921875
496 0.73671875 0.69453125 0.09375 0.04375
496 0.83359375 0.696875 0.096875 0.05390625
496 0.91328125 0.67109375 0.05859375 0.03828125
496 0.64765625 0.73828125 0.08203125 0.03359375
496 0.74609375 0.73515625 0.075 0.02890625
496 0.83671875 0.74765625 0.090625 0.03828125
496 0.95078125 0.73984375 0.0765625 0.0453125
496 0.84296875 0.78046875 0.09296875 0.0140625
495 0.47890625 0.49140625 0.10390625 0.0359375
495 0.4890625 0.53359375 0.10546875 0.04140625
495 0.49453125 0.56640625 0.1046875 0.0234375
495 0.590625 0.4953125 0.10390625 0.03359375
495 0.5984375 0.53203125 0.10703125 0.03359375
495 0.60390625 0.5640625 0.09921875 0.02734375
495 0.696875 0.4921875 0.09921875 0.0328125
495 0.70625 0.52890625 0.1015625 0.03125
495 0.70859375 0.56015625 0.10390625 0.02734375
495 0.80625 0.48828125 0.11484375 0.03359375
495 0.81328125 0.525 0.1046875 0.03125
495 0.81328125 0.55703125 0.0984375 0.0296875
645 0.26640625 0.3359375 0.10625 0.03125
645 0.38359375 0.33203125 0.11875 0.03671875
645 0.50390625 0.3296875 0.11875 0.03515625
645 0.26796875 0.371875 0.11171875 0.03984375
645 0.38671875 0.3703125 0.1203125 0.03671875
645 0.50703125 0.36796875 0.11484375 0.03984375
645 0.50625 0.4046875 0.11328125 0.03515625
645 0.39140625 0.4078125 0.1109375 0.03203125
645 0.27734375 0.409375 0.109375 0.03125
645 0.28125 0.44375 0.10703125 0.02890625
645 0.3953125 0.43828125 0.12109375 0.0265625
645 0.51171875 0.43671875 0.11328125 0.03046875
645 0.58046875 0.42890625 0.02109375 0.03203125
496 0.703125 0.38671875 0.11796875 0.04453125
496 0.6765625 0.353125 0.10703125 0.02265625
496 0.8015625 0.35234375 0.1 0.0265625
496 0.8265625 0.38828125 0.10546875 0.03515625
496 0.70390625 0.42890625 0.1140625 0.03203125
496 0.83046875 0.42421875 0.1203125 0.03359375
496 0.95625 0.3765625 0.08671875 0.04296875
496 0.95546875 0.41875 0.0890625 0.03203125
523 0.934375 0.5421875 0.13046875 0.05390625
527 0.346875 0.7796875 0.07109375 0.06015625