116 0.1734375 0.4390625 0.0984375 0.14453125
116 0.2640625 0.4375 0.065625 0.13984375
116 0.34453125 0.428125 0.08828125 0.15859375
116 0.43671875 0.428125 0.08671875 0.16171875
116 0.5265625 0.4265625 0.090625 0.1625
116 0.61796875 0.4265625 0.08671875 0.15859375
116 0.70546875 0.42890625 0.0859375 0.16328125
116 0.796875 0.43125 0.0890625 0.16328125
116 0.88828125 0.4296875 0.08046875 0.16171875
116 0.965625 0.4328125 0.06875 0.16328125
116 0.19921875 0.246875 0.0765625 0.11484375
116 0.26796875 0.24453125 0.0609375 0.11015625
116 0.33203125 0.2453125 0.0734375 0.11015625
116 0.40234375 0.24609375 0.07109375 0.11875
116 0.46875 0.24296875 0.06171875 0.11171875
116 0.53515625 0.24453125 0.0640625 0.11015625
116 0.59609375 0.24609375 0.059375 0.115625
116 0.66328125 0.24765625 0.06796875 0.11484375
214 0.73359375 0.240625 0.06796875 0.1203125
214 0.7984375 0.24375 0.059375 0.11484375
214 0.85859375 0.2453125 0.05859375 0.10703125
214 0.91796875 0.246875 0.05859375 0.11484375
214 0.97734375 0.24453125 0.0453125 0.115625
214 0.0625 0.24375 0.08359375 0.11328125