320 0.65078125 0.5140625 0.11953125 0.02734375
320 0.65859375 0.53671875 0.13125 0.01796875
320 0.65546875 0.565625 0.121875 0.025
320 0.65390625 0.6 0.125 0.02890625
320 0.6296875 0.68671875 0.13125 0.03203125
320 0.61484375 0.71875 0.1265625 0.02109375
320 0.6125 0.7421875 0.140625 0.02421875
320 0.7421875 0.67890625 0.11171875 0.01953125
320 0.7453125 0.703125 0.10078125 0.01953125
320 0.7359375 0.73671875 0.11328125 0.03515625
320 0.5625 0.38125 0.10078125 0.01875
320 0.56953125 0.4109375 0.10546875 0.03984375
320 0.571875 0.45390625 0.10078125 0.028125
320 0.44375 0.37734375 0.12421875 0.02265625
320 0.4578125 0.41640625 0.12109375 0.03125
320 0.46015625 0.44765625 0.1234375 0.02421875
320 0.46796875 0.74375 0.11875 0.08515625
320 0.3375 0.76015625 0.11796875 0.08203125
430 0.16953125 0.73046875 0.1640625 0.01953125
430 0.17421875 0.75859375 0.16796875 0.02109375
430 0.18515625 0.7921875 0.1796875 0.0359375
430 0.26796875 0.53125 0.13125 0.03203125
430 0.2671875 0.57734375 0.128125 0.02109375
430 0.27109375 0.61953125 0.14296875 0.03515625
430 0.13515625 0.57734375 0.12578125 0.02578125
430 0.12421875 0.5453125 0.14140625 0.034375
430 0.0265625 0.55078125 0.053125 0.0953125