522 0.5234375 0.284375 0.134375 0.06328125
522 0.68203125 0.28359375 0.13125 0.06640625
522 0.83046875 0.2734375 0.128125 0.06640625
522 0.3796875 0.29375 0.11484375 0.0484375
522 0.22734375 0.29765625 0.1296875 0.053125
522 0.109375 0.29921875 0.0796875 0.053125
522 0.025 0.3 0.05 0.05078125
527 0.33046875 0.50078125 0.11796875 0.06328125
527 0.19296875 0.503125 0.1109375 0.05703125
527 0.078125 0.5015625 0.090625 0.0578125
527 0.0796875 0.89375 0.14453125 0.07265625
527 0.275 0.89609375 0.14140625 0.06328125
527 0.2375 0.96953125 0.18671875 0.0609375
527 0.8828125 0.8140625 0.16796875 0.03984375
527 0.90546875 0.88828125 0.1703125 0.05703125
527 0.9296875 0.94609375 0.140625 0.05859375
527 0.70234375 0.8953125 0.190625 0.0421875
527 0.49296875 0.86953125 0.1984375 0.04609375
527 0.46640625 0.92109375 0.21484375 0.04453125
527 0.69375 0.93828125 0.215625 0.0453125
527 0.7078125 0.98125 0.234375 0.0375
527 0.4359375 0.98125 0.2046875 0.0375
523 0.25546875 0.6203125 0.2 0.01875
523 0.06640625 0.6859375 0.13203125 0.0609375
527 0.49765625 0.496875 0.09609375 0.06328125
527 0.64375 0.5 0.10078125 0.06171875
527 0.77109375 0.5015625 0.115625 0.06484375
527 0.9265625 0.49921875 0.11640625 0.05546875
527 0.88984375 0.4421875 0.11171875 0.02265625
527 0.771875 0.4515625 0.10390625 0.03046875
527 0.63828125 0.45234375 0.11328125 0.02578125
527 0.53203125 0.45078125 0.109375 0.02265625