707 0.1046875 0.74375 0.1515625 0.13515625
707 0.10390625 0.94375 0.08359375 0.1125
599 0.296875 0.54609375 0.0984375 0.11328125
599 0.40625 0.54609375 0.09609375 0.10234375
599 0.50703125 0.546875 0.08125 0.10703125
599 0.60546875 0.5484375 0.09296875 0.103125
599 0.7109375 0.5515625 0.08046875 0.10859375
278 0.9 0.5515625 0.10625 0.10703125
278 0.98125 0.55546875 0.0359375 0.10390625
278 0.81015625 0.5265625 0.05390625 0.0765625
647 0.3703125 0.6203125 0.09140625 0.03515625
647 0.44921875 0.65859375 0.1 0.0375