651 0.83828125 0.3953125 0.06640625 0.0484375
651 0.80625 0.5484375 0.05390625 0.05546875
651 0.85859375 0.546875 0.0484375 0.0546875
651 0.76875 0.49921875 0.04609375 0.0484375
651 0.815625 0.49765625 0.04609375 0.0453125
124 0.66875 0.503125 0.0546875 0.05234375
124 0.72109375 0.5 0.0453125 0.05
124 0.690625 0.559375 0.059375 0.05546875
124 0.74921875 0.55390625 0.053125 0.053125
124 0.98515625 0.4890625 0.0296875 0.046875
127 0.8859375 0.4953125 0.0546875 0.04453125
127 0.93359375 0.49296875 0.03828125 0.04765625
127 0.91171875 0.54609375 0.05 0.0515625
127 0.9609375 0.540625 0.04453125 0.04609375
651 0.34375 0.946875 0.121875 0.10625
651 0.20234375 0.96953125 0.1453125 0.0609375
124 0.89921875 0.9203125 0.07109375 0.07578125