33 0.20390625 0.521875 0.14609375 0.17265625
33 0.059375 0.509375 0.11875 0.175
33 0.36875 0.5296875 0.13125 0.1734375
33 0.5203125 0.5296875 0.12578125 0.16953125
33 0.66640625 0.5359375 0.134375 0.17265625
33 0.84375 0.5453125 0.15 0.1796875
33 0.96796875 0.55078125 0.0640625 0.1765625
33 0.2359375 0.8671875 0.18046875 0.18046875
33 0.0640625 0.8515625 0.128125 0.171875
33 0.4609375 0.87734375 0.1796875 0.17734375
33 0.68984375 0.89921875 0.2109375 0.16328125
33 0.88359375 0.8953125 0.17421875 0.16484375
33 0.884375 0.72734375 0.20625 0.11484375
33 0.4640625 0.69609375 0.17421875 0.0921875
33 0.29140625 0.7046875 0.14921875 0.11328125
33 0.13125 0.70703125 0.16328125 0.10390625
33 0.1359375 0.19453125 0.1484375 0.1
33 0.3109375 0.196875 0.14453125 0.12265625
33 0.46171875 0.20078125 0.1390625 0.11640625
33 0.6265625 0.20390625 0.16484375 0.13671875
33 0.7796875 0.2109375 0.12578125 0.13046875
33 0.9265625 0.21328125 0.146875 0.128125
33 0.49921875 0.3875 0.13359375 0.03515625
33 0.66328125 0.71484375 0.17578125 0.05703125
33 0.85234375 0.43671875 0.196875 0.04609375