592 0.2984375 0.7109375 0.109375 0.07578125
592 0.18046875 0.7109375 0.11796875 0.07421875
592 0.05625 0.721875 0.10703125 0.07734375
592 0.06171875 0.78359375 0.11015625 0.03984375
592 0.178125 0.60859375 0.08359375 0.05625
592 0.0625 0.1875 0.06875 0.04375
592 0.146875 0.18828125 0.0734375 0.04453125
592 0.2234375 0.19453125 0.06171875 0.03046875
592 0.23203125 0.22890625 0.0640625 0.03671875
592 0.2359375 0.26640625 0.06171875 0.03515625
592 0.15703125 0.26640625 0.06875 0.03359375
592 0.1515625 0.23125 0.06640625 0.03515625
592 0.06875 0.23046875 0.065625 0.03671875
592 0.0765625 0.2671875 0.071875 0.03046875
592 0.28984375 0.08125 0.07109375 0.04453125
592 0.19609375 0.0828125 0.065625 0.05390625
592 0.27421875 0.02734375 0.078125 0.05234375
592 0.1890625 0.028125 0.06015625 0.05546875
592 0.10859375 0.03046875 0.07109375 0.06015625
592 0.0296875 0.03671875 0.05546875 0.0625
592 0.10859375 0.08671875 0.065625 0.046875
592 0.30546875 0.2296875 0.06796875 0.03984375
592 0.309375 0.26796875 0.06328125 0.03203125
592 0.378125 0.27421875 0.06484375 0.03203125
592 0.44609375 0.2734375 0.05859375 0.02890625
592 0.44296875 0.19140625 0.06015625 0.04140625
592 0.36953125 0.19296875 0.059375 0.04140625
592 0.37578125 0.23828125 0.06015625 0.04140625