496 0.5375 0.12109375 0.08828125 0.0390625
496 0.5359375 0.15859375 0.08828125 0.03359375
493 0.63359375 0.159375 0.08984375 0.03671875
493 0.725 0.16015625 0.08125 0.03203125
493 0.81171875 0.16171875 0.08359375 0.03203125
494 0.9 0.1609375 0.078125 0.03515625
494 0.96953125 0.16328125 0.06015625 0.03203125
494 0.59453125 0.25546875 0.1140625 0.03671875
494 0.73984375 0.22578125 0.1109375 0.0359375
494 0.7234375 0.25859375 0.1015625 0.03203125
494 0.81953125 0.2625 0.0890625 0.03359375
494 0.6046875 0.290625 0.1 0.0296875
494 0.7171875 0.29453125 0.10546875 0.0328125
494 0.8234375 0.29765625 0.09609375 0.0359375
494 0.81484375 0.33046875 0.09140625 0.0265625
494 0.71015625 0.32890625 0.09140625 0.03046875
494 0.60859375 0.32578125 0.09140625 0.03515625
494 0.7453125 0.58046875 0.2015625 0.03046875
494 0.74375 0.60625 0.19140625 0.02109375
494 0.74609375 0.62890625 0.19453125 0.01953125
494 0.54140625 0.60390625 0.19140625 0.02265625
494 0.54296875 0.6296875 0.19375 0.021875
645 0.52421875 0.54609375 0.1640625 0.0453125
645 0.35859375 0.5515625 0.13515625 0.02265625
645 0.36796875 0.53046875 0.1109375 0.01875
645 0.21875 0.5296875 0.13359375 0.0234375
645 0.19375 0.56875 0.13359375 0.03125
645 0.165625 0.5984375 0.14453125 0.03046875
645 0.15390625 0.62890625 0.159375 0.03203125
645 0.3515625 0.62578125 0.16015625 0.02421875
496 0.3609375 0.58515625 0.06953125 0.02578125
645 0.44296875 0.25546875 0.0984375 0.0375
645 0.446875 0.29453125 0.10546875 0.03671875
645 0.43828125 0.32734375 0.10078125 0.0296875
645 0.5265625 0.32265625 0.04453125 0.0328125
645 0.32890625 0.25390625 0.103125 0.040625
645 0.3359375 0.29140625 0.096875 0.03671875
645 0.3359375 0.325 0.1015625 0.03046875
645 0.21953125 0.21171875 0.0890625 0.03203125
645 0.32578125 0.2140625 0.10625 0.0390625
645 0.2265625 0.24765625 0.090625 0.03515625
645 0.22890625 0.28359375 0.09296875 0.03515625
645 0.23671875 0.31875 0.08984375 0.03359375
645 0.103125 0.275 0.12109375 0.03828125
645 0.1109375 0.3140625 0.11015625 0.0359375
645 0.109375 0.23828125 0.10703125 0.03828125
645 0.91796875 0.22734375 0.09375 0.03515625
645 0.93125 0.26484375 0.09921875 0.03515625
645 0.92421875 0.3 0.084375 0.03359375
645 0.91875 0.33203125 0.09609375 0.02890625
645 0.98828125 0.3 0.0234375 0.03203125
645 0.98515625 0.33046875 0.02890625 0.0265625