58 0.04609375 0.51875 0.09140625 0.1296875
114 0.13515625 0.775 0.26875 0.15625
114 0.3890625 0.73828125 0.2203125 0.17734375
253 0.7375 0.9140625 0.115625 0.11953125
253 0.86015625 0.90234375 0.10703125 0.11328125
253 0.95859375 0.8890625 0.08203125 0.1359375
858 0.69921875 0.2421875 0.11328125 0.1046875
858 0.81015625 0.246875 0.0890625 0.10859375
858 0.71953125 0.6921875 0.121875 0.171875
858 0.85546875 0.68203125 0.121875 0.15234375
858 0.95859375 0.6625 0.08203125 0.16484375
163 0.7390625 0.38359375 0.11875 0.0859375
163 0.86015625 0.3828125 0.10703125 0.078125
163 0.95703125 0.3796875 0.0859375 0.07421875
163 0.74296875 0.48046875 0.11484375 0.10546875
163 0.85859375 0.47578125 0.1109375 0.10078125
163 0.95703125 0.47109375 0.0859375 0.09765625
859 0.953125 0.171875 0.08046875 0.08828125
859 0.95546875 0.25546875 0.0890625 0.0765625