645 0.28046875 0.13203125 0.09609375 0.03203125
645 0.38828125 0.1296875 0.0953125 0.02734375
645 0.39296875 0.15703125 0.10390625 0.02421875
645 0.28046875 0.1625 0.11328125 0.0234375
494 0.15703125 0.43984375 0.12109375 0.034375
494 0.28125 0.43515625 0.121875 0.03984375
494 0.41171875 0.43046875 0.1140625 0.03515625
494 0.53203125 0.4203125 0.11953125 0.03671875
494 0.53671875 0.45859375 0.11875 0.03515625
494 0.415625 0.4671875 0.12109375 0.03359375
494 0.29296875 0.47265625 0.11953125 0.03359375
494 0.171875 0.4765625 0.11875 0.034375
494 0.18828125 0.5140625 0.103125 0.03203125
494 0.30546875 0.5109375 0.12109375 0.03984375
494 0.4265625 0.503125 0.109375 0.03359375
494 0.54375 0.49765625 0.1140625 0.034375
496 0.03203125 0.47265625 0.0640625 0.0546875
496 0.04140625 0.521875 0.07421875 0.04140625
496 0.10078125 0.5140625 0.03671875 0.03828125
524 0.11328125 0.8546875 0.09921875 0.04453125
524 0.240625 0.85078125 0.10390625 0.046875
524 0.603125 0.75625 0.09609375 0.02109375
524 0.71484375 0.75625 0.10625 0.0203125
524 0.61640625 0.78046875 0.1109375 0.025
524 0.728125 0.7796875 0.103125 0.02421875
524 0.615625 0.80390625 0.1015625 0.0203125
524 0.7359375 0.80234375 0.1109375 0.02109375
524 0.62578125 0.83046875 0.11875 0.03203125
524 0.75546875 0.82890625 0.11796875 0.03046875
524 0.640625 0.86640625 0.13125 0.03671875
524 0.775 0.86328125 0.12890625 0.034375
477 0.84609375 0.796875 0.1 0.02421875
477 0.86875 0.82265625 0.10703125 0.02734375
477 0.909375 0.85546875 0.134375 0.0375
477 0.91171875 0.640625 0.1765625 0.04765625
477 0.70078125 0.63203125 0.196875 0.01171875
477 0.04609375 0.81875 0.09140625 0.03203125
477 0.55546875 0.0875 0.09296875 0.025
477 0.659375 0.0734375 0.09609375 0.03203125
477 0.77890625 0.06328125 0.11015625 0.03515625
477 0.7796875 0.10703125 0.10859375 0.03125
477 0.66796875 0.11015625 0.096875 0.02890625
477 0.56796875 0.11640625 0.08671875 0.02890625
477 0.58359375 0.1453125 0.09453125 0.0234375
477 0.67578125 0.140625 0.0859375 0.0203125
477 0.77890625 0.13671875 0.1 0.02265625
708 0.88984375 0.1234375 0.10390625 0.03046875
708 0.97421875 0.1203125 0.05078125 0.03671875
882 0.04453125 0.16640625 0.0890625 0.0328125
882 0.16640625 0.165625 0.096875 0.02109375
882 0.1609375 0.14296875 0.11171875 0.0203125
882 0.0515625 0.14296875 0.09453125 0.0140625
882 0.06875 0.11953125 0.07578125 0.03359375
493 0.890625 0.25390625 0.1046875 0.03828125
493 0.896875 0.2921875 0.09140625 0.03046875
493 0.90078125 0.31640625 0.09296875 0.0203125
493 0.97734375 0.2484375 0.0453125 0.040625