910 0.7484375 0.22265625 0.075 0.12734375
910 0.84140625 0.2296875 0.06640625 0.08203125
910 0.92890625 0.23125 0.0703125 0.11328125
59 0.41171875 0.50859375 0.071875 0.14609375
59 0.49140625 0.50546875 0.0703125 0.14765625
59 0.565625 0.5078125 0.06484375 0.14765625
59 0.63671875 0.509375 0.06484375 0.14140625
59 0.7 0.503125 0.046875 0.14609375
59 0.7828125 0.5140625 0.07421875 0.15078125
59 0.8671875 0.5234375 0.07578125 0.1578125
59 0.4015625 0.76171875 0.1546875 0.15859375
59 0.234375 0.75078125 0.16328125 0.15234375
59 0.06953125 0.74765625 0.1390625 0.1578125