51 0.075 0.10390625 0.15 0.2078125
51 0.22890625 0.10859375 0.13515625 0.20546875
51 0.36796875 0.115625 0.1296875 0.21015625
51 0.05 0.49765625 0.0984375 0.21015625
51 0.1734375 0.4953125 0.1234375 0.1984375
51 0.29609375 0.48125 0.109375 0.190625
51 0.41953125 0.4796875 0.109375 0.19140625
51 0.66953125 0.1328125 0.109375 0.17421875
51 0.7796875 0.1359375 0.0953125 0.1671875
51 0.875 0.1390625 0.08203125 0.16640625
51 0.9609375 0.1453125 0.07421875 0.16171875
51 0.6703125 0.46953125 0.11640625 0.1640625
51 0.78125 0.46328125 0.08671875 0.1578125
51 0.88125 0.4578125 0.0890625 0.15390625
51 0.96796875 0.45859375 0.0640625 0.15546875
51 0.653125 0.78046875 0.08828125 0.16484375
51 0.74375 0.77421875 0.0734375 0.15859375
51 0.83125 0.765625 0.07578125 0.13828125
51 0.91640625 0.7546875 0.084375 0.14140625
51 0.03203125 0.81171875 0.0640625 0.1984375
51 0.13671875 0.7953125 0.10625 0.196875
51 0.259375 0.7828125 0.109375 0.1859375
51 0.378125 0.7703125 0.09453125 0.18984375
51 0.9828125 0.7421875 0.034375 0.1375