944 0.3875 0.071875 0.09296875 0.034375
944 0.47265625 0.071875 0.07421875 0.03515625
944 0.55859375 0.0765625 0.08828125 0.03359375
494 0.64921875 0.08125 0.08203125 0.03671875
494 0.73203125 0.08125 0.08203125 0.03515625
494 0.90078125 0.08359375 0.0890625 0.03515625
494 0.97421875 0.09140625 0.0515625 0.0328125
494 0.66875 0.25234375 0.0734375 0.02890625
494 0.74921875 0.25390625 0.08359375 0.03046875
494 0.81796875 0.2234375 0.07109375 0.0375
494 0.51640625 0.3390625 0.10625 0.034375
494 0.53046875 0.30859375 0.115625 0.03046875
494 0.615625 0.3421875 0.0859375 0.028125
494 0.40703125 0.33671875 0.1015625 0.03515625
494 0.41640625 0.36953125 0.0984375 0.0328125
494 0.51953125 0.37265625 0.09453125 0.03359375
494 0.621875 0.37421875 0.0984375 0.03203125
494 0.61796875 0.40390625 0.08828125 0.02578125
494 0.51953125 0.4015625 0.10078125 0.02734375
494 0.4171875 0.40390625 0.09296875 0.028125
494 0.56640625 0.6515625 0.19140625 0.02734375
494 0.56640625 0.678125 0.18359375 0.02109375
494 0.57734375 0.7 0.18828125 0.02421875
494 0.3609375 0.6828125 0.19453125 0.01953125
494 0.36171875 0.71015625 0.2046875 0.02421875
494 0.90859375 0.25390625 0.06796875 0.0296875
494 0.96953125 0.2546875 0.05703125 0.03203125
496 0.32734375 0.2171875 0.08359375 0.034375
496 0.32734375 0.25 0.08046875 0.028125
493 0.42578125 0.24609375 0.0796875 0.0296875
493 0.50859375 0.2515625 0.07578125 0.02890625
493 0.59140625 0.25234375 0.07890625 0.0265625
645 0.134375 0.303125 0.11015625 0.03359375
645 0.034375 0.29765625 0.06875 0.03046875
645 0.03828125 0.33125 0.0765625 0.03515625
645 0.134375 0.33671875 0.1046875 0.03359375
645 0.25390625 0.34296875 0.12109375 0.03359375
645 0.2515625 0.37421875 0.1015625 0.02890625
645 0.25 0.40390625 0.09921875 0.03046875
645 0.334375 0.39609375 0.04921875 0.03671875
645 0.134375 0.3703125 0.08984375 0.03359375
645 0.1453125 0.403125 0.096875 0.03046875
645 0.04375 0.365625 0.0875 0.03125
645 0.04453125 0.39921875 0.0890625 0.0328125
645 0.6984375 0.309375 0.09140625 0.03203125
645 0.715625 0.34296875 0.08984375 0.03359375
645 0.71328125 0.37734375 0.07890625 0.03125
645 0.71171875 0.40390625 0.08984375 0.02265625
645 0.81328125 0.31015625 0.09921875 0.02890625
645 0.8109375 0.34375 0.08828125 0.0328125
645 0.80859375 0.37734375 0.08671875 0.02890625
645 0.8046875 0.40390625 0.08203125 0.02421875
645 0.909375 0.30859375 0.0890625 0.03359375
645 0.90859375 0.34375 0.09453125 0.03515625
645 0.9046875 0.37578125 0.08984375 0.0296875
645 0.8984375 0.4046875 0.09375 0.02578125
645 0.35390625 0.62109375 0.16640625 0.0421875
645 0.2078125 0.6078125 0.11875 0.02109375
645 0.18828125 0.6328125 0.128125 0.02734375
645 0.06015625 0.61484375 0.1203125 0.04609375
645 0.0484375 0.65625 0.09609375 0.0296875
645 0.16953125 0.70078125 0.15625 0.05078125
495 0.859375 0.48125 0.08046875 0.03203125
495 0.83984375 0.44765625 0.08359375 0.03046875
495 0.9484375 0.45078125 0.08515625 0.03125
495 0.94609375 0.48203125 0.08046875 0.02890625
495 0.86015625 0.509375 0.08203125 0.0265625
495 0.9453125 0.50859375 0.07890625 0.021875