51 0.065625 0.17265625 0.09296875 0.16328125
51 0.1765625 0.17890625 0.09296875 0.159375
51 0.27265625 0.17890625 0.08671875 0.1484375
818 0.38203125 0.18203125 0.11484375 0.14765625
818 0.50703125 0.18046875 0.11796875 0.15078125
818 0.634375 0.1796875 0.1140625 0.146875
818 0.7578125 0.1796875 0.11953125 0.15
818 0.89375 0.17890625 0.125 0.1515625
818 0.984375 0.18125 0.03046875 0.14921875
818 0.909375 0.47734375 0.11328125 0.1375
818 0.98671875 0.48046875 0.0265625 0.13046875
818 0.78125 0.4796875 0.1109375 0.13515625
818 0.65625 0.4765625 0.1203125 0.14375
818 0.53046875 0.4734375 0.109375 0.13359375
818 0.42265625 0.47421875 0.10390625 0.13203125
818 0.30078125 0.4734375 0.1 0.13046875
818 0.18828125 0.47109375 0.109375 0.121875
818 0.07109375 0.46796875 0.115625 0.13984375