494 0.10703125 0.04921875 0.09921875 0.04140625
494 0.34609375 0.04765625 0.10546875 0.03828125
494 0.45546875 0.04453125 0.096875 0.03828125
494 0.09765625 0.35625 0.09609375 0.03828125
494 0.03984375 0.31484375 0.07421875 0.0328125
494 0.0234375 0.35625 0.03671875 0.04296875
494 0.09296875 0.39296875 0.11171875 0.03125
494 0.0203125 0.3921875 0.03984375 0.0328125
494 0.09609375 0.4296875 0.11484375 0.0296875
494 0.02109375 0.43125 0.0421875 0.03125
495 0.63046875 0.0453125 0.09453125 0.0375
495 0.72890625 0.04296875 0.09140625 0.03671875
495 0.825 0.04375 0.09921875 0.0359375
495 0.52890625 0.478125 0.109375 0.04140625
495 0.6390625 0.4765625 0.10625 0.03984375
495 0.7515625 0.4703125 0.11328125 0.034375
495 0.42265625 0.47734375 0.096875 0.03359375
495 0.43046875 0.51640625 0.10390625 0.0359375
495 0.53828125 0.515625 0.10546875 0.034375
495 0.64453125 0.51171875 0.1 0.0359375
495 0.753125 0.50703125 0.109375 0.03671875
495 0.759375 0.54140625 0.103125 0.02734375
495 0.65390625 0.54375 0.103125 0.02578125
495 0.54765625 0.546875 0.1015625 0.02890625
495 0.440625 0.5515625 0.109375 0.03046875
494 0.10234375 0.25078125 0.08984375 0.034375
494 0.19609375 0.246875 0.08984375 0.03671875
494 0.29765625 0.215625 0.096875 0.034375
494 0.40078125 0.24765625 0.09296875 0.03359375
494 0.49296875 0.2453125 0.08984375 0.03046875
494 0.5859375 0.24296875 0.09140625 0.03515625
645 0.56875 0.20703125 0.09296875 0.0296875
645 0.19453125 0.31640625 0.1 0.03203125
645 0.30859375 0.3125 0.11953125 0.03671875
645 0.42265625 0.3078125 0.11796875 0.03125
645 0.1984375 0.3546875 0.10703125 0.0390625
645 0.309375 0.3484375 0.109375 0.0359375
645 0.4265625 0.346875 0.10859375 0.0390625
645 0.43203125 0.38515625 0.11875 0.03515625
645 0.315625 0.3875 0.1109375 0.03671875
645 0.20703125 0.39140625 0.10546875 0.0359375
645 0.209375 0.42421875 0.1015625 0.03046875
645 0.31875 0.421875 0.11171875 0.02734375
645 0.4296875 0.41484375 0.10546875 0.02890625
645 0.52109375 0.409375 0.03828125 0.03671875
496 0.62421875 0.33671875 0.10625 0.025
496 0.7421875 0.33203125 0.11015625 0.034375
496 0.6296875 0.36953125 0.109375 0.040625
496 0.63125 0.4109375 0.121875 0.03203125
496 0.759375 0.3703125 0.1109375 0.0359375
496 0.90546875 0.3546875 0.12109375 0.04453125
496 0.9 0.39921875 0.11796875 0.03203125
496 0.753125 0.40234375 0.11171875 0.03203125
496 0.57265625 0.66953125 0.07890625 0.04140625
496 0.66328125 0.67109375 0.08125 0.0328125
496 0.7640625 0.671875 0.0984375 0.0515625
496 0.84765625 0.640625 0.075 0.04140625
496 0.86328125 0.7140625 0.09609375 0.0484375
496 0.7640625 0.72265625 0.09375 0.0359375
496 0.67421875 0.709375 0.08203125 0.0296875
496 0.57578125 0.71171875 0.07890625 0.03046875
496 0.59453125 0.74609375 0.0765625 0.0296875
496 0.67734375 0.7453125 0.0765625 0.0296875
494 0.07578125 0.7828125 0.15078125 0.02578125