534 0.746875 0.05390625 0.17890625 0.0296875
534 0.56171875 0.06171875 0.17578125 0.03046875
534 0.915625 0.04765625 0.15390625 0.03359375
534 0.91796875 0.015625 0.15703125 0.03046875
534 0.73671875 0.01796875 0.17421875 0.03515625
534 0.55703125 0.0234375 0.171875 0.03828125
532 0.22265625 0.50625 0.1296875 0.05859375
532 0.3765625 0.4828125 0.125 0.02265625
532 0.10078125 0.49453125 0.11640625 0.02109375
532 0.71953125 0.66875 0.1984375 0.06484375
532 0.91484375 0.6734375 0.1703125 0.05
532 0.69453125 0.578125 0.19296875 0.01640625
532 0.7046875 0.59609375 0.17890625 0.01328125
532 0.7078125 0.6140625 0.1765625 0.01640625
532 0.91015625 0.54921875 0.171875 0.0125
532 0.9203125 0.56796875 0.159375 0.0140625
532 0.91328125 0.60390625 0.1734375 0.015625
532 0.90859375 0.62421875 0.16328125 0.0171875
532 0.81328125 0.85234375 0.27578125 0.0359375
532 0.7796875 0.82109375 0.23046875 0.01484375
532 0.834375 0.89609375 0.271875 0.04375
532 0.86796875 0.96171875 0.2640625 0.0765625
532 0.9625 0.8015625 0.075 0.034375
531 0.5203125 0.97734375 0.3359375 0.0453125
531 0.52890625 0.9390625 0.28203125 0.01953125
531 0.54296875 0.8921875 0.23359375 0.04765625
531 0.534375 0.8453125 0.1984375 0.0359375
531 0.20625 0.98046875 0.23828125 0.0390625
531 0.27421875 0.875 0.25703125 0.05234375
531 0.284375 0.8375 0.21484375 0.021875
531 0.528125 0.815625 0.19609375 0.02109375
528 0.05859375 0.83515625 0.1171875 0.0578125
530 0.4765625 0.6390625 0.1859375 0.0421875
530 0.07421875 0.68828125 0.13828125 0.0375
530 0.26875 0.6734375 0.203125 0.03125
530 0.48828125 0.69453125 0.20390625 0.02578125
530 0.26953125 0.63671875 0.1640625 0.0203125
530 0.26640625 0.70546875 0.21171875 0.015625
533 0.9625 0.47265625 0.075 0.0609375