243 0.18125 0.1125 0.08359375 0.10859375
243 0.27578125 0.11015625 0.08671875 0.1078125
243 0.40390625 0.11328125 0.115625 0.10703125
243 0.53671875 0.1109375 0.103125 0.1
243 0.63671875 0.1109375 0.06953125 0.1
243 0.72578125 0.109375 0.07421875 0.10390625
243 0.80859375 0.11015625 0.06640625 0.1046875
243 0.89375 0.11171875 0.07578125 0.1046875
243 0.97421875 0.1078125 0.0515625 0.11171875
243 0.03671875 0.22578125 0.06015625 0.11015625
243 0.11328125 0.2265625 0.06484375 0.10859375
243 0.19921875 0.23046875 0.08125 0.10625
243 0.29296875 0.225 0.071875 0.10546875
243 0.375 0.23125 0.0703125 0.11484375
243 0.46796875 0.2296875 0.0765625 0.1046875
243 0.5546875 0.2265625 0.07109375 0.11171875
243 0.646875 0.22890625 0.0890625 0.1125
243 0.73828125 0.22734375 0.07421875 0.11484375
243 0.81875 0.22734375 0.06171875 0.10703125
243 0.89921875 0.225 0.07421875 0.10546875
243 0.97421875 0.23046875 0.0515625 0.11328125
243 0.0265625 0.45234375 0.040625 0.17109375
243 0.09609375 0.45234375 0.0796875 0.17890625
243 0.190625 0.4546875 0.0890625 0.16875
243 0.30078125 0.45703125 0.10546875 0.17265625
243 0.4046875 0.45625 0.0796875 0.171875
243 0.50859375 0.453125 0.08984375 0.16953125
243 0.6 0.45703125 0.06953125 0.17421875
243 0.71796875 0.44921875 0.12578125 0.19296875
243 0.8703125 0.4484375 0.140625 0.20546875
243 0.9796875 0.44375 0.040625 0.190625