243 0.103125 0.50234375 0.08984375 0.184375
243 0.20390625 0.5046875 0.09296875 0.18828125
243 0.309375 0.50234375 0.11015625 0.17890625
243 0.4265625 0.50625 0.109375 0.18671875
243 0.54453125 0.50859375 0.10859375 0.19140625
243 0.67265625 0.51171875 0.128125 0.196875
243 0.784375 0.51484375 0.08828125 0.20234375
243 0.92109375 0.496875 0.15703125 0.24765625
243 0.03359375 0.4953125 0.03984375 0.18671875
243 0.4265625 0.11796875 0.09375 0.11328125
243 0.32109375 0.11640625 0.08203125 0.10859375
243 0.58671875 0.11484375 0.09609375 0.121875
243 0.73828125 0.11328125 0.10546875 0.128125
243 0.84140625 0.1140625 0.07890625 0.12265625
243 0.94140625 0.11015625 0.09609375 0.1234375
243 0.95 0.240625 0.1 0.121875
243 0.84140625 0.24140625 0.090625 0.12265625
243 0.73828125 0.24140625 0.1 0.12734375
243 0.634375 0.2421875 0.08203125 0.11953125
243 0.5390625 0.24296875 0.09453125 0.11953125
243 0.4359375 0.2421875 0.08984375 0.12421875
243 0.33671875 0.24453125 0.08359375 0.12265625
243 0.2390625 0.24453125 0.078125 0.1234375
243 0.1421875 0.24375 0.08203125 0.1234375
243 0.04375 0.24453125 0.0765625 0.12109375