858 0.4453125 0.18125 0.16640625 0.12890625
858 0.6015625 0.18203125 0.115625 0.11640625
858 0.5375 0.7578125 0.18515625 0.2234375
858 0.71953125 0.740625 0.16640625 0.20234375
858 0.89375 0.71171875 0.16328125 0.19375
859 0.778125 0.08359375 0.1484375 0.11484375
859 0.778125 0.19140625 0.134375 0.09765625
859 0.9046875 0.1953125 0.0984375 0.09140625
859 0.97421875 0.08359375 0.0515625 0.10390625
253 0.903125 0.95546875 0.128125 0.0890625
163 0.509375 0.36171875 0.16640625 0.12109375
163 0.671875 0.359375 0.1515625 0.1109375
163 0.81875 0.35859375 0.13046875 0.10234375
163 0.93203125 0.35234375 0.0859375 0.09609375
163 0.53515625 0.4921875 0.17421875 0.1359375
163 0.69453125 0.484375 0.128125 0.128125
163 0.83984375 0.47890625 0.15390625 0.12734375
163 0.95859375 0.465625 0.08203125 0.11796875
114 0.140625 0.81484375 0.28125 0.22265625