956 0.43671875 0.246875 0.071875 0.15546875
956 0.52578125 0.2484375 0.078125 0.15859375
956 0.6125 0.25390625 0.08046875 0.1609375
956 0.703125 0.2421875 0.08125 0.1875
956 0.7734375 0.25546875 0.05546875 0.16171875
956 0.8359375 0.2515625 0.06015625 0.16328125
956 0.90546875 0.25078125 0.059375 0.16484375
956 0.92109375 0.5484375 0.11484375 0.15546875
956 0.803125 0.5421875 0.11484375 0.159375
956 0.690625 0.53828125 0.09296875 0.15703125
956 0.58828125 0.52890625 0.09609375 0.16484375
956 0.4796875 0.53125 0.10625 0.15625
956 0.38125 0.52578125 0.090625 0.15078125
956 0.27890625 0.51953125 0.09375 0.1484375
956 0.18203125 0.51796875 0.09453125 0.14453125
956 0.07421875 0.51328125 0.096875 0.140625
956 0.20703125 0.76796875 0.12578125 0.16796875
956 0.353125 0.80625 0.140625 0.16953125
956 0.496875 0.76328125 0.11328125 0.16171875
956 0.6609375 0.81796875 0.15859375 0.17265625
956 0.821875 0.83984375 0.125 0.1734375
956 0.94765625 0.8375 0.1046875 0.190625