124 0.96875 0.0578125 0.059375 0.06640625
124 0.24453125 0.56640625 0.09375 0.08671875
124 0.34375 0.5515625 0.09375 0.08046875
124 0.34296875 0.634375 0.090625 0.08125
124 0.16015625 0.5453125 0.065625 0.06796875
651 0.20546875 0.9 0.10703125 0.07578125
651 0.0890625 0.909375 0.11484375 0.07421875
127 0.60078125 0.28125 0.078125 0.06484375
127 0.68203125 0.2734375 0.0734375 0.06640625
127 0.6515625 0.3515625 0.0796875 0.06953125
127 0.7203125 0.346875 0.05078125 0.07109375
651 0.63984375 0.69453125 0.12421875 0.06953125