732 0.0265625 0.06953125 0.053125 0.13828125
120 0.10787417343750001 0.08786131875 0.111128296875 0.061828334375 0.10559628750000001 0.040568065625 0.0945322703125 0.010413193749999999 0.1130807703125 0.002820240625 0.032053110937500004 0 0.052065965625 0.0431713640625 0.052879496875 0.1373239859375 0.111941828125 0.13819175156250002 0.11177912187500001 0.1021794578125 0.10787417343750001 0.08786131875
120 0.1713295703125 0.11085712031249999 0.168888978125 0.0974067453125 0.17116686406249998 0.07310929375 0.1762107546875 0.0321073453125 0.1724685125 0 0.0950203875 0.012582607812499999 0.10771146718749999 0.0449068953125 0.109663940625 0.059008095312499995 0.10722335000000001 0.08330554531249999 0.11161641562499999 0.09762368593750001 0.11275535781249998 0.138625634375 0.1731193375 0.1379748109375 0.17198039375000002 0.1297310328125 0.1713295703125 0.11085712031249999
120 0.18997598437500002 0.040586190625000004 0.1755715109375 0.0375059890625 0.1680974921875 0.0976605203125 0.1713588828125 0.11288034218750001 0.1721742296875 0.1281001640625 0.1740767078125 0.13715958125 0.19119900625 0.13824671093750002 0.1888888546875 0.096573390625 0.198537134375 0.06794563125 0.18997598437500002 0.040586190625000004
732 0.2607753328125 0.1181348046875 0.257921615625 0.0896882328125 0.2566985953125 0.07863574375 0.25887285625 0.0666773125 0.26974415625 0.055262446875 0.2708312859375 0.0364188578125 0.18956831093749998 0.010871301562500001 0.18956831093749998 0.02518518125 0.1918784625 0.048739665625 0.1959552 0.0641406765625 0.19758589531249998 0.0708446453125 0.20723417500000002 0.08823872656250001 0.20519580624999997 0.10110309843750001 0.2062829375 0.1101625171875 0.20288565468750003 0.115235790625 0.2020703078125 0.1348041328125 0.201798525 0.1386090875 0.256970378125 0.1400585953125 0.2607753328125 0.1181348046875
732 0.294340475 0.0974793328125 0.2940686921875 0.0815347578125 0.3007273640625 0.0529069984375 0.294340475 0.0317079609375 0.287681803125 0.0175752703125 0.27517980625 0 0.2721902 0.0003623765625 0.2758592625 0.03877430625 0.2607753328125 0.0666773125 0.26050355000000003 0.1054516203125 0.2628137015625 0.138065521875 0.298960778125 0.13969621875 0.2954276046875 0.1161417328125 0.294340475 0.0974793328125
732 0.40876091875 0.1429576078125 0.46692237812500004 0.14513186875 0.47262981093749995 0.1435011734375 0.47262981093749995 0.1355288859375 0.47330926875 0.128462540625 0.4764347671875 0.12067144062499999 0.47738600625 0.11052489375 0.48064739687499997 0.103820925 0.4839087859375 0.09113774062499999 0.480919178125 0.0750119765625 0.481326853125 0.059067403124999994 0.47874491875 0.0242792390625 0.43675451875000004 0.0195683421875 0.4264267828125 0.0150386328125 0.4238448484375 0.016488140625 0.423573065625 0.0409485671875 0.4286010421875 0.051095115625 0.40278170312499995 0.12936848125 0.4040047234375 0.13353581406249998 0.403732940625 0.13625363906250001 0.40876091875 0.1429576078125
640 0.47996794062500003 0 0.47996794062500003 0.028627759375 0.4805115046875 0.05181986875 0.4811909609375 0.06758325468750001 0.48159863437499995 0.0782733671875 0.48689839375000005 0.0844337703125 0.48812141562500005 0.1442259265625 0.5536210031250001 0.1447694921875 0.550631396875 0.12067144062499999 0.5496801578125 0.09711695625 0.5564747203125 0.06722087812500001 0.5598720015625 0.0576178953125 0.5583771984375 0.034425785937499995 0.5696561734375 0.0329762796875 0.5697920640625 0.0175752703125 0.5496801578125 0.008697040625000001 0.5272581 0.0021742593750000002 0.5193764062499999 0 0.47996794062500003 0
797 0.5591925453125 0.0356941046875 0.562182153125 0.14585662187499998 0.6344763062500001 0.13643482812500002 0.629176546875 0.0183000234375 0.5591925453125 0.0356941046875
166 0.631894371875 0 0.6327097187499999 0.005435651562499999 0.630535459375 0.005435651562499999 0.6295842203124999 0.019387153125 0.633389175 0.05055155 0.6356993265625001 0.07229415156249999 0.6343404140625 0.0915001171875 0.6409990859375 0.14531305625 0.684484290625 0.14513186875 0.685435528125 0.1228457015625 0.6824459218750001 0.099291215625 0.6783691828125 0.0637782984375 0.6742924453125 0.015219821875000001 0.65078325625 0 0.631894371875 0
166 0.6858432031249999 0.12592590312500002 0.6850278546874999 0.14658137499999999 0.762485875 0.1482120703125 0.7580014625 0.1215773828125 0.755147746875 0.0949426953125 0.757050225 0.0708446453125 0.757050225 0.0610604734375 0.7584091374999999 0.044572334375 0.758545028125 0.0355129171875 0.7620782015625001 0.020293095312500002 0.7501197703125 0.015401009375 0.7304155375 0.0134079375 0.719951909375 0.0132267484375 0.7104395218749999 0.016669328125 0.701198915625 0.01721289375 0.67510779375 0.013951503125 0.675243684375 0.03877430625 0.681766465625 0.09530507187500001 0.6858432031249999 0.12592590312500002
797 0.75868091875 0.12483877343750001 0.762621765625 0.147306128125 0.8304315062500001 0.14857444687500002 0.8294802671875001 0.0009059421875 0.758545028125 0.00126831875 0.758545028125 0.017937646874999998 0.7612628531250001 0.0204742828125 0.75868091875 0.0347881640625 0.75868091875 0.12483877343750001
797 0.896474659375 0.12012787656249999 0.8943004 0.105813996875 0.8970182250000001 0.0773674265625 0.900551396875 0.060516909375000004 0.9077536343749999 0.009965359375 0.894436290625 0.0143138796875 0.8801677078125 0.0177564578125 0.86698625625 0.018662400000000003 0.8536689125000001 0.0242792390625 0.82975205 0.0311643953125 0.8304315062500001 0.148393259375 0.8974258984375 0.1489368234375 0.896474659375 0.12012787656249999
166 0.884464878125 0.316957678125 0.9329007703125001 0.31746752968749997 0.9219389625 0.255095696875 0.9223213515625 0.244218865625 0.90893775 0.2545858453125 0.8861218953125001 0.2542459453125 0.880386065625 0.273960203125 0.8833177125 0.29078530156250004 0.884464878125 0.316957678125
166 0.8342445062499999 0.24098980625 0.8278713625 0.256795203125 0.8283812140625001 0.2629134203125 0.8320776375 0.27650945937500004 0.8306755453125 0.2831375296875 0.8281262875 0.3037015390625 0.8281262875 0.3155980734375 0.8840824890625001 0.31610792656250003 0.8828078609375 0.28789614375 0.8801311406250001 0.2746400046875 0.8837001000000001 0.2630833703125 0.8833177125 0.2596843609375 0.8848472671875 0.2503370828125 0.8936422046875 0.22824351874999999 0.8606293203125001 0.22433465625000001 0.8556582687500001 0.2268839140625 0.8529815484375 0.2216154484375 0.8460985531249999 0.21906619218749998 0.824939715625 0.2200858953125 0.8251946421874999 0.23079277656250002 0.8279988250000001 0.2389504 0.8342445062499999 0.24098980625
178 0.8291459906249999 0.3028517859375 0.8306755453125 0.278378915625 0.8287636031250001 0.26716218281250004 0.8273615109374999 0.25832475625 0.8327149515625001 0.24098980625 0.8211158296875001 0.2365710921875 0.7965154953125 0.2365710921875 0.775611584375 0.2340218359375 0.779817859375 0.3144084203125 0.818566571875 0.315088221875 0.824939715625 0.3144084203125 0.8291459906249999 0.3028517859375
166 0.7785432296875 0.212608071875 0.737117796875 0.21124846874999997 0.73622555625 0.31610792656250003 0.7807101000000001 0.3154281234375 0.7740820296875001 0.248297678125 0.7785432296875 0.212608071875
166 0.7309995781249999 0.3144084203125 0.7353333156249999 0.3115192625 0.7345685390625001 0.23028292343749998 0.694290271875 0.229603121875 0.6981141578125001 0.2651227765625 0.6953099734375 0.3133887171875 0.7309995781249999 0.3144084203125
166 0.668797696875 0.26529272656249997 0.667013215625 0.31423847031249996 0.6963296765625 0.31389856875 0.69747684375 0.265802578125 0.668797696875 0.26529272656249997
166 0.65503170625 0.265462678125 0.654266928125 0.2245046078125 0.6778475609375 0.2034307453125 0.6543943921875 0.1860957953125 0.62928420625 0.1775982703125 0.6046838718750001 0.1767485171875 0.6016247625 0.1818470328125 0.601752225 0.18966475625 0.594359378125 0.1922140140625 0.598565653125 0.212438121875 0.5961438593749999 0.216856834375 0.5981832640625 0.24438881562499998 0.5935946015625 0.31355866875 0.662806940625 0.3130488171875 0.65503170625 0.265462678125
80 0.59028210625 0.210940596875 0.5899305390625 0.20359674062500002 0.5708286953124999 0.21219061562500002 0.565437990625 0.2090655703125 0.560750421875 0.2107843453125 0.5491486890624999 0.20406549687500003 0.5457502015625 0.20812805625 0.5452814453125 0.2237532859375 0.542468903125 0.24109729062500002 0.5427032828125 0.3125045890625 0.593329025 0.313910859375 0.5983681625 0.2407847859375 0.59028210625 0.210940596875
80 0.5098903 0.22344078125000003 0.5020386218749999 0.2037529921875 0.4967651078125 0.2204719875 0.492194728125 0.23531595625 0.49196035 0.24640986874999998 0.49090564687500005 0.2767228140625 0.49078845781249997 0.3129733453125 0.5418829578125 0.313442103125 0.54176576875 0.241566046875 0.5416485796875 0.22015948281250003 0.538132903125 0.2090655703125 0.522429546875 0.21812820312499998 0.512585653125 0.22500330468750002 0.5098903 0.22344078125000003
80 0.450944121875 0.24750363437499998 0.44473309375000003 0.25750378125 0.44309244375 0.306254496875 0.46043645 0.309223290625 0.4709834796875 0.3129733453125 0.49125721406249995 0.31281709375 0.491374403125 0.24765988593750002 0.492194728125 0.2375034875 0.49453851249999997 0.22609707031249998 0.495593215625 0.2060967765625 0.4844602390625 0.207503046875 0.4767257515625 0.20875306562499998 0.467936559375 0.21000308437499998 0.46067082812500004 0.20469050625000001 0.44977222968749997 0.20156545937499998 0.447076878125 0.210471840625 0.44813158125 0.2331284234375 0.450944121875 0.24750363437499998
732 0.3767633453125 0.2596913140625 0.3603568546875 0.2878167265625 0.3689116671875 0.298129378125 0.3897713484375 0.3118795796875 0.44414714687499995 0.31281709375 0.44555341875 0.25687877187499997 0.4511785 0.24703487812499997 0.4474284453125 0.2331284234375 0.4468425 0.20875306562499998 0.448834715625 0.2037529921875 0.4486003375 0.202815478125 0.3843806453125 0.194221603125 0.387075996875 0.21812820312499998 0.3847322125 0.22765959375000003 0.38379469843749997 0.24703487812499997 0.3767633453125 0.2596913140625
732 0.3065670015625 0.2554725015625 0.29531683750000004 0.2882854828125 0.3110201921875 0.29906689218750004 0.334692415625 0.3020356859375 0.35941934062500003 0.3078170203125 0.3655131796875 0.307035759375 0.364575665625 0.292660546875 0.3600052875 0.2867229609375 0.364106909375 0.281097878125 0.3605912328125 0.24109729062500002 0.36047404375 0.23609721718749999 0.36527880156250003 0.23234716249999998 0.376411778125 0.2096905796875 0.3775836703125 0.199846684375 0.38086496875 0.1912528078125 0.382857184375 0.1829714359375 0.324145384375 0.1632836484375 0.3094967328125 0.1584398265625 0.29918408125 0.157658565625 0.2984809453125 0.1879715109375 0.306215434375 0.2114093546875 0.3048091640625 0.219846978125 0.3065670015625 0.2554725015625
732 0.2482067703125 0.30094191875 0.2523083921875 0.3012544234375 0.25359747499999996 0.3054732359375 0.275629046875 0.3090670390625 0.2752774796875 0.30344195625000003 0.2749259125 0.292973053125 0.273050884375 0.2817228875 0.2729336953125 0.27500403906250004 0.273871209375 0.2671914234375 0.273871209375 0.2590663046875 0.27480872343749996 0.25891005312500004 0.2758634265625 0.25156619375 0.27246493906249997 0.24375357968750003 0.273050884375 0.23953476718750003 0.2749259125 0.22765959375000003 0.2771525078125 0.21265937343750002 0.2800822375 0.20781555156249998 0.2799650484375 0.20125295625 0.27246493906249997 0.2009404515625 0.2633241796875 0.20297173124999998 0.2603944484375 0.2060967765625 0.25148806874999996 0.2037529921875 0.2186750859375 0.1960966296875 0.22008135625 0.21109684999999997 0.22242514062500002 0.22344078125000003 0.22500330468750002 0.262347603125 0.2233626546875 0.3021919375 0.2456286078125 0.3050044796875 0.24750363437499998 0.30344195625000003 0.2482067703125 0.30094191875
732 0.169572803125 0.20578427187499998 0.17238534375 0.21812820312499998 0.1767213453125 0.221096996875 0.17660415625 0.2256283140625 0.17636977812500002 0.233909684375 0.17719010156249998 0.239847271875 0.17812761562499999 0.24297231875 0.17765885937499998 0.24984741875 0.181291725 0.2556287546875 0.1780104265625 0.257660034375 0.17707291249999998 0.26328511718750003 0.17519788593750002 0.26516014375 0.17765885937499998 0.274222778125 0.17824480468749998 0.2856291953125 0.178947940625 0.2920355390625 0.178596371875 0.3012544234375 0.178596371875 0.305316984375 0.1905496734375 0.30516073125 0.196877890625 0.3025044421875 0.19851854062500002 0.3025044421875 0.1999248109375 0.298129378125 0.2042608125 0.3014106765625 0.20871400312500002 0.3054732359375 0.2163313015625 0.30641075 0.2231282765625 0.3031294515625 0.22418297968749998 0.29406681875 0.2252376828125 0.2648476390625 0.2239486015625 0.2378159921875 0.219846978125 0.230003378125 0.219378221875 0.2160969234375 0.219378221875 0.2043780015625 0.2186750859375 0.1975029015625 0.1920731328125 0.195940378125 0.18082296874999998 0.19640913437500002 0.16898685625 0.198127909375 0.169572803125 0.20578427187499998
732 0.1062906234375 0.22437829531250003 0.10687656875 0.24640986874999998 0.107931271875 0.2712539828125 0.10711094843749999 0.29109802500000004 0.1065250015625 0.29953564843749997 0.10570467812499999 0.30687950625 0.17238534375 0.3054732359375 0.1717993984375 0.2843791765625 0.165822746875 0.2643788828125 0.1631273953125 0.26156634218749997 0.163361775 0.25656626718750003 0.16383053125 0.250003671875 0.1626586390625 0.2460973640625 0.161486746875 0.2454723546875 0.1665258828125 0.23625346875000003 0.1675805859375 0.231722153125 0.1717993984375 0.226409575 0.17449475 0.219378221875 0.1717993984375 0.21484690468749998 0.1701587484375 0.2048467578125 0.1694556140625 0.1995341796875 0.1696899921875 0.1978154046875 0.1822292390625 0.1960966296875 0.1829323734375 0.1906277984375 0.166994640625 0.1848464640625 0.1443771203125 0.17828386875 0.13922079375000002 0.1778151109375 0.10183743281249999 0.1725025328125 0.10172024375 0.18172141875 0.1044155953125 0.18984653906249999 0.10570467812499999 0.20594052343749997 0.1062906234375 0.22437829531250003
732 0.056953960937500006 0.23890975781249998 0.0551961234375 0.264535134375 0.053789853124999995 0.2918792859375 0.0656259640625 0.2942230703125 0.072540128125 0.2965668546875 0.0812121296875 0.299848153125 0.08472780625000001 0.304066965625 0.0864856453125 0.30594199375 0.0945717015625 0.3054732359375 0.1026577578125 0.30656700312499996 0.105353109375 0.30594199375 0.106642190625 0.29109802500000004 0.1064078125 0.2801603640625 0.1075797046875 0.2643788828125 0.1078140828125 0.2495349140625 0.1075797046875 0.23297217187500002 0.10593905625 0.209221821875 0.1044155953125 0.1973466484375 0.10347808124999999 0.1909403046875 0.10078272968749999 0.18344019375 0.10125148749999999 0.178752625 0.057657096875 0.1676587125 0.0573055296875 0.174690065625 0.058477421875000005 0.18640898749999998 0.056953960937500006 0.23890975781249998
732 0.0502315265625 0.4450274109375 0.0496036328125 0.45662850156249996 0.0439525859375 0.46966477968750003 0.0624306125 0.4693059828125 0.0768721765625 0.4700235765625 0.089340359375 0.47277435 0.10082185156250001 0.4742095359375 0.10082185156250001 0.44861537812499996 0.0995660625 0.4182372640625 0.09983515937500001 0.3931215 0.09983515937500001 0.37733444843749997 0.07974255 0.37518166875 0.0655700828125 0.376856053125 0.05767655625 0.3769756515625 0.0429658953125 0.3825967984375 0.039736726562500005 0.38702195625 0.0460156671875 0.40484218906249997 0.050052128125 0.41560608906249996 0.050500625 0.43055594687500004 0.0502315265625 0.4450274109375
732 0.099924859375 0.4160844828125 0.1003733546875 0.43629669375 0.10162914375000001 0.46308684062500005 0.1010909484375 0.47361154218749996 0.1182234875 0.474448734375 0.130512271875 0.47408993749999995 0.138047 0.475644721875 0.1396615859375 0.47337234375000004 0.1406482765625 0.4652396203125 0.14208346249999998 0.457824490625 0.142352559375 0.4496917671875 0.14342895 0.44155904375 0.145043534375 0.427565975 0.1459405265625 0.41500809375000003 0.14683751875 0.40484218906249997 0.1474654125 0.3956330765625 0.145043534375 0.3904903234375 0.145043534375 0.3806832171875 0.14019978125000002 0.3806832171875 0.1336517421875 0.38032442031249997 0.127193403125 0.38080281562499996 0.122439346875 0.37912843125 0.1190307796875 0.37733444843749997 0.10781838437499999 0.3772148484375 0.1007321515625 0.3775736453125 0.099924859375 0.381520409375 0.0994763640625 0.396709465625 0.099924859375 0.4160844828125
732 0.147106615625 0.4012542234375 0.1462096234375 0.40986534218750004 0.145671428125 0.42553279374999997 0.145133234375 0.4337851171875 0.14324955156250002 0.439884659375 0.1419040640625 0.4542365234375 0.1412761703125 0.46177125312499995 0.13840579687500001 0.47588392031250004 0.19348107812499998 0.47588392031250004 0.189534315625 0.4687079890625 0.18791973125 0.46452202812500004 0.1900725109375 0.455193315625 0.1907004046875 0.44753898750000004 0.191597396875 0.434024315625 0.189534315625 0.4276855734375 0.1890858203125 0.423260415625 0.189534315625 0.417280471875 0.191597396875 0.41142012812499995 0.191597396875 0.4077125625 0.1941089734375 0.40137382187500004 0.20110550625 0.39300190156250003 0.20065701093750002 0.385347571875 0.195633859375 0.384749578125 0.1857669515625 0.386065165625 0.1767073375 0.38415158437499997 0.16917260781250001 0.3842711828125 0.15993359375 0.38175960625 0.145133234375 0.37936762968750004 0.1448641359375 0.3903707265625 0.1481830046875 0.3965898671875 0.147106615625 0.4012542234375
732 0.1924046890625 0.40890855156250006 0.190251909375 0.41321411093749993 0.18836822656250002 0.423978009375 0.19132829843750002 0.434024315625 0.1940192734375 0.43928666562499996 0.1933913796875 0.446462596875 0.1933913796875 0.4592596765625 0.194198671875 0.47540552500000005 0.212856096875 0.47612311875 0.22855344843749997 0.47636231562500003 0.2425465171875 0.47672111250000004 0.241380428125 0.4653592203125 0.240124640625 0.4583028859375 0.239945240625 0.44622339999999994 0.2388688515625 0.43223033125 0.23671607187500002 0.423978009375 0.236626371875 0.4142905 0.237343965625 0.4035266015625 0.23770276250000003 0.3925235046875 0.2418289234375 0.3837927875 0.2359087796875 0.3833143921875 0.22505518124999999 0.3836731890625 0.21796894843749998 0.384869178125 0.210075421875 0.38738075312500003 0.20119520624999998 0.39132751718750003 0.19590295625 0.3975466578125 0.1924943875 0.40292860781249995 0.1924046890625 0.40890855156250006
732 0 0.63302178125 0.026106371875 0.6331758015625 0.0333838125 0.612845175 0.041816403125 0.608378596875 0.0465525140625 0.59112836875 0.052212745312499996 0.5744942203125001 0.05302135 0.5600163499999999 0.055216134375 0.55416359375 0.051057596875 0.5423040609374999 0.0425094921875 0.535373165625 0.020099596875 0.5304445296875 0.0110894328125 0.5275181515625 0.0121290671875 0.5489269171875 0.0054292015625 0.552161334375 0.003465446875 0.5606324296875 0 0.5617105687499999 0 0.63302178125
732 0.056140253125 0.552469375 0.053367895312500004 0.5601703687499999 0.0526748046875 0.571413821875 0.0507110515625 0.5841974734375001 0.049555903125 0.6034499609374999 0.047592148437499995 0.6305574640625 0.05914364062500001 0.6282471640625 0.0852500140625 0.627631084375 0.10199967812499999 0.6257828453125 0.10835299843749999 0.627631084375 0.111818446875 0.6279391249999999 0.11586146875 0.628401184375 0.115399409375 0.6227024484375 0.11170293125 0.61962205 0.11077881249999999 0.60776251875 0.10985469218749999 0.593284646875 0.1102012375 0.5737241203125001 0.10812196874999999 0.54584651875 0.1108943265625 0.52905835 0.112742565625 0.5208952953125 0.10558064062500001 0.5228975546875 0.095761871875 0.5256699125 0.085365528125 0.5284422703125 0.077048453125 0.5284422703125 0.06526593124999999 0.5245917734375001 0.0444732453125 0.5245917734375001 0.0455128796875 0.5301364890625 0.0501334765625 0.5401477828125001 0.056140253125 0.552469375
732 0.1108943265625 0.5344490468750001 0.1123960203125 0.54584651875 0.11262704999999999 0.567563325 0.1145908046875 0.5772665781249999 0.11366668437500001 0.5954409265625 0.1145908046875 0.621778328125 0.11528389375 0.630865503125 0.12810605 0.6314815828125 0.1552520578125 0.6307114828125 0.1659949453125 0.6353320796874999 0.17084657187500002 0.6365642390625 0.1756981984375 0.637642378125 0.17454305 0.6271690249999999 0.172810325 0.620854209375 0.17304135625 0.5849675734375 0.174080990625 0.5761884390625001 0.1783550421875 0.5686414640625 0.183322184375 0.560478409375 0.1841307875 0.5449223984375 0.1870186609375 0.5326008078125 0.1886358703125 0.5196631359375 0.175005109375 0.5167367578125 0.1576778703125 0.5153505796875 0.149707340625 0.5116541015625 0.1345748859375 0.5113460609375 0.1129735953125 0.5105759625 0.11378219999999999 0.5207412765625 0.1108943265625 0.5267480515625 0.1108943265625 0.5344490468750001
732 0.1814739453125 0.5626346875 0.1813584296875 0.59112836875 0.17997225156250002 0.6211622484375 0.179741221875 0.6334838406250001 0.19394955625000002 0.6339459015625 0.211045765625 0.631019521875 0.226524765625 0.6387205171875 0.24338994375 0.6474996515625 0.2422347953125 0.6433411140625 0.23842280312500003 0.62547480625 0.2370366234375 0.622548428125 0.2344952953125 0.6180818515625 0.23264705624999998 0.6011396625 0.24096413125 0.591590428125 0.24627781718750003 0.5695655828125 0.25032083906249997 0.5527774140624999 0.18979101874999998 0.5399937625 0.1855169671875 0.5406098421875 0.1844773328125 0.556319871875 0.1814739453125 0.5626346875
732 0.26360505624999997 0.5620186078125 0.2603706375 0.5655610656250001 0.25863791406250003 0.5717218609375 0.2616413015625 0.5769585390625 0.265568809375 0.582195215625 0.2693808015625 0.59020425 0.269727346875 0.6019097609374999 0.2704204359375 0.6086866375 0.2673015328125 0.62470470625 0.2669549875 0.63795041875 0.276889271875 0.6411848359375 0.29167518124999997 0.6394906171875 0.310273084375 0.640106696875 0.30992654062499997 0.6079165375 0.311774778125 0.5995994640625 0.30773175625000004 0.585737671875 0.3038042484375 0.57341608125 0.301956009375 0.563866846875 0.3023025546875 0.5601703687499999 0.30033880156250004 0.5586301703125 0.28358913750000003 0.559708309375 0.2775823609375 0.5624806687499999 0.268803228125 0.562172628125 0.26360505624999997 0.5620186078125
732 0.304266309375 0.578960796875 0.30819381562500003 0.5886640515625 0.3116592640625 0.598983384375 0.3110816890625 0.6031419203125 0.309811025 0.6109969359375 0.3091179359375 0.6173117515625 0.30923345 0.6399526765625 0.3044973390625 0.6445732734375 0.302764615625 0.6478076921875 0.3486240390625 0.6456514140625 0.3481619796875 0.6034499609374999 0.3451585921875 0.5848135531249999 0.345736165625 0.559708309375 0.34284829375000003 0.553855553125 0.3009163765625 0.5560118328125 0.30172498124999997 0.5603243890625 0.30299564375 0.5701816625 0.304266309375 0.578960796875
732 0.059484265625 0.742527725 0.06552385625 0.7581774796875 0.08409844375 0.8125717765625 0.12443834843749998 0.8143950484375001 0.1252360296875 0.791148325 0.1229569390625 0.7871979015624999 0.12272902968749999 0.78157614375 0.11520803125000001 0.750884390625 0.10928239531249999 0.7087971828125 0.055267946874999994 0.7125956671875 0.054014446875 0.7156344546875 0.054128403125 0.7320439078125001 0.059484265625 0.742527725
732 0.1890505671875 0.8002646875 0.189962203125 0.7832474781250001 0.18984824843749998 0.7549867531250001 0.1946343390625 0.7455665125000001 0.1948622484375 0.737665665625 0.20261115625 0.7201926359375 0.20375070156250003 0.7043909421875 0.1900761578125 0.6986172453124999 0.164322434375 0.691628034375 0.13161748281250002 0.6875256703125 0.13138957499999998 0.703783184375 0.129110484375 0.7314361500000001 0.1250081203125 0.788413415625 0.125122075 0.8130275953125 0.1885947484375 0.8150028062500001 0.1890505671875 0.8002646875
732 0.24283710625000002 0.7657744484375 0.24181151562499997 0.8137872921874999 0.27679555625 0.81393923125 0.300156234375 0.81196401875 0.29582596250000004 0.749668875 0.2957120078125 0.7300686953125 0.29012823593750003 0.71365924375 0.29787714374999996 0.7138111828125 0.2970794625 0.701200215625 0.288988690625 0.7046948203125 0.2693885109375 0.7060622750000001 0.2379370609375 0.703327365625 0.238278925 0.7201926359375 0.2398742875 0.742375784375 0.24283710625000002 0.7657744484375
732 0.29719341718750003 0.7596968734375 0.297763190625 0.774738871875 0.29981437187500004 0.81393923125 0.305626053125 0.8130275953125 0.327961140625 0.813635353125 0.3589567734375 0.8145469890625 0.35257531875 0.799504990625 0.3496125015625 0.79373129375 0.35303113750000004 0.7694209937500001 0.3529171828125 0.76030463125 0.347447365625 0.7612162671875 0.3440287296875 0.75422705625 0.34972645625 0.74404711875 0.354854409375 0.7312842109375 0.3596405 0.725510515625 0.3592986375 0.71669803125 0.3567916375 0.716394153125 0.339128684375 0.715938334375 0.32317505 0.71472281875 0.3104121421875 0.7138111828125 0.306195825 0.7174577281250001 0.299358553125 0.7127476078125 0.29103987187499997 0.713355365625 0.2959399171875 0.7291570593750001 0.2957120078125 0.7358423921874999 0.29719341718750003 0.7596968734375
732 0.37149177187500004 0.7451106937499999 0.3724034078125 0.7659263890625 0.37297318125 0.7952506875 0.374112725 0.8133314734375 0.423227128125 0.8150028062500001 0.42379690156249994 0.786134325 0.4300644 0.7455665125000001 0.43257139999999994 0.724143059375 0.43450862656250006 0.7005924578125 0.43405280937499996 0.6946668218750001 0.4263039 0.69542651875 0.41741544687500004 0.697705609375 0.41012235781250006 0.6945148828125001 0.3939408140625 0.6940590640625001 0.38083604375 0.692083853125 0.3690987265625 0.6942110031250001 0.367731271875 0.7060622750000001 0.3693266359375 0.7274857265625 0.37149177187500004 0.7451106937499999
732 0.2338635046875 0.9651676171875 0.22534269375 0.98124791875 0.28459510625 0.9838697062499999 0.2842018375 0.9580013968750001 0.2849883734375 0.9352792328125 0.28511946250000003 0.90976049375 0.282759853125 0.8917575484375 0.29495116875 0.8952532671875 0.2931159171875 0.8844165421874999 0.2392381703125 0.8821443265625 0.24068015312500002 0.8940297656249999 0.24408847812499998 0.9032934171875 0.2379272765625 0.9412219531250001 0.2338635046875 0.9651676171875
732 0.2853816421875 0.9826462062499999 0.2800069765625 0.9854427796874999 0.28040024375 0.9922594296874999 0.29757295625 0.9936577156249999 0.3085844671875 0.9912107140625 0.33703086875 0.995405575 0.3368997796875 0.9875402093750001 0.3340158125 0.9859671375 0.332967096875 0.980199203125 0.33231164999999996 0.9550300359375001 0.33440908125 0.9226946484375 0.336768690625 0.9043421328125 0.3422744453125 0.8992733421875 0.342798803125 0.8924566921875 0.33558888593749997 0.895428053125 0.3262815375 0.8956028390625 0.317105278125 0.9017203437499999 0.303734159375 0.8975254828124999 0.2836774796875 0.8924566921875 0.2826287640625 0.8921071203125001 0.28551273125 0.9106344234374999 0.2853816421875 0.9826462062499999
732 0.335457796875 0.9024194874999999 0.334277990625 0.9115083531250001 0.3349334390625 0.9275886546875001 0.335064528125 0.9401732375 0.334277990625 0.9573022531250001 0.33349145468749997 0.9842192781250001 0.3362443328125 0.986316709375 0.3362443328125 0.98928806875 0.3572186375 0.988414140625 0.3843541453125 0.9920846437499999 0.3854028609375 0.9898124265625 0.3787173015625 0.9814227046875 0.382781071875 0.9277634406249999 0.382781071875 0.9197232906249999 0.385271771875 0.9010212015624999 0.38632048750000003 0.8817947546875 0.3729493671875 0.8810956109375001 0.35984042656250004 0.8814451828125 0.34424078593749996 0.88284346875 0.3422744453125 0.8830182546875 0.34306098125 0.8996229140625 0.335457796875 0.9024194874999999
732 0 0.814754590625 0.01148426875 0.8174971015624999 0.0125127109375 0.7896148968750001 0.01594085 0.7628754062499999 0.013712559374999999 0.7551049546875 0.0183405484375 0.7441349078124999 0.026910898437500004 0.723794609375 0.034967028125 0.7105391359375 0.0327387359375 0.7032257703125 0.0039423609375 0.7039113984375 0 0.7013974296875001 0 0.8142975046875 0 0.814754590625
640 0.1250213671875 0.93292554375 0.1292763484375 0.9114003421874999 0.1312786921875 0.8942135546875001 0.0739615890625 0.894881003125 0.0739615890625 0.9088974125 0.078216571875 0.931256921875 0.08034406250000001 0.9821498390625001 0.1247710734375 0.9828172859375 0.124645928125 0.957454259375 0.1250213671875 0.93292554375
640 0.178584075 0.98481963125 0.20348823125 0.9884905953124999 0.20561572187500002 0.98865745625 0.20286249843749998 0.97564221875 0.203112790625 0.964295603125 0.1978566375 0.9320912328125001 0.1963548796875 0.9235812703124999 0.199108103125 0.9172405140625 0.199108103125 0.907896240625 0.20286249843749998 0.89788451875 0.205866015625 0.8758587328124999 0.20361337812500002 0.8726883546875 0.1862180125 0.8756918703125001 0.179334953125 0.8786953875 0.167696328125 0.877360490625 0.162565321875 0.8760255953125 0.1619395890625 0.8780279390624999 0.16244017500000002 0.9212452015625001 0.1610635625 0.9664648078125 0.1595618046875 0.985487078125 0.178584075 0.98481963125
640 0.07921774375 0.9764765296875 0.07921774375 0.963961878125 0.078091425 0.942269815625 0.07784113125 0.9252498906250001 0.07433702812500001 0.9129021015625 0.07346100312500001 0.8938798312499999 0.088854025 0.8947141406249999 0.09849030625 0.8806977312500001 0.10562365781250001 0.868683665625 0.09486105781250001 0.8646789781249999 0.0838481640625 0.8623429093749999 0.0674539703125 0.8608411515625001 0.064951040625 0.8558352906250001 0.0600703265625 0.8545003937500001 0.0453030375 0.8550009812500001 0.0470550890625 0.8696848390625 0.0498083125 0.8691842515625 0.057066809375000006 0.8708528718749999 0.05318726875 0.877360490625 0.0490574328125 0.9175742375 0.0376691 0.977310840625 0.036667928125 0.9839853203125 0.08071950156249999 0.985653940625 0.07921774375 0.9764765296875
640 0.3602259359375 0 0.355870871875 0.006912798437500001 0.3417687640625 0.0378821359375 0.33928015624999996 0.045347959375 0.3411466125 0.0710635703125 0.337621084375 0.082400559375 0.337206315625 0.1014798828125 0.339072771875 0.1177940890625 0.3415613796875 0.1410210921875 0.390089225 0.1432331875 0.391748296875 0.1269189828125 0.39050399375 0.110328265625 0.38573416250000003 0.0851656796875 0.37951264375 0.0586205328125 0.367484375 0.0165907171875 0.366862221875 0 0.3602259359375 0
732 0.310710803125 0 0.30336871875 0.03374235 0.3002444265625 0.05311295781249999 0.29399584375 0.078107290625 0.2944644875 0.103518196875 0.2993071390625 0.1385102625 0.341172646875 0.14080140937500002 0.33804835624999996 0.109141921875 0.337892140625 0.0789404359375 0.33336191875 0.0672764140625 0.3288316953125 0.0535295296875 0.3338305625 0.04394836875 0.3321122015625 0.03832464375 0.32633226249999997 0.01874575 0.3199274640625 0 0.310710803125 0
39 0.42859732343749996 0.7588914015625 0.42479320625000005 0.789807409375 0.4269669875 0.8088883828125001 0.45957371562500005 0.813477478125 0.48728943437499994 0.8178250421875 0.5019624609375 0.7540607734375 0.5012378671875 0.7347382687499999 0.5023247578125 0.710102075 0.4987017890625 0.7064791046875001 0.49942638281249996 0.697783978125 0.5008755703125 0.6825675046875 0.47859430625000005 0.68643200625 0.46663850625 0.679669128125 0.463196684375 0.6828090359375001 0.44327035156249994 0.678944534375 0.434394075 0.7081698234375 0.431857996875 0.7313568312500001 0.42859732343749996 0.7588914015625
846 0.3822233109375 0.9803756187499999 0.3880200625 0.987380028125 0.39599059531249997 0.9931767796875001 0.407946396875 0.9905199343750001 0.41845300781250006 0.9835155265625 0.41881530468749995 0.9122637875 0.418271859375 0.9062255046875001 0.4177284140625 0.8926997515625 0.4046857234375 0.8852122796874999 0.3927299234375 0.88714453125 0.386027428125 0.8946320015625 0.3840347953125 0.9064670359375 0.38421594375 0.9487350171875001 0.3822233109375 0.9803756187499999
846 0.4275104328125 0.9907614656250001 0.43674900625 0.9917275921875 0.446349875 0.9859308406249999 0.45124088437500004 0.9813417453125 0.45214662656250004 0.90864081875 0.45269007187500004 0.899221096875 0.4510597359375 0.8878691249999999 0.4420023125 0.8866614687500001 0.430227659375 0.88811065625 0.41935874999999995 0.8926997515625 0.4177284140625 0.9825494015625 0.4195399 0.9866554328125 0.4275104328125 0.9907614656250001
846 0.450516290625 0.9820663390625001 0.45178432968750004 0.9844816515625 0.45685648749999996 0.989312278125 0.46337783281249995 0.9914860593749999 0.474427890625 0.990036871875 0.48239842499999996 0.9878630906250001 0.48384761249999997 0.9103315375 0.48584024687499994 0.898013440625 0.48384761249999997 0.8922166890625001 0.473703296875 0.8895598437500001 0.46790654531250003 0.889801375 0.4577622296875 0.88907678125 0.453414665625 0.8929412828125001 0.452327775 0.8972888453125 0.45178432968750004 0.9045347859374999 0.450516290625 0.9820663390625001
80 0.56916855 0.9634684281249999 0.5468872874999999 0.9407644828124999 0.50341165 0.9632268953124999 0.5005132734375 0.967574459375 0.52804784375 0.9934183109375001 0.56916855 0.9634684281249999
80 0.5222510921875 0.9885876843749999 0.49815834375 0.967332928125 0.5284101406249999 0.9265141359375001 0.5287724375 0.91395450625 0.499245234375 0.9156452265624999 0.4983394921875 0.93545079375 0.4941730765625 0.9953505609375 0.5222510921875 0.9885876843749999
80 0.5552201171875 0.9501842046875 0.5617414625 0.9366584515625 0.5334822984375001 0.9151621640625001 0.5316708140624999 0.9238572906250001 0.4988829375 0.967574459375 0.5039550953124999 0.9625023015625 0.5461626921875 0.9407644828124999 0.5552201171875 0.9501842046875
931 0.6578125 0.95546875 0.03046875 0.0625
931 0.6546875 0.89453125 0.03125 0.059375
931 0.621875 0.8875 0.0265625 0.06171875
931 0.64609375 0.83359375 0.025 0.05390625
931 0.62265625 0.82890625 0.0265625 0.05234375
931 0.6094079484375 0.7834049375000001 0.6126628359375 0.80312025625 0.636842 0.7982844234375001 0.62837929375 0.740626415625 0.6111748875 0.7436023125 0.6097799359375 0.7429823343749999 0.6098729328125 0.7538939578125 0.6094079484375 0.7834049375000001
931 0.653581421875 0.77670916875 0.664462046875 0.77633718125 0.6593472234375 0.7336826546874999 0.6496755578125 0.7345506265624999 0.6490245796874999 0.7347986171875001 0.6520004765625 0.7501740859375 0.653581421875 0.77670916875
931 0.6659499953125 0.8201076703125001 0.6652060203125 0.776461178125 0.654697384375 0.7769571609375 0.65692930625 0.7980364328125 0.6589752359375 0.8203556609374999 0.6659499953125 0.8201076703125001
931 0.6676239374999999 0.8217196140624999 0.6589752359375 0.8217196140624999 0.658510253125 0.8663580718749999 0.67069283125 0.8679700171875 0.6676239374999999 0.8217196140624999
931 0.6339591 0.8047322015624999 0.6567433125 0.8005163468750001 0.6531164390625 0.7537699609375 0.6508845156249999 0.7354185953125 0.6278213125 0.740626415625 0.6372139875 0.79878040625 0.633866103125 0.7996483765625 0.6339591 0.8047322015624999
797 0.691677446875 0.9463270390625 0.7149907796875 0.9671147609374999 0.737284153125 0.93836165 0.7110566546875 0.907860040625 0.6854119875 0.9356417609375001 0.6925516968750001 0.94185865 0.691677446875 0.9463270390625
80 0.5748827515625 0.7476871093749999 0.55093675 0.7474488421875 0.5441460921875 0.8189294453124999 0.555046884375 0.8189294453124999 0.5748827515625 0.7476871093749999
80 0.5328878968749999 0.749831528125 0.535747121875 0.8191677140625 0.5434312859375 0.8220269375000001 0.5511154515625 0.749593259375 0.5328878968749999 0.749831528125
497 0.26594523125 0.4483459015625 0.2625261484375 0.47629319218750005 0.3008793453125 0.4778788546875 0.2976089171875 0.4364534375 0.30117665625 0.3746126234375 0.29641967187499996 0.3746126234375 0.2827433375 0.370252053125 0.2686210359375 0.37223413125000004 0.2643100171875 0.3932441515625 0.26683716562500004 0.41484879374999994 0.26594523125 0.4483459015625
497 0.586449946875 0.4089215796875 0.5870139765625 0.4247144125 0.5832067765625 0.448215653125 0.5832067765625 0.4760411203125 0.6147924421875001 0.477357190625 0.61408740625 0.44520749375 0.6123953156249999 0.4179460546875 0.6125363234375001 0.4094856078125 0.615920503125 0.4092975984375 0.6154974796875 0.3763958625 0.611549271875 0.3739517328125 0.6039348703125 0.37319969375 0.5925132671875 0.37319969375 0.5847578578125 0.377147903125 0.58236073125 0.400837153125 0.5850398718750001 0.40008511249999995 0.586449946875 0.4089215796875
497 0.55430025 0.40647745 0.5606455859375 0.4059134203125 0.564311778125 0.399897103125 0.5784125234374999 0.40064914218750003 0.577425471875 0.35684283125 0.577425471875 0.3436821359375 0.5765794265624999 0.33766581875 0.5710801359375 0.33653775937499997 0.5612096156249999 0.33766581875 0.5550052875 0.3393579078125 0.552467153125 0.3598509890625 0.555428309375 0.3788399921875 0.55430025 0.40647745
497 0.5606455859375 0.43129475937499995 0.5614916296875 0.442763365625 0.5612096156249999 0.45253988125 0.5592355109375 0.46344445624999997 0.558389465625 0.4801773390625 0.5614916296875 0.480553359375 0.5724902109375 0.4809293796875 0.5847578578125 0.480553359375 0.5832067765625 0.4474636125 0.5847578578125 0.43862714687500004 0.585744909375 0.43110675 0.587860021875 0.42584247187499996 0.5877190140625 0.4202021734375 0.58757800625 0.4145618765625 0.586449946875 0.40196521093750004 0.5826427468750001 0.40046113281249995 0.5751693515625 0.400273121875 0.5630427124999999 0.40064914218750003 0.5613506218750001 0.405349390625 0.55867148125 0.406289440625 0.558953496875 0.40967361875 0.559799540625 0.419450134375 0.5606455859375 0.43129475937499995
497 0.614510428125 0.46081231718750004 0.61408740625 0.47716917968750006 0.6504673249999999 0.478297240625 0.650044303125 0.4593082375 0.6513133703125 0.43580699687499996 0.6521594140625 0.4179460546875 0.6520184078125 0.4089215796875 0.6506083328125001 0.40873356875000005 0.63777665625 0.408545559375 0.6176125921875 0.40873356875000005 0.61197229375 0.40910958906249995 0.6143694203125001 0.4265945109375 0.615215465625 0.44351540468749995 0.614510428125 0.46081231718750004
497 0.64962128125 0.45611206875 0.6499032953125 0.46532455468749995 0.6499032953125 0.478297240625 0.6886803421875001 0.47980131875 0.684732134375 0.468708734375 0.6854371703125001 0.460060278125 0.6838860890625 0.4188861046875 0.6828990375 0.418510084375 0.6834630671874999 0.41042565781249996 0.6521594140625 0.41061366875000005 0.6520184078125 0.4198261546875 0.651595384375 0.43242281875 0.64962128125 0.45611206875
599 0.30320216875 0.4097347703125 0.30320216875 0.43831002343750003 0.3039048390625 0.46188850937500003 0.3041390625 0.476410359375 0.3478217234375 0.4776595515625 0.3482901703125 0.46641682968750003 0.3475875 0.45642329843749996 0.34992973437499997 0.41910370625000004 0.349695509375 0.4147315359375 0.348055946875 0.4097347703125 0.3478217234375 0.39646211249999996 0.3473532765625 0.38287715625 0.34547948906250003 0.3816279640625 0.3405607984375 0.37834883750000003 0.3328314265625 0.376943496875 0.31046309375000003 0.3767873484375 0.31116576406249996 0.3811595171875 0.3083550828125 0.38240870937500004 0.308237971875 0.3903723046875 0.3076524125 0.4023957703125 0.30320216875 0.4097347703125
599 0.3478217234375 0.45517410625 0.34899284062499997 0.4650114890625 0.3486415046875 0.47875259375 0.3816670015625 0.4793771890625 0.3813156671875 0.4164491734375 0.38119855468749997 0.40286421875 0.377802315625 0.3927145390625 0.37007294375 0.39208994218750004 0.362343571875 0.39208994218750004 0.35309175000000004 0.3922460921875 0.3482901703125 0.4078609828125 0.35004684531249997 0.4125454515625 0.3478217234375 0.45517410625
599 0.3813156671875 0.41847910937500005 0.3807301078125 0.433000959375 0.3808472203125 0.46017087187500005 0.382486784375 0.47844029531250004 0.41164759531249995 0.47968948749999996 0.4128187125 0.4725066359375 0.41527805781250005 0.4526757234375 0.415980728125 0.4300341296875 0.41469249843749995 0.41894755625 0.415746503125 0.40083428125 0.41352138125 0.39849204843749997 0.413287159375 0.3930268359375 0.4074315734375 0.3922460921875 0.38670280468749996 0.3911530484375 0.3857659109375 0.39380758125000004 0.3835407890625 0.396930559375 0.3820183375 0.40083428125 0.38272100625 0.410359365625 0.38283811874999996 0.416761471875 0.3813156671875 0.41847910937500005
599 0.41527805781250005 0.4223828328125 0.41527805781250005 0.45220727812500006 0.414106940625 0.4600147234375 0.414458275 0.4645430421875 0.41539516875000004 0.4789087421875 0.441159740625 0.47968948749999996 0.43858328437500005 0.46610453124999995 0.4374121671875 0.45782863906250004 0.4382319484375 0.43955921406250004 0.43905173125 0.4256619609375 0.4396372890625 0.4178545140625 0.4391688421875 0.41332619531250003 0.4391688421875 0.40817328125 0.441159740625 0.39646211249999996 0.43366459218750003 0.3956813671875 0.422187646875 0.3949006234375 0.4184400734375 0.3956813671875 0.41691762031249996 0.3994289421875 0.41527805781250005 0.40879787656250005 0.41469249843749995 0.4178545140625 0.41527805781250005 0.4223828328125
599 0.4381148375 0.423944321875 0.437646390625 0.43909076718750006 0.437646390625 0.45860938281249997 0.44069129374999993 0.47968948749999996 0.46329385 0.481094828125 0.465636084375 0.44939659687500005 0.4654018609375 0.4206651953125 0.4631767390625 0.409110175 0.46434785625 0.3994289421875 0.46188851093750005 0.39646211249999996 0.45088001093749996 0.396930559375 0.4416281875 0.39646211249999996 0.4382319484375 0.409110175 0.439403065625 0.41348234531249994 0.4381148375 0.423944321875
599 0.46434785625 0.4645430421875 0.46622164374999997 0.473755828125 0.46750987187500004 0.48015793437500004 0.498193134375 0.48047023125 0.49749046406249997 0.47281893437500006 0.4977246875 0.42425662031250005 0.498193134375 0.41176470624999995 0.496436459375 0.4017711765625 0.4944455609375 0.395993665625 0.4922204375 0.39552521875 0.486481965625 0.39474447343749997 0.47734725312500004 0.393182984375 0.4706718875 0.39583751718750004 0.46622164374999997 0.4052064515625 0.46598741875 0.4183229609375 0.465518971875 0.4514265328125 0.46434785625 0.4645430421875
599 0.4977246875 0.47141359375 0.499949809375 0.4807825296875 0.5279395046875 0.4815632734375 0.5296961796875 0.47063285 0.5322726375 0.4361239390625 0.5311015203125 0.42253898124999995 0.5321555250000001 0.40895402656249996 0.532506859375 0.4025519203125 0.528056615625 0.3933391328125 0.519624575 0.3930268359375 0.512714984375 0.3939637296875 0.502760490625 0.39443217656249996 0.49784179999999995 0.40598719687499996 0.49784179999999995 0.4233197265625 0.4976075765625 0.4540810640625 0.4977246875 0.47141359375
599 0.5322726375 0.463918446875 0.5337950890625 0.47968948749999996 0.55850565625 0.4821878703125 0.5586227671875 0.4689152109375 0.56014521875 0.4598585734375 0.5608478890625 0.4428383421875 0.56014521875 0.4305025765625 0.5595596609375 0.42691115156250004 0.558974103125 0.4211336421875 0.5599109953125 0.41582457812499996 0.55838854375 0.4070802390625 0.5555778625000001 0.40629949375 0.5527671828125 0.406767940625 0.54948805625 0.40614334531249996 0.541758684375 0.40598719687499996 0.535200428125 0.4066117921875 0.532506859375 0.41847910937500005 0.5316870781249999 0.4414330015625 0.5322726375 0.463918446875
162 0.345471696875 0.57771509375 0.3476417453125 0.5987404515625 0.34836509375 0.6488926796875 0.4063777203125 0.6485068921875 0.405799040625 0.621694740625 0.40420767187499995 0.5462735046875 0.40536503125 0.5285273312500001 0.3641341125 0.5350856984375 0.3499564625 0.535471484375 0.3405529203125 0.5383648828125 0.3411316 0.55186740625 0.34576103593749996 0.5605475984375 0.345471696875 0.57771509375
162 0.41115182656249993 0.6103140421875 0.4099944671875 0.64812110625 0.46815176249999996 0.6456134953125 0.46887511249999997 0.5410653875 0.47133450000000005 0.527562865625 0.43400966875 0.5283344375000001 0.42836754375 0.5283344375000001 0.4214233890625 0.529684690625 0.40782441875000003 0.5285273312500001 0.40435234218750005 0.5372075234375 0.4040630015625 0.542415640625 0.40782441875000003 0.5522531921875 0.41115182656249993 0.6103140421875
162 0.4698878015625 0.5451161453125 0.46815176249999996 0.6066490703125 0.46728374375000004 0.6477353203125 0.524717690625 0.6494713578125 0.523270990625 0.642720096875 0.5245730203125001 0.5512887265625 0.5268877390625 0.542222746875 0.524717690625 0.5343141265625 0.514446128125 0.5345070187500001 0.5025831968750001 0.5329638734375 0.49390300312499996 0.5329638734375 0.482618753125 0.5325780875 0.47191318125 0.5287202234375 0.46959846250000004 0.5364359515625 0.47090049062499995 0.53913645625 0.4698878015625 0.5451161453125
162 0.5250070296875 0.6421414171875 0.5257303796875 0.6486997859375 0.579547578125 0.6512073968750001 0.578679559375 0.6139790125 0.5775222 0.5553394828125 0.580994278125 0.5374004171875 0.5744841328125 0.5372075234375 0.5607404921875 0.535664378125 0.5507582703125 0.53662884375 0.5404867078125 0.537786203125 0.5270324078125 0.5389435625 0.523994340625 0.5503242609375001 0.52283698125 0.6411769515625 0.5250070296875 0.6421414171875
163 0.5791224390624999 0.572728215625 0.5802151234374999 0.6507539359375001 0.6170021453125 0.6488113859375 0.6160308718749999 0.5725663359375 0.5791224390624999 0.572728215625
163 0.6635019140625 0.65059205625 0.6638661421875 0.5516839328125 0.6579170859375 0.546503803125 0.614816778125 0.5500651421875 0.6137240937499999 0.5715950609375 0.61615228125 0.5758039171875 0.61615228125 0.65010641875 0.6635019140625 0.65059205625
599 0.6637354171875 0.5470550765625 0.663189671875 0.649946253125 0.7106695125 0.6506739140625 0.711106109375 0.5466184796875 0.6637354171875 0.5470550765625
178 0.711761003125 0.514601421875 0.7113244062499999 0.5835836265625 0.77801448125 0.585038946875 0.7783419281249999 0.5176575953125 0.711761003125 0.514601421875
166 0.7113533390625 0.583647075 0.71068401875 0.6518284765625 0.77614351875 0.65254241875 0.7769467031249999 0.58418253125 0.7113533390625 0.583647075
828 0.8093417921875 0.574544321875 0.7781514781250001 0.5724024984375 0.7760096546875 0.652720903125 0.8094756562500001 0.652720903125 0.8093417921875 0.574544321875
483 0.8295552578125 0.6111338187500001 0.8326341296875001 0.6188086875 0.8319648093750001 0.65254241875 0.8567296515624999 0.652185446875 0.8553910109375 0.58525344375 0.829153665625 0.5863243546875 0.8278150249999999 0.6006031828125 0.8302245781250001 0.6050653171875 0.8295552578125 0.60899199375 0.8295552578125 0.6111338187500001
931 0.8575328359375 0.6518284765625 0.8883215578125 0.65254241875 0.8863135968750001 0.610776846875 0.88162835625 0.59971075625 0.881226765625 0.577221603125 0.8678403640625 0.5741873515625 0.855792603125 0.5756152343750001 0.85498941875 0.585431928125 0.8572651078125 0.5929283140625 0.8569973796875001 0.608278053125 0.8575328359375 0.6518284765625
931 0.852446003125 0.5604439796875 0.8495009953125001 0.549199403125 0.82995685 0.5506272859375 0.82714570625 0.58204070625 0.831830946875 0.58418253125 0.8528475953125 0.5832901046875001 0.852446003125 0.5604439796875
720 0.8854125093749999 0.52677099375 0.8865056109375 0.568204759375 0.9425661218749999 0.5688293890625 0.94147301875 0.5248971046875 0.8854125093749999 0.52677099375
720 0.886193296875 0.5675801296875 0.8863494546874999 0.610887784375 0.94303459375 0.6113042046875 0.9424099640625 0.5677883390625 0.886193296875 0.5675801296875
720 0.8880671859374999 0.61109599375 0.888847971875 0.653570809375 0.945220796875 0.6533626 0.9431907515625 0.6106795734375 0.8880671859374999 0.61109599375
116 0.71875 0.4265625 0.028125 0.1078125
116 0.75 0.42734375 0.02734375 0.10703125
116 0.77890625 0.41484375 0.03125 0.13203125
116 0.809375 0.415625 0.028125 0.134375
116 0.83828125 0.4171875 0.03125 0.13359375
116 0.8703125 0.4171875 0.0328125 0.1328125
116 0.92109375 0.41953125 0.03046875 0.13203125
116 0.8980799828125001 0.3843881765625 0.9004664375000001 0.379508515625 0.9004664375000001 0.36849251562499996 0.895267178125 0.3659842078125 0.8921961859374999 0.36988387968750003 0.8898563828125001 0.3751484375 0.8901488578125001 0.38197286406250003 0.886492915625 0.38899227187499996 0.8848843015625001 0.45275190781249997 0.8847380640625 0.46386597343749997 0.885615490625 0.47010544843749996 0.8870778671874999 0.4835593171875 0.9012629234375 0.4833643328125 0.9034019734375001 0.415890315625 0.9011187703125 0.3908144171875 0.8980799828125001 0.3843881765625
807 0.7271329734374999 0.8207545765625 0.7357361 0.8207545765625 0.7428146140624999 0.819738290625 0.7417256125 0.781119671875 0.7398742953124999 0.7705213343749999 0.74030990625 0.7618103625 0.7408544078125 0.75818079375 0.7412900015624999 0.7516475687499999 0.7348648953125 0.7478728171875 0.7300732765625 0.7468565375 0.7234303734374999 0.745404709375 0.7100356437500001 0.7475824515625 0.711451340625 0.751937934375 0.71188694375 0.8155279984374999 0.7155895531249999 0.8190123765624999 0.721034571875 0.8200286625000001 0.7271329734374999 0.8207545765625
599 0.84375 0.79453125 0.0234375 0.05546875
599 0.8671875 0.7953125 0.02421875 0.05546875
599 0.88984375 0.7953125 0.02109375 0.0578125
599 0.925 0.8015625 0.0203125 0.04140625
599 0.9096158890625 0.7795626796875 0.9009845656250001 0.777485025 0.8975080656250001 0.7794028609375 0.8987068609375 0.7864349500000001 0.900624921875 0.7907500890625 0.9014640937499999 0.8188784312499999 0.9152502421875001 0.8188784312499999 0.9138116734375 0.79362685625 0.9108146843749999 0.7889920703125 0.9096158890625 0.7795626796875
599 0.83984375 0.73203125 0.0328125 0.0640625
599 0.875 0.73828125 0.0265625 0.04921875
720 0.796875 0.78125 0.02578125 0.08515625
720 0.77265625 0.78046875 0.0234375 0.0828125
720 0.75078125 0.796875 0.0171875 0.0515625
720 0.804966978125 0.75475060625 0.803528409375 0.7697736953125001 0.8089229890625 0.8012582703125 0.808683234375 0.8217152406249999 0.8313404796875 0.8234732593749999 0.8315941203125 0.7603842625 0.820071790625 0.754430965625 0.81275915 0.752672940625 0.804966978125 0.75475060625
165 0.774659209375 0.888062365625 0.791126609375 0.985516296875 0.830889409375 0.986230246875 0.8112088234374999 0.8852065687499999 0.774659209375 0.888062365625
165 0.8101301125000001 0.8863221125 0.812138334375 0.886143628125 0.8313369406250001 0.9808310109375 0.8505623109375 0.9875242765625 0.8513655874999999 0.89881620625 0.80946070625 0.8827523718749999 0.8101301125000001 0.8863221125
165 0.89996455 0.9885951953125 0.8934043687500001 0.9064911562500001 0.8888523875000001 0.8884639578125 0.85243664375 0.900958053125 0.8584613078125001 0.9816342109375 0.8626116406250001 0.991451 0.8931366093750001 0.9918079687500001 0.89996455 0.9885951953125
165 0.89460929375 0.92344741875 0.8998306812499999 0.9869888234375 0.9059892156249999 0.9946637578124999 0.9417355531249999 0.99484224375 0.9381207593750001 0.9580739109374999 0.935844778125 0.924875321875 0.9219211171874999 0.8870360640625 0.9141559906250001 0.8939970609375001 0.8943415343750001 0.8932831109375 0.8912622578124999 0.892212190625 0.8932704796875001 0.9029214140624999 0.89460929375 0.92344741875
932 0.7491269375 0.911354925 0.755285490625 0.9791800140625 0.7902285531250001 0.9784660640625 0.77416278125 0.9035014921875 0.7515368062500001 0.9027875468750001 0.7491269375 0.911354925