647 0.4421875 0.471875 0.05703125 0.13984375
647 0.50390625 0.47734375 0.0515625 0.13125
60 0.38671875 0.49453125 0.046875 0.08671875
279 0.309375 0.41953125 0.09296875 0.10390625
667 0.621875 0.48359375 0.07265625 0.13515625
175 0.6953125 0.484375 0.071875 0.13203125
159 0.77734375 0.4859375 0.0796875 0.1296875
993 0.90078125 0.44921875 0.18046875 0.246875
497 0.38125 0.778125 0.121875 0.3046875
497 0.496875 0.7875 0.0984375 0.28671875
497 0.59296875 0.82578125 0.06953125 0.26015625
497 0.69453125 0.8203125 0.08984375 0.2453125
497 0.79921875 0.8265625 0.0859375 0.25859375
497 0.8828125 0.821875 0.0796875 0.25234375